6
0-5 o
2 S 0
2 R 30
2 R 84
2 W 165 56
2 W 13 92
2 W 17 90
2 W 141 84
2 W 0 10
2 W 243 23
2 W 196 38
2 W 12 31
2 W 123 28
2 R 176
2 R 252
2 R 17
2 W 231 17
2 C 0
5 S 1
5 R 156
5 W 17 17
5 W 114 41
5 W 28 10
5 W 5 17
5 R 3
5 R 11
5 R 5
5 R 116
5 W 27 36
5 W 16 34
5 R 220
5 R 19
5 R 211
5 W 199 96
5 R 25
5 R 15
5 W 26 94
5 W 16 20
5 C 1
0 S 2
0 R 21
0 W 195 34
0 R 50
0 W 28 44
0 W 118 84
0 R 32
0 R 2
0 R 203
0 R 18
0 W 202 19
0 W 23 71
0 R 8
0 R 8
0 R 2
0 R 209
0 R 155
0 W 28 67
0 W 4 66
0 R 248
0 C 2
1 S 3
1 R 75
1 W 7 31
1 R 241
1 R 13
1 W 19 59
1 W 131 18
1 C 3
4 S 4
4 R 84
4 R 28
4 W 26 2
4 W 225 93
4 R 21
4 R 23
4 C 4
3 S 5
3 R 82
3 W 61 71
3 W 73 80
3 W 213 15
3 W 15 64
3 W 59 32
3 R 4
3 R 3
3 R 105
3 W 193 74
3 R 157
3 C 5
5 S 6
5 R 103
5 W 148 46
5 W 177 35
5 R 17
5 W 56 10
5 R 58
5 R 81
5 W 194 36
5 W 216 16
5 R 238
5 C 6
4 S 7
4 W 158 25
4 W 4 86
4 R 15
4 R 153
4 R 1
4 R 8
4 W 102 42
4 C 7
0 S 8
0 R 19
0 W 135 23
0 W 8 97
0 W 6 98
0 W 84 94
0 W 6 27
0 R 111
0 W 12 86
0 R 27
0 W 21 52
0 R 70
0 W 171 37
0 W 24 100
0 R 172
0 W 48 15
0 R 154
0 W 206 66
0 R 243
0 W 208 78
0 W 73 86
0 C 8
2 S 9
2 W 98 13
2 R 5
2 R 10
2 R 251
2 R 93
2 R 56
2 R 109
2 W 24 41
2 R 23
2 R 31
2 R 113
2 R 138
2 W 67 35
2 W 110 64
2 R 211
2 W 190 41
2 C 9
3 S 10
3 R 21
3 W 101 23
3 W 22 77
3 R 252
3 R 102
3 R 244
3 R 30
3 C 10
1 S 11
1 W 10 14
1 W 30 12
1 R 203
1 R 190
1 W 201 6
1 R 179
1 R 94
1 R 14
1 R 44
1 W 135 73
1 R 44
1 R 10
1 W 251 15
1 R 21
1 R 2
1 W 2 86
1 R 206
1 W 138 85
1 R 80
1 R 27
1 C 11
5 S 12
5 W 4 98
5 R 44
5 R 26
5 R 98
5 W 8 57
5 W 8 58
5 C 12
2 S 13
2 R 6
2 W 1 85
2 W 105 34
2 R 37
2 W 128 81
2 R 249
2 R 2
2 W 160 61
2 R 93
2 R 4
2 W 88 68
2 W 169 39
2 R 231
2 W 100 7
2 R 80
2 R 65
2 R 6
2 W 77 100
2 R 25
2 R 9
2 C 13
3 S 14
3 R 21
3 W 255 12
3 R 31
3 W 127 41
3 R 73
3 R 240
3 W 31 54
3 R 44
3 W 198 68
3 W 4 25
3 R 221
3 W 0 13
3 W 17 92
3 C 14
1 S 15
1 R 120
1 R 27
1 W 28 91
1 R 13
1 R 29
1 R 29
1 W 6 60
1 W 31 84
1 W 65 100
1 R 174
1 R 110
1 C 15
4 S 16
4 W 20 29
4 W 4 8
4 W 112 7
4 R 9
4 R 100
4 R 1
4 C 16
0 S 17
0 W 32 93
0 R 9
0 W 30 6
0 W 37 68
0 W 250 20
0 R 23
0 W 30 72
0 R 218
0 W 158 27
0 W 239 11
0 R 137
0 R 253
0 W 181 80
0 W 2 26
0 R 65
0 R 201
0 C 17
4 S 18
4 W 176 93
4 W 152 14
4 R 115
4 W 252 5
4 W 118 15
4 W 102 32
4 W 25 23
4 C 18
0 S 19
0 R 193
0 R 11
0 R 58
0 W 18 42
0 R 225
0 R 29
0 C 19
3 S 20
3 W 158 77
3 W 14 73
3 W 213 95
3 W 229 69
3 R 4
3 W 231 23
3 R 192
3 R 24
3 W 23 4
3 W 22 33
3 R 104
3 R 149
3 W 22 41
3 R 23
3 R 23
3 R 73
3 C 20
2 S 21
2 R 123
2 R 46
2 R 162
2 R 241
2 W 17 69
2 R 233
2 R 16
2 R 161
2 R 113
2 W 115 78
2 C 21
5 S 22
5 W 230 81
5 W 236 18
5 R 169
5 W 174 8
5 R 91
5 R 179
5 W 9 89
5 R 216
5 C 22
1 S 23
1 R 200
1 R 245
1 R 30
1 W 6 78
1 R 205
1 W 28 5
1 W 10 41
1 W 82 100
1 W 250 55
1 W 12 34
1 W 93 59
1 W 0 42
1 W 41 59
1 C 23
4 S 24
4 R 166
4 W 0 86
4 W 233 79
4 R 0
4 W 18 11
4 R 242
4 R 31
4 W 90 91
4 R 23
4 R 194
4 W 22 0
4 R 228
4 W 131 17
4 C 24
3 S 25
3 W 24 2
3 W 8 13
3 W 145 17
3 R 150
3 R 156
3 W 91 33
3 W 13 78
3 R 16
3 R 205
3 W 213 38
3 W 231 21
3 R 175
3 C 25
0 S 26
0 R 30
0 R 7
0 W 31 81
0 W 5 98
0 R 7
0 R 89
0 W 99 29
0 C 26
1 S 27
1 R 16
1 R 83
1 R 20
1 W 175 1
1 W 142 70
1 W 14 0
1 C 27
5 S 28
5 R 31
5 R 182
5 W 17 9
5 R 216
5 R 26
5 R 59
5 W 233 45
5 R 90
5 W 210 68
5 R 0
5 W 90 6
5 W 85 83
5 C 28
2 S 29
2 R 15
2 R 12
2 R 251
2 W 48 58
2 R 41
2 R 16
2 R 22
2 R 156
2 R 120
2 C 29
5 S 30
5 W 4 30
5 R 23
5 R 28
5 R 255
5 W 176 21
5 R 9
5 R 22
5 W 7 43
5 R 157
5 R 23
5 W 17 45
5 R 165
5 R 224
5 C 30
3 S 31
3 W 98 60
3 W 16 44
3 R 30
3 W 2 8
3 W 0 20
3 W 34 99
3 R 18
3 C 31
4 S 32
4 W 255 50
4 W 240 72
4 R 4
4 W 220 50
4 R 86
4 W 73 20
4 W 61 98
4 W 204 69
4 W 26 25
4 W 50 78
4 R 15
4 R 7
4 W 231 78
4 W 75 3
4 R 8
4 R 7
4 R 94
4 R 20
4 C 32
1 S 33
1 R 21
1 W 108 87
1 W 24 12
1 R 110
1 W 129 61
1 W 138 36
1 W 64 75
1 W 23 92
1 W 29 15
1 W 2 86
1 R 12
1 W 74 89
1 R 125
1 R 42
1 W 8 5
1 W 91 74
1 W 27 73
1 C 33
2 S 34
2 W 217 8
2 W 31 53
2 R 22
2 R 65
2 W 117 99
2 R 201
2 R 63
2 R 110
2 R 0
2 W 240 88
2 W 25 12
2 R 15
2 R 14
2 R 171
2 R 29
2 C 34
0 S 35
0 R 15
0 W 151 70
0 W 8 40
0 W 189 44
0 R 21
0 R 185
0 W 121 76
0 R 253
0 W 154 3
0 R 0
0 R 135
0 W 16 91
0 R 11
0 C 35
5 S 36
5 R 8
5 W 125 93
5 W 34 35
5 W 191 9
5 W 104 45
5 W 4 87
5 R 28
5 W 203 14
5 R 21
5 W 30 79
5 W 44 33
5 W 220 88
5 R 22
5 R 0
5 W 0 32
5 W 30 65
5 R 185
5 W 1 7
5 C 36
4 S 37
4 W 46 83
4 R 213
4 W 243 9
4 R 5
4 R 1
4 W 31 10
4 C 37
0 S 38
0 R 173
0 W 4 91
0 R 160
0 W 26 69
0 W 201 40
0 R 12
0 W 96 30
0 W 151 90
0 W 148 68
0 W 30 24
0 R 18
0 W 112 33
0 C 38
2 S 39
2 R 28
2 R 242
2 R 26
2 W 61 93
2 W 8 70
2 W 29 54
2 W 104 23
2 R 30
2 R 10
2 R 6
2 R 78
2 R 17
2 R 54
2 W 8 29
2 W 18 89
2 R 113
2 W 14 93
2 W 71 48
2 C 39
1 S 40
1 R 121
1 R 172
1 R 0
1 W 76 4
1 R 199
1 W 8 50
1 R 236
1 R 26
1 R 13
1 R 6
1 R 201
1 R 50
1 W 73 56
1 R 26
1 R 115
1 W 134 32
1 R 26
1 W 84 20
1 R 30
1 R 142
1 C 40
3 S 41
3 W 25 9
3 W 1 46
3 W 12 55
3 W 25 81
3 W 11 95
3 R 12
3 R 72
3 W 16 29
3 W 132 11
3 R 157
3 W 14 40
3 W 61 31
3 R 28
3 W 81 86
3 W 55 91
3 R 78
3 R 29
3 W 117 71
3 R 199
3 C 41
3 S 42
3 W 11 6
3 W 31 67
3 W 27 60
3 W 203 41
3 W 5 9
3 R 184
3 R 169
3 W 66 19
3 R 157
3 W 11 84
3 R 14
3 W 12 62
3 R 30
3 R 65
3 W 90 63
3 W 0 23
3 R 95
3 C 42
1 S 43
1 R 8
1 W 165 63
1 W 88 77
1 W 164 79
1 W 66 71
1 R 133
1 W 172 100
1 W 130 87
1 W 219 3
1 R 161
1 W 199 83
1 R 15
1 R 108
1 W 10 36
1 W 8 1
1 C 43
4 S 44
4 W 189 46
4 R 192
4 R 42
4 R 29
4 R 215
4 W 72 27
4 R 249
4 W 0 44
4 W 218 28
4 R 4
4 W 22 3
4 W 226 58
4 W 44 19
4 R 29
4 R 30
4 R 31
4 R 13
4 C 44
0 S 45
0 R 20
0 R 13
0 R 5
0 R 221
0 W 224 31
0 W 16 22
0 R 19
0 R 11
0 R 28
0 R 127
0 R 85
0 R 173
0 W 254 53
0 R 215
0 W 7 73
0 R 137
0 R 137
0 R 80
0 W 28 35
0 R 219
0 C 45
2 S 46
2 R 139
2 W 19 54
2 W 254 48
2 R 168
2 R 182
2 R 43
2 C 46
5 S 47
5 R 245
5 R 88
5 W 83 39
5 W 126 70
5 R 110
5 W 154 96
5 W 2 93
5 C 47
3 S 48
3 R 30
3 W 7 79
3 R 235
3 R 2
3 W 252 93
3 W 204 33
3 R 152
3 R 50
3 R 8
3 W 235 69
3 W 3 50
3 C 48
2 S 49
2 R 165
2 R 31
2 W 222 98
2 W 185 51
2 W 93 68
2 R 94
2 W 7 31
2 W 191 78
2 R 150
2 R 91
2 R 20
2 W 30 38
2 R 59
2 R 8
2 R 87
2 W 15 8
2 R 31
2 R 31
2 R 192
2 C 49
5 S 50
5 W 149 1
5 R 4
5 W 35 64
5 W 87 100
5 R 108
5 W 7 82
5 W 92 4
5 R 238
5 R 191
5 R 250
5 W 104 99
5 R 13
5 W 18 0
5 W 113 41
5 W 27 100
5 R 241
5 R 28
5 C 50
0 S 51
0 W 3 38
0 W 104 35
0 W 77 0
0 W 15 17
0 R 29
0 W 23 49
0 W 231 98
0 W 27 42
0 W 238 21
0 C 51
1 S 52
1 W 23 19
1 R 23
1 W 71 86
1 W 183 46
1 R 78
1 R 25
1 R 228
1 W 3 53
1 W 194 35
1 R 41
1 W 45 69
1 R 102
1 W 29 98
1 R 125
1 W 15 34
1 R 20
1 R 138
1 C 52
4 S 53
4 R 42
4 R 49
4 R 8
4 R 6
4 R 195
4 R 211
4 R 15
4 R 16
4 R 112
4 R 4
4 W 139 28
4 W 121 83
4 R 88
4 W 22 14
4 C 53
5 S 54
5 W 202 8
5 W 20 47
5 R 110
5 W 35 3
5 R 100
5 R 162
5 R 23
5 R 232
5 W 152 63
5 R 173
5 R 3
5 W 96 40
5 W 185 39
5 W 61 65
5 R 250
5 W 102 59
5 R 55
5 W 78 69
5 R 225
5 C 54
3 S 55
3 R 67
3 W 218 32
3 R 202
3 W 4 1
3 R 26
3 W 161 44
3 R 140
3 W 52 12
3 R 16
3 W 192 81
3 W 76 50
3 C 55
1 S 56
1 R 251
1 R 132
1 W 92 79
1 R 12
1 W 35 77
1 R 70
1 R 249
1 W 30 68
1 R 213
1 R 193
1 R 28
1 C 56
0 S 57
0 W 30 66
0 R 28
0 W 20 92
0 R 230
0 R 21
0 W 147 77
0 R 97
0 W 20 80
0 R 24
0 W 43 86
0 W 241 8
0 R 29
0 W 241 62
0 W 147 28
0 W 137 21
0 W 14 96
0 W 111 93
0 C 57
2 S 58
2 R 24
2 W 170 0
2 W 100 38
2 R 10
2 W 27 25
2 W 112 21
2 W 14 1
2 W 9 25
2 R 216
2 R 129
2 R 20
2 R 11
2 W 248 23
2 R 126
2 W 95 71
2 W 173 59
2 C 58
4 S 59
4 R 207
4 R 19
4 R 241
4 W 206 5
4 W 140 65
4 W 185 59
4 R 117
4 W 156 24
4 W 116 38
4 W 5 41
4 C 59
1 S 60
1 W 193 47
1 W 2 88
1 W 128 35
1 R 234
1 R 6
1 W 23 93
1 R 211
1 W 83 81
1 R 175
1 W 11 74
1 R 18
1 C 60
0 S 61
0 W 9 83
0 W 4 48
0 W 251 87
0 R 20
0 W 87 15
0 R 188
0 R 14
0 R 9
0 W 189 49
0 W 240 49
0 R 31
0 W 203 60
0 R 164
0 W 17 85
0 R 1
0 W 154 51
0 R 26
0 W 67 2
0 W 52 91
0 C 61
5 S 62
5 W 59 13
5 R 63
5 W 17 34
5 W 22 57
5 R 25
5 R 234
5 W 246 40
5 W 163 81
5 R 19
5 C 62
4 S 63
4 R 20
4 R 142
4 R 175
4 R 205
4 R 214
4 W 76 28
4 W 169 68
4 W 11 6
4 W 187 33
4 R 5
4 W 209 32
4 R 22
4 R 119
4 R 253
4 W 26 57
4 C 63
3 S 64
3 R 228
3 W 212 26
3 W 236 91
3 R 173
3 W 0 9
3 R 31
3 R 25
3 R 97
3 W 156 64
3 W 252 22
3 R 116
3 W 200 24
3 W 26 12
3 R 44
3 W 104 0
3 R 23
3 R 21
3 R 81
3 W 46 68
3 W 16 19
3 C 64
2 S 65
2 R 216
2 W 21 98
2 W 186 63
2 W 199 0
2 W 0 80
2 R 18
2 W 160 2
2 R 199
2 R 29
2 R 15
2 R 29
2 R 104
2 C 65
4 S 66
4 R 62
4 R 59
4 R 31
4 W 23 32
4 R 6
4 W 5 1
4 C 66
1 S 67
1 W 239 44
1 R 14
1 R 22
1 W 22 14
1 R 213
1 R 73
1 R 156
1 R 32
1 W 185 90
1 W 3 98
1 W 61 74
1 W 75 49
1 W 24 7
1 C 67
2 S 68
2 R 238
2 W 87 59
2 W 59 34
2 W 147 8
2 W 224 40
2 R 66
2 R 90
2 R 11
2 R 27
2 W 67 84
2 W 112 25
2 R 234
2 R 19
2 W 27 23
2 R 219
2 W 3 29
2 R 23
2 W 37 6
2 C 68
0 S 69
0 R 103
0 R 31
0 W 6 14
0 R 211
0 W 82 63
0 W 106 75
0 W 24 77
0 W 147 55
0 W 198 69
0 R 66
0 W 170 95
0 R 206
0 R 6
0 R 221
0 W 94 97
0 C 69
5 S 70
5 R 76
5 R 166
5 W 253 22
5 W 1 7
5 R 230
5 R 18
5 W 234 62
5 R 31
5 W 105 26
5 W 220 61
5 W 0 9
5 W 16 39
5 W 117 14
5 W 146 20
5 W 3 90
5 R 0
5 C 70
3 S 71
3 W 166 78
3 R 250
3 R 210
3 W 20 68
3 R 15
3 R 1
3 R 171
3 W 18 74
3 C 71
1 S 72
1 R 226
1 R 77
1 W 17 92
1 R 16
1 W 87 95
1 W 244 23
1 W 18 30
1 W 7 89
1 W 232 33
1 R 24
1 R 11
1 R 230
1 W 78 23
1 W 29 39
1 C 72
0 S 73
0 W 24 87
0 W 23 94
0 R 164
0 R 108
0 R 137
0 R 40
0 R 199
0 R 19
0 R 141
0 R 12
0 W 20 23
0 R 7
0 R 12
0 W 6 62
0 C 73
5 S 74
5 W 5 52
5 R 138
5 R 54
5 R 9
5 W 171 34
5 R 55
5 W 65 80
5 R 51
5 W 154 58
5 W 202 97
5 W 9 48
5 R 15
5 W 29 38
5 R 107
5 W 71 36
5 W 60 32
5 R 31
5 W 117 15
5 R 154
5 W 17 61
5 C 74
2 S 75
2 R 11
2 W 38 71
2 R 142
2 W 23 79
2 W 71 66
2 R 0
2 R 4
2 W 42 11
2 R 11
2 W 47 92
2 W 27 50
2 W 58 38
2 W 102 12
2 W 67 38
2 R 174
2 R 16
2 C 75
3 S 76
3 R 32
3 W 18 77
3 W 251 97
3 R 22
3 R 0
3 W 51 34
3 W 31 8
3 R 58
3 W 26 0
3 W 27 3
3 W 188 17
3 W 82 30
3 C 76
4 S 77
4 R 37
4 W 19 20
4 W 222 3
4 W 48 16
4 W 123 92
4 R 67
4 W 94 70
4 R 153
4 R 10
4 R 175
4 W 52 62
4 R 31
4 R 12
4 R 156
4 C 77
2 S 78
2 R 139
2 R 22
2 W 140 77
2 R 97
2 W 17 58
2 R 30
2 R 131
2 R 150
2 W 24 91
2 W 238 78
2 W 136 34
2 W 240 53
2 R 6
2 C 78
1 S 79
1 R 233
1 R 15
1 R 252
1 W 6 49
1 R 101
1 W 6 44
1 R 11
1 R 28
1 W 11 41
1 W 152 36
1 W 0 26
1 W 31 37
1 W 191 56
1 W 30 1
1 R 26
1 W 172 28
1 R 0
1 R 64
1 C 79
3 S 80
3 R 119
3 R 42
3 R 148
3 R 204
3 W 174 73
3 W 31 81
3 R 157
3 C 80
5 S 81
5 R 20
5 R 11
5 W 10 70
5 R 159
5 R 24
5 W 16 84
5 W 173 6
5 R 6
5 W 135 93
5 C 81
4 S 82
4 W 217 83
4 W 17 88
4 W 0 51
4 R 17
4 R 174
4 W 151 23
4 R 18
4 R 20
4 R 30
4 W 70 43
4 W 77 11
4 R 18
4 R 5
4 R 165
4 W 160 27
4 W 125 67
4 C 82
0 S 83
0 W 170 94
0 W 30 91
0 W 97 31
0 W 9 27
0 R 70
0 W 137 18
0 R 190
0 W 187 64
0 W 136 80
0 R 184
0 C 83
4 S 84
4 R 183
4 W 27 80
4 R 8
4 R 132
4 W 218 10
4 R 153
4 R 210
4 R 65
4 R 11
4 W 107 60
4 C 84
2 S 85
2 R 16
2 W 5 96
2 R 27
2 R 26
2 W 9 19
2 W 13 40
2 R 42
2 W 78 35
2 W 17 24
2 W 2 33
2 R 21
2 W 59 55
2 R 62
2 R 186
2 W 107 18
2 R 21
2 R 26
2 R 182
2 W 168 8
2 R 188
2 C 85
1 S 86
1 W 23 93
1 R 17
1 R 29
1 R 90
1 W 24 85
1 R 20
1 W 9 73
1 W 147 79
1 W 15 11
1 W 12 2
1 R 183
1 R 44
1 R 172
1 W 176 0
1 R 30
1 W 38 96
1 W 22 17
1 R 17
1 R 89
1 R 26
1 C 86
3 S 87
3 R 69
3 R 2
3 W 205 27
3 R 14
3 W 11 100
3 W 211 78
3 R 7
3 W 183 89
3 W 30 82
3 R 165
3 R 22
3 W 27 63
3 W 104 65
3 R 13
3 R 17
3 W 17 94
3 W 197 54
3 W 6 94
3 R 62
3 C 87
0 S 88
0 W 65 64
0 W 16 12
0 W 24 46
0 W 22 40
0 R 23
0 W 25 12
0 R 17
0 R 248
0 C 88
5 S 89
5 R 65
5 R 242
5 R 12
5 R 3
5 W 31 95
5 W 131 85
5 W 7 54
5 C 89
4 S 90
4 R 30
4 W 230 32
4 W 241 73
4 R 5
4 R 27
4 R 4
4 C 90
1 S 91
1 W 231 17
1 W 27 13
1 W 1 85
1 R 42
1 W 159 63
1 W 43 72
1 C 91
5 S 92
5 W 214 55
5 R 16
5 W 28 62
5 W 23 22
5 W 27 8
5 R 221
5 W 77 40
5 R 43
5 R 5
5 R 17
5 W 206 10
5 R 247
5 W 35 32
5 R 223
5 W 225 51
5 W 29 90
5 C 92
2 S 93
2 R 121
2 W 92 85
2 W 3 42
2 R 17
2 R 111
2 R 210
2 C 93
3 S 94
3 R 13
3 W 43 0
3 W 226 76
3 W 255 85
3 R 128
3 R 9
3 R 135
3 W 7 59
3 R 0
3 R 103
3 R 31
3 W 177 21
3 R 188
3 W 12 92
3 W 220 38
3 C 94
0 S 95
0 W 150 36
0 R 54
0 W 102 82
0 R 27
0 W 13 14
0 R 13
0 W 164 72
0 W 232 90
0 C 95
5 S 96
5 R 87
5 R 197
5 R 2
5 R 252
5 R 5
5 R 208
5 W 227 69
5 W 227 59
5 W 117 58
5 R 85
5 R 187
5 R 6
5 W 23 54
5 R 225
5 R 11
5 W 30 80
5 C 96
4 S 97
4 W 226 82
4 R 247
4 W 135 1
4 R 31
4 W 199 9
4 W 224 85
4 R 142
4 W 202 40
4 R 148
4 R 23
4 R 29
4 W 1 33
4 W 5 19
4 R 120
4 R 55
4 W 4 47
4 W 147 91
4 R 240
4 R 20
4 C 97
1 S 98
1 R 84
1 W 4 55
1 W 10 21
1 R 6
1 W 183 32
1 W 1 94
1 W 82 47
1 W 144 72
1 R 93
1 R 26
1 W 3 56
1 W 2 94
1 R 89
1 W 117 6
1 R 5
1 R 121
1 W 247 41
1 C 98
0 S 99
0 R 43
0 W 117 11
0 W 211 31
0 W 65 72
0 R 123
0 R 121
0 R 47
0 R 8
0 R 72
0 W 174 78
0 R 11
0 C 99
2 S 100
2 W 2 45
2 R 65
2 R 30
2 R 14
2 W 9 66
2 W 10 35
2 R 100
2 R 7
2 R 1
2 W 9 66
2 W 7 23
2 W 255 3
2 R 79
2 W 145 18
2 W 207 96
2 R 69
2 R 9
2 R 29
2 R 65
2 R 13
2 C 100
3 S 101
3 W 18 69
3 R 3
3 R 184
3 W 11 36
3 W 8 22
3 W 207 86
3 R 17
3 R 141
3 C 101
5 S 102
5 R 3
5 R 60
5 W 21 83
5 W 46 34
5 W 168 5
5 R 46
5 C 102
0 S 103
0 R 154
0 W 177 49
0 W 22 51
0 W 162 43
0 W 31 13
0 R 228
0 W 205 6
0 R 57
0 R 21
0 R 53
0 R 247
0 W 118 30
0 W 4 24
0 W 26 62
0 R 12
0 R 134
0 R 16
0 R 253
0 R 96
0 C 103
3 S 104
3 R 24
3 R 6
3 W 26 34
3 W 8 98
3 W 19 62
3 R 162
3 W 42 66
3 W 243 48
3 W 202 57
3 R 63
3 W 14 100
3 W 18 20
3 C 104
2 S 105
2 W 188 21
2 W 12 47
2 R 129
2 W 98 2
2 R 90
2 W 20 31
2 W 23 68
2 R 9
2 W 45 99
2 C 105
4 S 106
4 W 2 41
4 R 8
4 W 168 53
4 W 47 62
4 W 173 31
4 W 24 53
4 R 25
4 W 114 22
4 W 140 83
4 R 9
4 W 19 74
4 W 237 10
4 R 31
4 W 91 44
4 W 95 8
4 R 209
4 R 1
4 W 28 15
4 R 147
4 W 160 99
4 C 106
1 S 107
1 W 66 10
1 R 165
1 W 5 58
1 W 35 10
1 W 16 58
1 R 24
1 W 245 75
1 R 20
1 W 139 98
1 R 150
1 W 18 50
1 W 105 92
1 R 123
1 W 1 29
1 C 107
2 S 108
2 R 149
2 W 31 9
2 R 196
2 R 212
2 R 241
2 W 7 7
2 W 234 62
2 R 14
2 W 30 3
2 R 21
2 R 153
2 C 108
5 S 109
5 R 196
5 R 214
5 W 16 36
5 R 5
5 R 16
5 R 62
5 R 23
5 R 23
5 W 175 61
5 C 109
4 S 110
4 R 1
4 W 38 49
4 R 230
4 W 126 7
4 R 149
4 W 1 87
4 R 3
4 W 20 40
4 R 119
4 W 18 75
4 W 113 45
4 R 136
4 W 0 89
4 W 98 56
4 R 150
4 R 26
4 W 30 15
4 R 167
4 C 110
1 S 111
1 W 252 45
1 R 23
1 R 175
1 R 71
1 R 11
1 W 251 33
1 C 111
3 S 112
3 R 6
3 W 41 85
3 R 7
3 R 196
3 W 15 10
3 R 190
3 W 16 93
3 W 34 58
3 W 177 26
3 W 54 15
3 R 197
3 R 47
3 R 77
3 R 11
3 R 243
3 R 63
3 R 14
3 W 53 30
3 C 112
0 S 113
0 W 16 56
0 W 30 24
0 W 16 24
0 R 150
0 R 147
0 W 12 92
0 R 213
0 R 242
0 C 113
1 S 114
1 R 62
1 R 8
1 R 166
1 W 11 58
1 W 94 25
1 R 154
1 W 38 67
1 R 11
1 R 142
1 R 6
1 W 0 13
1 R 4
1 R 23
1 W 229 52
1 R 7
1 W 13 52
1 W 232 22
1 C 114
4 S 115
4 W 54 64
4 W 27 84
4 W 0 77
4 W 16 7
4 R 9
4 W 170 71
4 R 253
4 W 213 87
4 R 135
4 C 115
0 S 116
0 W 6 15
0 W 219 65
0 W 152 11
0 R 18
0 W 29 1
0 R 243
0 W 32 99
0 W 253 60
0 R 107
0 R 175
0 C 116
2 S 117
2 R 249
2 R 12
2 W 29 95
2 W 8 93
2 W 7 11
2 R 204
2 R 49
2 W 8 15
2 C 117
5 S 118
5 R 19
5 R 152
5 R 12
5 W 20 5
5 R 236
5 R 111
5 R 45
5 R 195
5 R 26
5 R 24
5 W 124 85
5 R 181
5 W 242 43
5 W 130 31
5 W 10 34
5 R 251
5 W 2 97
5 R 162
5 C 118
3 S 119
3 R 20
3 W 0 52
3 W 94 72
3 W 22 98
3 R 18
3 W 9 49
3 W 28 93
3 R 99
3 W 6 61
3 W 24 11
3 W 221 14
3 R 187
3 C 119
1 S 120
1 W 188 25
1 R 37
1 R 118
1 W 229 41
1 W 75 19
1 R 31
1 R 237
1 W 21 14
1 W 198 63
1 W 6 0
1 C 120
5 S 121
5 W 213 43
5 W 7 53
5 R 23
5 W 21 29
5 R 179
5 R 18
5 W 14 32
5 R 26
5 R 53
5 R 2
5 W 5 7
5 W 87 42
5 R 169
5 W 1 43
5 W 193 21
5 R 232
5 R 14
5 C 121
3 S 122
3 R 173
3 R 53
3 W 17 0
3 R 49
3 W 137 73
3 W 164 44
3 R 214
3 R 218
3 C 122
0 S 123
0 W 8 13
0 R 229
0 W 161 66
0 W 221 60
0 W 18 33
0 R 173
0 R 8
0 W 222 49
0 W 214 85
0 R 1
0 R 87
0 W 16 66
0 R 19
0 R 98
0 W 28 53
0 R 206
0 W 28 3
0 C 123
2 S 124
2 R 21
2 W 7 67
2 W 11 69
2 W 253 76
2 W 206 46
2 W 140 7
2 W 28 98
2 W 12 83
2 R 5
2 W 59 87
2 R 166
2 W 198 19
2 W 20 81
2 R 19
2 C 124
4 S 125
4 R 14
4 R 175
4 W 172 97
4 R 72
4 W 22 1
4 W 154 42
4 R 21
4 W 130 4
4 W 19 100
4 C 125
5 S 126
5 W 185 70
5 R 55
5 W 24 93
5 W 20 65
5 R 87
5 R 70
5 W 151 43
5 R 127
5 W 7 60
5 R 5
5 R 33
5 R 123
5 W 9 91
5 W 19 41
5 R 119
5 W 193 17
5 W 2 71
5 W 163 29
5 R 3
5 R 30
5 C 126
1 S 127
1 W 149 65
1 R 5
1 W 51 29
1 R 160
1 W 29 63
1 W 1 96
1 R 252
1 W 232 85
1 W 30 0
1 R 153
1 R 25
1 W 2 27
1 W 12 79
1 W 1 29
1 C 127
0 S 128
0 R 12
0 R 151
0 W 44 87
0 W 68 19
0 W 216 88
0 R 226
0 R 61
0 W 24 81
0 R 105
0 R 180
0 R 60
0 W 20 68
0 R 31
0 R 12
0 W 31 77
0 W 178 33
0 R 137
0 C 128
2 S 129
2 W 13 30
2 W 60 98
2 R 31
2 W 89 72
2 R 205
2 W 226 18
2 R 182
2 R 50
2 R 8
2 R 48
2 R 213
2 C 129
3 S 130
3 R 124
3 W 187 4
3 R 204
3 W 15 20
3 R 117
3 R 5
3 R 66
3 C 130
4 S 131
4 R 42
4 W 71 36
4 R 242
4 R 11
4 R 25
4 W 9 5
4 R 19
4 R 245
4 W 53 58
4 R 91
4 R 12
4 W 174 52
4 R 171
4 C 131
0 S 132
0 R 9
0 W 16 49
0 R 75
0 W 8 4
0 W 100 87
0 R 96
0 W 20 89
0 R 13
0 R 247
0 W 26 93
0 R 13
0 R 173
0 R 155
0 W 132 3
0 W 217 70
0 C 132
3 S 133
3 R 19
3 R 128
3 W 200 100
3 W 0 74
3 R 149
3 R 133
3 R 19
3 R 87
3 R 29
3 W 101 100
3 C 133
5 S 134
5 W 19 71
5 R 29
5 W 76 33
5 R 212
5 W 23 82
5 R 39
5 W 62 75
5 C 134
4 S 135
4 R 17
4 R 6
4 W 14 77
4 W 94 1
4 W 214 14
4 R 101
4 W 217 71
4 R 14
4 W 99 43
4 W 9 11
4 W 4 18
4 R 12
4 R 218
4 W 104 22
4 W 143 34
4 W 110 0
4 C 135
1 S 136
1 R 173
1 R 178
1 R 89
1 R 63
1 W 187 75
1 R 18
1 W 1 33
1 R 2
1 W 95 98
1 R 0
1 W 27 18
1 R 72
1 R 85
1 W 151 10
1 R 62
1 R 7
1 R 130
1 C 136
2 S 137
2 R 134
2 W 187 78
2 W 227 81
2 R 117
2 R 129
2 W 236 16
2 R 31
2 W 27 49
2 R 29
2 R 244
2 W 0 73
2 R 23
2 W 174 91
2 R 206
2 W 166 92
2 W 4 96
2 R 4
2 R 201
2 W 188 73
2 C 137
2 S 138
2 W 62 12
2 W 10 17
2 W 157 97
2 W 22 33
2 W 75 80
2 R 16
2 R 28
2 C 138
5 S 139
5 R 19
5 W 22 72
5 R 145
5 R 131
5 R 28
5 W 37 28
5 R 14
5 W 46 69
5 R 236
5 W 11 48
5 R 145
5 R 33
5 W 123 6
5 W 11 0
5 W 3 24
5 C 139
4 S 140
4 W 5 27
4 W 14 54
4 R 60
4 W 6 13
4 R 9
4 R 212
4 R 191
4 R 6
4 W 109 71
4 R 93
4 R 232
4 W 25 54
4 W 37 1
4 R 36
4 W 22 59
4 W 55 38
4 R 23
4 R 13
4 C 140
0 S 141
0 W 130 24
0 W 55 96
0 R 2
0 W 0 97
0 R 209
0 W 68 65
0 R 18
0 C 141
3 S 142
3 R 17
3 R 19
3 W 62 81
3 W 19 22
3 W 190 41
3 R 27
3 R 126
3 R 6
3 R 191
3 W 178 59
3 W 12 90
3 R 3
3 W 127 37
3 R 9
3 C 142
1 S 143
1 W 24 41
1 W 4 66
1 R 175
1 R 159
1 W 148 98
1 W 7 10
1 R 93
1 W 9 59
1 W 153 92
1 R 213
1 W 147 58
1 R 62
1 C 143
0 S 144
0 W 190 12
0 R 9
0 R 120
0 R 48
0 R 16
0 W 10 9
0 R 2
0 W 8 75
0 R 3
0 R 3
0 R 9
0 R 214
0 W 9 23
0 W 148 60
0 R 195
0 W 31 6
0 W 146 17
0 R 124
0 C 144
3 S 145
3 R 157
3 W 26 10
3 W 68 46
3 W 3 21
3 R 31
3 W 25 95
3 W 11 66
3 R 210
3 R 84
3 W 186 74
3 W 13 23
3 R 17
3 W 145 1
3 R 16
3 R 2
3 W 20 76
3 R 85
3 R 156
3 W 27 54
3 C 145
1 S 146
1 W 3 43
1 W 125 33
1 R 174
1 W 192 13
1 W 26 36
1 W 46 27
1 R 147
1 R 13
1 R 161
1 R 102
1 W 5 13
1 W 3 88
1 W 14 55
1 W 50 73
1 W 201 84
1 W 28 85
1 R 213
1 W 153 71
1 W 191 30
1 R 108
1 C 146
2 S 147
2 R 21
2 W 142 83
2 W 168 33
2 W 90 70
2 W 108 51
2 W 31 90
2 R 136
2 W 63 97
2 W 38 52
2 W 7 17
2 W 113 70
2 W 119 68
2 R 109
2 R 128
2 R 234
2 W 214 39
2 R 9
2 W 176 39
2 C 147
5 S 148
5 R 11
5 W 29 16
5 R 30
5 R 136
5 R 218
5 W 244 59
5 W 20 53
5 R 241
5 W 228 60
5 C 148
4 S 149
4 R 131
4 W 87 97
4 W 35 18
4 R 31
4 R 25
4 W 183 98
4 C 149
1 S 150
1 R 159
1 W 71 77
1 W 202 51
1 R 173
1 W 236 15
1 R 145
1 R 23
1 W 14 39
1 R 114
1 W 153 48
1 R 116
1 W 150 34
1 R 25
1 C 150
5 S 151
5 R 76
5 R 218
5 R 25
5 R 8
5 R 61
5 R 4
5 R 181
5 W 246 10
5 R 14
5 W 159 45
5 W 12 98
5 R 182
5 W 9 69
5 R 202
5 R 33
5 R 240
5 W 5 10
5 W 88 1
5 W 88 62
5 R 99
5 C 151
2 S 152
2 W 217 32
2 R 2
2 R 19
2 R 6
2 R 28
2 W 11 75
2 W 117 55
2 C 152
4 S 153
4 W 50 76
4 R 115
4 R 8
4 W 20 100
4 W 240 63
4 R 13
4 R 2
4 R 42
4 R 13
4 R 25
4 R 85
4 R 8
4 W 11 41
4 W 217 47
4 W 124 69
4 R 132
4 W 24 40
4 C 153
0 S 154
0 W 7 14
0 R 174
0 R 26
0 W 41 63
0 R 40
0 W 20 84
0 W 29 99
0 W 154 37
0 W 62 87
0 W 131 22
0 W 0 23
0 R 26
0 R 44
0 C 154
3 S 155
3 R 247
3 W 234 9
3 R 144
3 W 79 54
3 W 24 14
3 W 250 63
3 W 232 25
3 W 12 77
3 W 19 39
3 R 25
3 R 8
3 W 183 84
3 W 245 51
3 W 10 67
3 R 13
3 R 185
3 R 166
3 W 80 30
3 R 225
3 R 55
3 C 155
3 S 156
3 W 235 4
3 R 230
3 R 185
3 W 135 18
3 R 218
3 W 79 86
3 W 162 94
3 R 20
3 W 30 1
3 C 156
5 S 157
5 W 5 43
5 R 150
5 R 15
5 R 216
5 W 12 10
5 R 15
5 W 13 61
5 R 43
5 W 154 83
5 R 25
5 W 31 95
5 R 149
5 W 129 18
5 R 159
5 W 41 68
5 R 128
5 W 159 86
5 W 142 79
5 R 9
5 W 159 2
5 C 157
1 S 158
1 R 69
1 R 35
1 R 153
1 R 187
1 R 140
1 W 135 88
1 R 200
1 R 23
1 W 20 63
1 W 24 51
1 W 29 83
1 R 144
1 C 158
0 S 159
0 W 78 92
0 R 20
0 W 13 97
0 R 113
0 W 196 65
0 W 108 54
0 R 72
0 R 93
0 R 12
0 R 113
0 W 76 82
0 W 55 65
0 R 15
0 R 102
0 W 28 40
0 R 169
0 W 220 4
0 W 54 49
0 C 159
4 S 160
4 W 28 33
4 W 73 68
4 W 28 95
4 W 25 5
4 W 17 84
4 R 161
4 R 12
4 W 206 27
4 W 159 82
4 R 75
4 R 115
4 W 229 94
4 W 248 11
4 R 247
4 C 160
2 S 161
2 W 161 79
2 R 207
2 W 27 32
2 W 5 47
2 W 175 85
2 R 7
2 R 5
2 R 28
2 W 96 64
2 R 212
2 C 161
