1
0-0 o
0 S 0
0 R 8
0 W 139 7
0 R 28
0 C 0
0 S 1
0 W 127 70
0 W 177 10
0 W 24 28
0 R 105
0 W 10 81
0 C 1
0 S 2
0 W 172 9
0 R 4
0 R 160
0 R 221
0 R 95
0 W 56 62
0 W 188 48
0 W 139 86
0 W 20 32
0 W 252 3
0 C 2
0 S 3
0 R 83
0 R 241
0 R 239
0 R 55
0 W 238 61
0 R 180
0 R 82
0 R 157
0 R 17
0 W 31 29
0 R 196
0 R 8
0 C 3
0 S 4
0 R 39
0 W 209 82
0 W 171 12
0 R 239
0 R 166
0 R 64
0 R 24
0 C 4
0 S 5
0 W 17 8
0 R 25
0 R 11
0 R 34
0 W 69 45
0 R 138
0 R 194
0 C 5
0 S 6
0 R 122
0 W 251 4
0 W 238 5
0 W 26 75
0 R 15
0 W 70 20
0 W 67 8
0 R 28
0 C 6
0 S 7
0 R 38
0 W 153 7
0 R 255
0 C 7
0 S 8
0 W 163 62
0 W 51 57
0 R 28
0 R 67
0 R 64
0 R 123
0 R 129
0 R 19
0 R 5
0 W 173 90
0 W 137 14
0 R 177
0 C 8
0 S 9
0 W 1 29
0 R 142
0 W 4 43
0 R 102
0 R 17
0 W 106 26
0 R 53
0 C 9
0 S 10
0 R 188
0 R 93
0 W 186 39
0 R 214
0 R 199
0 W 183 21
0 R 20
0 W 168 23
0 R 164
0 W 120 83
0 R 4
0 R 219
0 C 10
0 S 11
0 R 96
0 R 4
0 W 202 50
0 W 35 48
0 R 166
0 R 232
0 W 33 72
0 W 70 38
0 R 71
0 W 225 68
0 W 201 37
0 C 11
0 S 12
0 W 230 51
0 W 69 63
0 R 25
0 W 68 63
0 W 223 100
0 R 30
0 R 47
0 R 79
0 R 9
0 R 243
0 W 255 88
0 R 41
0 C 12
0 S 13
0 R 13
0 R 74
0 W 57 21
0 W 199 21
0 R 127
0 R 245
0 C 13
0 S 14
0 W 139 49
0 W 3 80
0 R 128
0 W 29 69
0 R 174
0 W 111 97
0 W 13 42
0 W 199 25
0 W 223 73
0 R 252
0 C 14
0 S 15
0 W 15 10
0 W 127 40
0 W 2 48
0 W 160 95
0 W 48 83
0 C 15
0 S 16
0 R 72
0 R 132
0 R 2
0 C 16
0 S 17
0 R 139
0 R 10
0 R 43
0 W 3 49
0 W 244 65
0 W 186 54
0 W 67 72
0 W 55 14
0 W 215 38
0 C 17
0 S 18
0 W 83 1
0 W 239 34
0 W 103 69
0 W 9 80
0 R 234
0 C 18
0 S 19
0 W 66 76
0 R 181
0 W 53 34
0 R 9
0 R 22
0 R 47
0 R 216
0 W 8 51
0 R 11
0 R 63
0 W 53 80
0 R 64
0 C 19
0 S 20
0 R 58
0 R 176
0 W 157 9
0 W 111 10
0 R 189
0 R 76
0 R 207
0 R 144
0 R 10
0 W 4 29
0 C 20
0 S 21
0 R 234
0 W 23 36
0 W 96 97
0 C 21
0 S 22
0 W 130 56
0 R 59
0 W 73 51
0 W 104 88
0 R 167
0 R 1
0 R 87
0 C 22
0 S 23
0 R 142
0 R 197
0 W 4 57
0 R 11
0 R 152
0 W 20 81
0 W 107 83
0 C 23
0 S 24
0 R 39
0 W 239 35
0 W 1 29
0 R 88
0 C 24
0 S 25
0 W 90 66
0 R 177
0 W 164 51
0 R 194
0 R 180
0 W 214 22
0 W 220 74
0 R 187
0 R 59
0 R 9
0 W 78 61
0 R 34
0 C 25
0 S 26
0 R 52
0 W 181 48
0 R 26
0 R 76
0 C 26
0 S 27
0 W 124 96
0 R 206
0 W 36 64
0 W 104 37
0 R 41
0 C 27
0 S 28
0 R 157
0 W 80 62
0 W 240 53
0 R 88
0 R 82
0 R 188
0 R 30
0 C 28
0 S 29
0 W 252 26
0 R 24
0 R 190
0 W 62 12
0 W 197 16
0 R 153
0 W 125 25
0 W 146 35
0 R 15
0 R 31
0 R 184
0 R 150
0 C 29
0 S 30
0 W 59 37
0 W 112 35
0 R 51
0 R 171
0 W 249 37
0 W 3 37
0 W 151 91
0 R 194
0 R 205
0 C 30
0 S 31
0 R 103
0 W 172 93
0 R 124
0 R 24
0 W 197 83
0 W 39 14
0 C 31
0 S 32
0 R 159
0 R 70
0 W 11 51
0 R 159
0 R 179
0 C 32
0 S 33
0 W 241 14
0 R 44
0 R 9
0 W 114 58
0 R 229
0 W 53 88
0 W 166 67
0 W 213 94
0 W 219 32
0 C 33
0 S 34
0 W 249 48
0 R 241
0 R 207
0 R 15
0 R 120
0 R 226
0 R 59
0 R 15
0 W 112 9
0 W 199 12
0 W 93 24
0 C 34
