6
0-5 o
4 S 0
4 R 235
4 W 22 30
4 W 149 28
4 R 214
4 W 99 26
4 R 142
4 R 96
4 W 7 67
4 W 15 70
4 C 0
3 S 1
3 R 51
3 W 27 73
3 W 120 62
3 R 222
3 R 142
3 W 233 30
3 W 105 60
3 R 24
3 W 235 17
3 R 164
3 R 11
3 W 4 45
3 R 153
3 W 93 69
3 R 195
3 R 10
3 R 24
3 R 10
3 W 31 93
3 R 41
3 C 1
2 S 2
2 R 30
2 R 95
2 R 84
2 W 68 47
2 R 10
2 R 6
2 R 30
2 R 157
2 W 22 2
2 R 28
2 W 243 51
2 W 18 90
2 W 7 25
2 W 85 35
2 R 12
2 R 72
2 R 0
2 W 138 61
2 C 2
0 S 3
0 W 225 27
0 R 157
0 R 74
0 W 155 14
0 W 118 72
0 W 67 74
0 R 28
0 W 215 55
0 W 255 73
0 W 25 2
0 R 179
0 R 22
0 R 186
0 C 3
1 S 4
1 W 235 44
1 R 6
1 W 54 36
1 W 87 38
1 R 150
1 W 11 21
1 C 4
5 S 5
5 R 234
5 W 6 11
5 R 12
5 R 118
5 W 70 72
5 W 10 80
5 R 193
5 R 104
5 W 65 33
5 R 215
5 R 143
5 W 28 4
5 R 13
5 W 1 39
5 R 2
5 W 69 100
5 W 69 62
5 W 252 40
5 R 90
5 C 5
0 S 6
0 W 91 30
0 W 211 11
0 R 66
0 W 6 57
0 W 16 12
0 R 24
0 R 167
0 R 153
0 C 6
4 S 7
4 R 19
4 R 202
4 W 169 69
4 W 254 43
4 R 167
4 R 12
4 W 36 24
4 R 2
4 W 164 97
4 W 21 41
4 W 111 68
4 C 7
5 S 8
5 R 190
5 R 25
5 W 62 55
5 R 120
5 R 197
5 R 44
5 W 50 71
5 R 250
5 W 18 17
5 W 46 66
5 W 47 53
5 R 26
5 W 26 52
5 W 5 93
5 W 101 94
5 C 8
2 S 9
2 R 45
2 R 88
2 W 9 52
2 R 165
2 W 130 79
2 R 185
2 W 7 15
2 R 47
2 W 178 14
2 C 9
1 S 10
1 R 95
1 W 12 22
1 W 3 40
1 W 157 22
1 R 8
1 W 16 74
1 R 26
1 R 183
1 R 34
1 R 3
1 W 31 46
1 R 229
1 R 18
1 R 27
1 R 147
1 W 113 82
1 R 1
1 R 13
1 R 28
1 W 9 76
1 C 10
3 S 11
3 W 9 12
3 R 22
3 R 84
3 W 25 50
3 R 19
3 W 159 98
3 W 18 81
3 W 17 29
3 C 11
5 S 12
5 R 12
5 W 5 53
5 R 100
5 W 3 65
5 W 31 67
5 W 225 91
5 W 29 30
5 R 112
5 W 244 28
5 W 30 43
5 R 229
5 C 12
4 S 13
4 R 41
4 R 21
4 R 144
4 R 255
4 W 77 11
4 R 134
4 R 190
4 R 69
4 W 133 33
4 W 7 75
4 W 20 83
4 R 60
4 W 22 76
4 C 13
2 S 14
2 R 13
2 W 11 20
2 W 25 81
2 W 7 70
2 W 207 8
2 W 239 80
2 R 26
2 W 10 37
2 W 87 45
2 W 10 15
2 R 203
2 W 31 23
2 W 41 67
2 W 200 65
2 C 14
0 S 15
0 R 121
0 R 134
0 W 174 15
0 R 30
0 R 7
0 W 33 22
0 R 19
0 W 29 86
0 W 51 88
0 W 131 43
0 W 186 44
0 R 178
0 R 180
0 R 25
0 W 226 90
0 W 202 52
0 C 15
1 S 16
1 W 4 74
1 R 18
1 R 10
1 W 7 89
1 W 22 70
1 W 93 30
1 R 1
1 W 15 30
1 R 24
1 R 84
1 W 28 30
1 R 86
1 W 90 94
1 W 67 100
1 W 192 41
1 W 149 31
1 C 16
3 S 17
3 W 26 34
3 W 21 17
3 R 26
3 W 10 35
3 R 38
3 W 188 79
3 W 12 24
3 R 32
3 R 51
3 W 28 14
3 W 3 89
3 C 17
5 S 18
5 R 193
5 R 170
5 W 164 60
5 R 82
5 R 29
5 R 8
5 W 238 48
5 W 237 92
5 W 178 57
5 R 27
5 W 1 19
5 R 24
5 R 188
5 R 49
5 R 110
5 W 251 77
5 W 4 32
5 C 18
0 S 19
0 W 80 78
0 R 147
0 R 217
0 R 10
0 R 79
0 R 25
0 R 30
0 R 2
0 W 195 10
0 R 103
0 R 95
0 R 51
0 W 20 51
0 R 144
0 W 27 65
0 R 111
0 W 101 72
0 W 111 18
0 W 84 75
0 C 19
1 S 20
1 W 197 35
1 W 60 14
1 W 57 95
1 R 242
1 R 28
1 R 135
1 W 99 34
1 R 164
1 W 52 95
1 W 159 29
1 R 12
1 W 13 44
1 R 148
1 R 48
1 W 250 18
1 W 90 69
1 W 19 35
1 R 22
1 C 20
3 S 21
3 W 31 21
3 R 219
3 W 204 32
3 R 227
3 W 5 62
3 R 3
3 W 146 65
3 R 216
3 R 11
3 W 137 47
3 W 209 55
3 R 59
3 R 243
3 W 8 86
3 W 76 91
3 R 248
3 C 21
4 S 22
4 W 215 61
4 R 150
4 R 52
4 R 121
4 W 12 37
4 R 15
4 W 83 10
4 W 215 9
4 W 2 2
4 R 132
4 W 4 86
4 C 22
2 S 23
2 R 131
2 R 31
2 R 12
2 R 198
2 W 5 21
2 W 30 26
2 R 6
2 R 41
2 R 214
2 W 4 55
2 R 1
2 R 2
2 W 4 91
2 W 98 12
2 W 10 96
2 C 23
3 S 24
3 W 241 83
3 R 1
3 W 18 26
3 R 168
3 W 53 54
3 R 27
3 W 148 64
3 W 15 90
3 W 26 35
3 R 8
3 C 24
5 S 25
5 W 17 92
5 W 18 97
5 W 29 61
5 W 15 98
5 R 6
5 R 36
5 W 235 23
5 W 17 73
5 W 23 38
5 W 93 75
5 W 202 95
5 R 13
5 C 25
2 S 26
2 W 127 40
2 R 212
2 R 8
2 R 18
2 W 97 8
2 W 4 93
2 R 89
2 W 13 56
2 W 8 22
2 C 26
4 S 27
4 W 3 63
4 R 73
4 W 229 66
4 R 7
4 R 0
4 W 110 19
4 W 53 52
4 R 166
4 W 108 4
4 R 38
4 R 17
4 R 221
4 C 27
1 S 28
1 R 28
1 W 46 47
1 W 110 29
1 R 19
1 W 14 89
1 W 20 0
1 W 188 94
1 C 28
0 S 29
0 W 24 69
0 R 102
0 W 225 64
0 W 26 82
0 R 60
0 R 23
0 R 22
0 C 29
4 S 30
4 W 153 4
4 R 143
4 W 133 22
4 R 22
4 W 182 53
4 W 210 35
4 R 192
4 R 7
4 W 205 33
4 R 231
4 W 117 61
4 R 177
4 R 252
4 W 105 46
4 W 31 51
4 W 30 10
4 R 4
4 R 57
4 W 4 75
4 R 13
4 C 30
3 S 31
3 R 7
3 W 230 58
3 R 5
3 W 133 59
3 W 18 88
3 R 170
3 R 6
3 R 230
3 W 197 91
3 W 245 9
3 R 72
3 R 68
3 R 31
3 R 0
3 R 14
3 C 31
5 S 32
5 R 20
5 R 109
5 W 15 84
5 R 218
5 W 28 5
5 R 245
5 R 93
5 W 23 64
5 R 26
5 R 20
5 R 8
5 R 203
5 R 221
5 R 1
5 R 65
5 W 76 49
5 W 115 51
5 R 60
5 R 107
5 C 32
2 S 33
2 W 154 24
2 R 220
2 R 142
2 R 64
2 R 45
2 R 28
2 R 4
2 R 118
2 R 9
2 W 121 12
2 R 3
2 W 247 87
2 C 33
1 S 34
1 R 31
1 W 215 30
1 R 99
1 W 29 21
1 R 14
1 R 175
1 C 34
0 S 35
0 W 29 82
0 R 2
0 W 6 53
0 R 0
0 W 1 53
0 W 220 4
0 R 63
0 W 22 38
0 R 232
0 W 3 46
0 W 24 36
0 W 17 80
0 R 15
0 C 35
0 S 36
0 R 20
0 R 17
0 R 115
0 W 9 8
0 W 125 56
0 W 1 94
0 W 24 60
0 W 87 43
0 W 91 88
0 R 17
0 C 36
2 S 37
2 W 152 86
2 W 249 49
2 W 7 26
2 W 17 91
2 R 163
2 W 181 99
2 W 0 23
2 C 37
3 S 38
3 R 1
3 R 6
3 W 54 6
3 R 216
3 R 190
3 W 79 12
3 W 231 30
3 C 38
4 S 39
4 R 30
4 W 200 89
4 R 23
4 R 166
4 R 214
4 W 176 65
4 R 201
4 R 155
4 R 8
4 W 242 62
4 R 193
4 R 19
4 R 2
4 C 39
5 S 40
5 R 29
5 W 9 21
5 W 120 54
5 W 209 50
5 R 6
5 R 58
5 W 202 84
5 R 30
5 R 221
5 R 85
5 W 131 26
5 C 40
1 S 41
1 R 16
1 W 13 75
1 R 4
1 R 74
1 W 127 77
1 W 1 42
1 W 126 87
1 R 3
1 R 136
1 R 66
1 W 227 25
1 W 20 77
1 R 12
1 R 116
1 W 70 35
1 W 31 10
1 C 41
0 S 42
0 R 245
0 W 140 35
0 W 14 10
0 R 208
0 W 105 31
0 R 184
0 R 243
0 R 151
0 R 203
0 W 3 25
0 W 219 23
0 C 42
2 S 43
2 W 242 89
2 R 14
2 W 119 0
2 R 8
2 R 147
2 W 255 82
2 C 43
3 S 44
3 R 184
3 R 170
3 R 29
3 R 7
3 W 29 88
3 R 89
3 R 187
3 R 106
3 W 13 63
3 W 39 10
3 W 78 52
3 W 126 34
3 R 218
3 R 67
3 R 157
3 W 20 41
3 R 11
3 R 25
3 R 250
3 C 44
5 S 45
5 R 82
5 W 39 77
5 W 227 65
5 W 187 29
5 W 52 9
5 R 78
5 W 16 60
5 R 166
5 R 2
5 W 117 95
5 R 112
5 R 219
5 R 109
5 W 58 25
5 W 22 76
5 W 30 78
5 W 89 3
5 R 147
5 W 23 46
5 W 12 24
5 C 45
1 S 46
1 R 65
1 R 219
1 W 28 41
1 R 43
1 W 98 85
1 W 64 84
1 W 7 37
1 W 96 67
1 R 142
1 W 32 47
1 C 46
4 S 47
4 W 28 15
4 W 8 23
4 R 14
4 R 244
4 W 54 34
4 R 27
4 R 32
4 R 7
4 R 30
4 W 31 72
4 R 9
4 C 47
4 S 48
4 R 26
4 W 207 9
4 W 25 32
4 W 15 78
4 W 200 53
4 R 161
4 R 138
4 W 159 16
4 W 83 61
4 R 90
4 W 21 96
4 W 195 82
4 W 21 7
4 R 87
4 R 30
4 R 174
4 C 48
3 S 49
3 R 5
3 R 228
3 R 20
3 R 6
3 W 186 0
3 W 7 20
3 W 17 77
3 W 112 56
3 C 49
5 S 50
5 W 39 92
5 W 222 99
5 R 14
5 R 140
5 R 17
5 W 131 43
5 W 27 59
5 R 245
5 W 8 7
5 W 8 92
5 W 43 74
5 W 17 44
5 R 232
5 C 50
2 S 51
2 R 202
2 W 49 97
2 R 142
2 R 249
2 R 22
2 W 13 72
2 R 78
2 W 255 51
2 W 221 32
2 W 17 85
2 R 11
2 R 5
2 R 212
2 R 7
2 W 18 29
2 C 51
1 S 52
1 R 92
1 W 163 87
1 W 21 99
1 W 18 13
1 R 187
1 R 201
1 W 73 86
1 W 25 91
1 R 87
1 W 170 78
1 W 16 33
1 C 52
0 S 53
0 R 69
0 W 108 38
0 W 237 74
0 W 171 18
0 R 205
0 W 212 85
0 C 53
3 S 54
3 R 198
3 W 6 27
3 W 10 98
3 W 17 19
3 R 229
3 R 3
3 W 252 5
3 C 54
4 S 55
4 R 25
4 R 138
4 W 193 91
4 W 133 47
4 R 129
4 W 57 15
4 R 14
4 W 29 88
4 R 16
4 R 0
4 R 22
4 C 55
2 S 56
2 W 142 68
2 W 217 99
2 R 30
2 W 142 24
2 W 82 23
2 R 31
2 R 83
2 R 212
2 W 128 65
2 R 4
2 R 10
2 R 74
2 W 134 36
2 R 207
2 W 35 18
2 R 45
2 W 159 11
2 C 56
1 S 57
1 R 1
1 R 153
1 W 28 100
1 R 134
1 R 125
1 W 2 1
1 R 38
1 W 55 54
1 R 254
1 W 10 97
1 R 26
1 W 249 53
1 R 227
1 W 207 63
1 C 57
0 S 58
0 W 126 5
0 W 50 29
0 R 139
0 R 73
0 R 199
0 R 0
0 R 251
0 W 29 20
0 R 97
0 R 228
0 C 58
5 S 59
5 W 29 75
5 W 158 1
5 W 179 42
5 W 40 35
5 W 13 5
5 W 1 100
5 R 21
5 R 15
5 W 223 41
5 R 51
5 W 221 70
5 C 59
5 S 60
5 R 0
5 W 19 75
5 W 17 23
5 R 105
5 W 230 21
5 W 16 39
5 W 8 6
5 R 18
5 C 60
0 S 61
0 R 196
0 W 172 45
0 R 217
0 W 200 58
0 R 56
0 W 85 59
0 R 107
0 W 4 19
0 R 7
0 W 160 53
0 R 46
0 W 211 61
0 R 17
0 W 87 20
0 C 61
2 S 62
2 W 33 29
2 R 82
2 W 2 53
2 W 56 51
2 R 189
2 W 4 48
2 W 10 80
2 R 27
2 W 194 98
2 W 46 81
2 R 8
2 R 0
2 W 202 36
2 C 62
3 S 63
3 W 20 53
3 W 102 30
3 R 64
3 R 20
3 R 75
3 R 29
3 W 23 8
3 R 241
3 C 63
4 S 64
4 W 179 17
4 W 9 4
4 W 26 7
4 W 15 29
4 R 105
4 R 11
4 W 43 71
4 R 25
4 C 64
1 S 65
1 R 5
1 W 14 79
1 W 214 14
1 W 124 33
1 W 10 79
1 W 29 46
1 W 1 9
1 R 3
1 W 84 3
1 R 139
1 W 13 76
1 R 49
1 W 2 24
1 W 211 19
1 W 187 62
1 W 27 50
1 R 133
1 C 65
3 S 66
3 W 54 86
3 R 127
3 W 149 15
3 W 66 12
3 W 15 51
3 R 21
3 R 137
3 W 4 2
3 C 66
4 S 67
4 W 160 39
4 R 118
4 W 28 63
4 R 0
4 R 166
4 R 148
4 W 156 8
4 W 97 26
4 W 56 11
4 R 153
4 W 188 60
4 W 15 59
4 R 21
4 W 226 4
4 R 151
4 C 67
0 S 68
0 R 30
0 W 45 68
0 R 166
0 W 18 70
0 W 18 88
0 R 30
0 W 3 81
0 W 1 34
0 W 13 89
0 R 205
0 R 2
0 W 199 4
0 W 38 6
0 R 207
0 R 1
0 W 63 56
0 R 81
0 R 223
0 W 2 64
0 C 68
5 S 69
5 W 49 37
5 R 215
5 W 29 51
5 R 27
5 R 14
5 W 233 65
5 R 150
5 W 77 33
5 R 30
5 W 3 91
5 R 108
5 R 18
5 C 69
2 S 70
2 R 102
2 W 2 11
2 W 141 19
2 R 133
2 W 144 97
2 W 137 47
2 W 23 55
2 W 193 11
2 R 49
2 R 65
2 R 167
2 R 171
2 W 85 28
2 W 21 51
2 W 31 23
2 C 70
1 S 71
1 W 13 80
1 R 251
1 W 185 91
1 W 134 23
1 R 7
1 R 136
1 R 3
1 R 47
1 W 172 98
1 R 142
1 W 199 90
1 R 43
1 C 71
1 S 72
1 W 67 25
1 R 7
1 W 31 26
1 W 223 75
1 W 11 64
1 W 74 17
1 R 30
1 R 37
1 R 71
1 R 6
1 R 20
1 W 136 43
1 W 14 28
1 R 6
1 W 209 38
1 C 72
5 S 73
5 W 255 26
5 R 9
5 R 24
5 W 17 16
5 W 18 42
5 W 3 37
5 W 111 39
5 W 218 45
5 W 176 73
5 W 19 82
5 W 229 49
5 W 125 74
5 W 44 77
5 R 221
5 W 121 42
5 W 177 94
5 W 6 93
5 W 27 7
5 W 175 1
5 R 216
5 C 73
3 S 74
3 W 21 9
3 W 66 48
3 W 24 12
3 R 24
3 R 11
3 W 67 31
3 W 227 46
3 R 192
3 R 3
3 W 236 84
3 C 74
0 S 75
0 W 77 20
0 W 110 97
0 R 38
0 W 53 87
0 W 188 56
0 W 23 65
0 W 12 93
0 C 75
2 S 76
2 R 23
2 W 153 44
2 W 11 85
2 R 26
2 W 86 3
2 R 21
2 W 27 57
2 W 19 47
2 W 240 98
2 W 166 78
2 R 143
2 R 29
2 W 3 82
2 R 171
2 R 179
2 R 44
2 R 223
2 R 165
2 C 76
4 S 77
4 R 57
4 R 31
4 R 238
4 R 167
4 W 75 75
4 W 184 31
4 R 1
4 W 160 38
4 W 11 47
4 C 77
3 S 78
3 W 18 50
3 R 76
3 R 57
3 W 16 89
3 W 68 24
3 W 11 77
3 W 249 76
3 R 129
3 C 78
2 S 79
2 W 226 40
2 R 2
2 R 87
2 W 252 17
2 W 245 74
2 W 24 0
2 W 42 52
2 R 103
2 W 181 99
2 W 104 23
2 R 97
2 W 10 45
2 W 31 12
2 C 79
5 S 80
5 W 5 8
5 R 87
5 R 166
5 W 57 78
5 W 208 84
5 R 20
5 R 27
5 W 12 59
5 R 9
5 W 23 28
5 W 2 47
5 R 112
5 R 84
5 R 69
5 R 52
5 R 29
5 R 143
5 C 80
1 S 81
1 R 15
1 R 8
1 W 81 18
1 R 190
1 W 155 45
1 R 235
1 C 81
0 S 82
0 W 247 66
0 R 158
0 R 140
0 R 235
0 W 20 48
0 W 23 13
0 C 82
4 S 83
4 W 129 53
4 W 218 78
4 W 214 73
4 R 195
4 W 244 64
4 W 106 49
4 W 193 85
4 W 136 46
4 W 54 59
4 R 28
4 W 115 13
4 R 212
4 R 14
4 W 115 28
4 W 10 78
4 W 29 34
4 R 179
4 W 30 41
4 W 209 40
4 C 83
4 S 84
4 W 149 41
4 R 29
4 R 82
4 R 8
4 W 200 32
4 R 33
4 R 30
4 R 5
4 R 186
4 R 13
4 W 16 19
4 R 2
4 W 169 72
4 W 114 97
4 R 18
4 W 197 32
4 R 5
4 W 187 35
4 R 136
4 W 249 7
4 C 84
0 S 85
0 R 162
0 R 136
0 R 111
0 W 16 56
0 W 153 29
0 R 13
0 W 76 91
0 C 85
5 S 86
5 R 13
5 R 107
5 R 102
5 W 120 82
5 W 25 19
5 R 195
5 R 238
5 R 212
5 C 86
2 S 87
2 W 110 33
2 W 23 40
2 R 3
2 W 59 60
2 W 8 59
2 W 31 66
2 R 134
2 R 3
2 W 144 94
2 C 87
1 S 88
1 R 38
1 R 24
1 R 190
1 R 23
1 W 131 68
1 R 58
1 R 4
1 R 14
1 W 12 55
1 R 4
1 W 15 38
1 C 88
3 S 89
3 R 243
3 R 28
3 R 221
3 R 173
3 W 3 33
3 R 43
3 R 75
3 W 23 93
3 W 124 1
3 R 220
3 R 201
3 C 89
1 S 90
1 R 7
1 R 81
1 W 135 29
1 W 144 12
1 R 147
1 W 159 16
1 R 246
1 R 125
1 R 42
1 R 28
1 W 6 5
1 C 90
2 S 91
2 R 10
2 R 30
2 W 212 98
2 W 232 92
2 R 15
2 W 8 72
2 R 147
2 W 239 90
2 W 134 59
2 W 206 79
2 R 15
2 W 101 62
2 R 5
2 R 7
2 C 91
0 S 92
0 W 21 13
0 W 20 39
0 W 92 1
0 W 147 42
0 W 2 62
0 W 159 20
0 W 12 89
0 R 136
0 W 7 80
0 W 28 33
0 C 92
5 S 93
5 R 234
5 W 244 25
5 W 22 27
5 R 19
5 W 15 81
5 R 28
5 R 246
5 R 25
5 R 126
5 W 31 65
5 C 93
4 S 94
4 R 1
4 R 54
4 W 201 26
4 R 139
4 R 56
4 W 136 100
4 C 94
3 S 95
3 R 3
3 R 6
3 W 30 34
3 W 16 6
3 R 19
3 W 18 39
3 W 21 63
3 R 193
3 W 69 76
3 R 22
3 W 8 84
3 R 154
3 W 25 23
3 R 230
3 C 95
2 S 96
2 W 234 16
2 W 104 4
2 R 61
2 W 7 85
2 W 195 27
2 R 7
2 W 236 50
2 C 96
3 S 97
3 W 155 25
3 W 16 84
3 R 68
3 W 22 57
3 R 18
3 W 129 37
3 W 202 10
3 R 19
3 W 109 32
3 W 116 11
3 W 21 85
3 R 162
3 R 36
3 R 116
3 W 186 93
3 W 53 58
3 W 21 19
3 R 142
3 R 74
3 C 97
4 S 98
4 W 45 65
4 W 27 25
4 W 13 84
4 W 21 68
4 W 29 87
4 W 50 9
4 R 8
4 R 11
4 W 122 65
4 R 12
4 W 13 43
4 W 7 46
4 R 0
4 R 108
4 W 27 27
4 W 18 98
4 W 185 3
4 W 97 39
4 R 29
4 C 98
1 S 99
1 R 158
1 R 95
1 R 201
1 W 158 99
1 W 96 66
1 R 165
1 W 189 33
1 C 99
0 S 100
0 R 132
0 W 97 71
0 R 72
0 W 27 5
0 W 253 24
0 R 12
0 W 82 100
0 R 13
0 W 39 93
0 W 185 99
0 R 8
0 W 71 57
0 W 215 65
0 R 24
0 R 17
0 R 1
0 R 171
0 C 100
5 S 101
5 W 7 25
5 R 30
5 W 9 28
5 R 141
5 W 111 15
5 R 165
5 R 125
5 W 220 23
5 W 2 74
5 W 196 44
5 W 23 72
5 R 2
5 C 101
3 S 102
3 W 10 98
3 W 101 97
3 W 72 31
3 R 204
3 R 21
3 W 31 37
3 R 159
3 R 132
3 R 237
3 R 5
3 R 255
3 R 22
3 W 195 57
3 W 217 48
3 R 231
3 W 211 12
3 C 102
5 S 103
5 W 88 97
5 W 37 32
5 R 164
5 W 76 81
5 R 21
5 W 19 62
5 R 19
5 R 13
5 C 103
4 S 104
4 R 62
4 W 5 10
4 R 225
4 W 189 62
4 W 30 14
4 R 0
4 W 38 2
4 R 253
4 W 186 93
4 W 168 64
4 C 104
0 S 105
0 W 15 53
0 R 20
0 W 6 24
0 R 16
0 R 118
0 W 10 6
0 R 25
0 W 24 1
0 W 27 77
0 R 19
0 R 96
0 R 54
0 W 24 15
0 R 16
0 R 9
0 C 105
1 S 106
1 W 74 37
1 W 10 6
1 W 6 63
1 R 204
1 W 212 49
1 R 15
1 R 153
1 R 38
1 W 31 3
1 W 28 31
1 R 8
1 W 47 12
1 W 28 8
1 W 36 38
1 R 79
1 R 27
1 R 144
1 W 46 11
1 C 106
2 S 107
2 R 18
2 R 50
2 R 61
2 R 58
2 R 89
2 W 28 87
2 W 224 32
2 W 19 73
2 R 18
2 R 6
2 W 10 61
2 W 224 31
2 W 62 7
2 C 107
3 S 108
3 R 26
3 W 17 95
3 W 9 10
3 W 235 44
3 R 246
3 R 173
3 R 100
3 W 57 47
3 R 142
3 W 15 33
3 R 14
3 W 16 11
3 C 108
4 S 109
4 R 163
4 W 68 86
4 R 97
4 R 190
4 W 122 53
4 W 144 32
4 W 73 89
4 R 178
4 R 0
4 W 25 28
4 W 173 18
4 W 193 59
4 W 5 6
4 R 154
4 C 109
0 S 110
0 R 25
0 R 11
0 W 31 60
0 R 8
0 R 24
0 R 208
0 R 19
0 R 21
0 W 76 14
0 W 169 26
0 W 19 15
0 R 78
0 C 110
2 S 111
2 W 233 61
2 R 18
2 R 31
2 R 42
2 W 2 11
2 R 198
2 R 20
2 W 221 63
2 W 16 13
2 R 1
2 R 131
2 W 2 45
2 R 80
2 R 6
2 C 111
5 S 112
5 R 31
5 R 77
5 W 24 83
5 W 157 82
5 W 31 16
5 R 19
5 R 4
5 W 110 3
5 R 157
5 W 143 92
5 R 93
5 W 235 25
5 C 112
1 S 113
1 W 10 6
1 W 31 12
1 W 17 71
1 W 131 24
1 R 243
1 R 183
1 W 12 94
1 R 86
1 W 0 86
1 R 134
1 W 147 45
1 R 231
1 R 29
1 C 113
3 S 114
3 W 172 44
3 W 20 99
3 W 146 55
3 W 227 62
3 W 10 29
3 W 255 22
3 C 114
0 S 115
0 R 227
0 W 10 6
0 W 15 47
0 R 165
0 R 115
0 R 113
0 R 96
0 W 190 69
0 W 15 20
0 W 1 68
0 R 22
0 C 115
1 S 116
1 R 209
1 W 47 23
1 R 92
1 R 234
1 W 38 26
1 R 252
1 W 158 98
1 W 1 56
1 R 100
1 W 17 81
1 R 14
1 R 24
1 W 49 87
1 R 201
1 R 19
1 C 116
5 S 117
5 W 181 10
5 R 166
5 R 11
5 R 195
5 W 0 58
5 W 135 3
5 R 180
5 R 211
5 C 117
4 S 118
4 W 19 34
4 R 146
4 R 1
4 W 95 5
4 R 15
4 R 13
4 W 19 96
4 R 185
4 R 121
4 W 152 19
4 R 23
4 W 15 9
4 W 4 20
4 R 31
4 R 150
4 W 17 42
4 W 184 65
4 C 118
2 S 119
2 R 11
2 W 13 46
2 W 238 7
2 R 9
2 W 47 2
2 R 5
2 R 4
2 W 152 70
2 W 189 24
2 W 16 38
2 W 27 37
2 W 16 8
2 R 49
2 R 190
2 C 119
4 S 120
4 R 96
4 R 253
4 R 161
4 R 18
4 W 64 61
4 W 19 15
4 W 0 76
4 C 120
2 S 121
2 R 67
2 R 11
2 R 4
2 R 121
2 W 134 94
2 R 13
2 R 18
2 R 28
2 W 87 86
2 W 23 64
2 W 23 63
2 W 22 91
2 W 9 72
2 W 107 65
2 W 23 16
2 R 19
2 C 121
0 S 122
0 R 74
0 R 128
0 W 18 87
0 R 29
0 W 2 38
0 W 248 50
0 W 51 86
0 W 244 7
0 R 30
0 R 85
0 R 29
0 R 5
0 R 3
0 R 50
0 R 211
0 W 111 33
0 C 122
1 S 123
1 R 28
1 R 82
1 R 15
1 R 1
1 W 14 74
1 R 239
1 R 103
1 W 53 48
1 R 23
1 W 236 99
1 W 175 50
1 R 21
1 R 84
1 W 9 82
1 R 121
1 R 93
1 W 14 14
1 R 0
1 R 27
1 R 128
1 C 123
3 S 124
3 W 191 70
3 R 180
3 W 127 38
3 W 18 35
3 R 215
3 R 21
3 R 181
3 R 141
3 R 65
3 R 16
3 R 20
3 R 20
3 R 239
3 C 124
5 S 125
5 W 87 46
5 R 3
5 W 138 95
5 R 100
5 R 58
5 W 121 51
5 R 32
5 W 223 50
5 R 90
5 W 5 60
5 W 118 67
5 W 200 87
5 C 125
1 S 126
1 R 38
1 R 13
1 R 227
1 R 200
1 W 254 21
1 R 8
1 W 56 82
1 R 96
1 R 22
1 C 126
4 S 127
4 R 19
4 W 94 5
4 R 158
4 R 18
4 W 11 62
4 R 15
4 W 181 65
4 W 144 57
4 R 236
4 W 158 73
4 R 60
4 R 230
4 C 127
5 S 128
5 R 12
5 W 149 15
5 W 30 20
5 W 224 73
5 W 31 12
5 R 244
5 W 21 78
5 C 128
0 S 129
0 W 33 51
0 R 26
0 R 90
0 R 20
0 R 19
0 W 147 0
0 W 21 42
0 R 176
0 W 168 56
0 R 64
0 W 149 15
0 W 168 3
0 W 28 48
0 R 244
0 R 24
0 R 231
0 R 15
0 C 129
3 S 130
3 R 11
3 R 55
3 W 188 95
3 W 181 49
3 W 23 58
3 R 202
3 R 155
3 R 251
3 W 198 27
3 R 25
3 R 5
3 W 217 18
3 R 219
3 C 130
2 S 131
2 W 29 68
2 W 2 15
2 W 9 47
2 W 45 97
2 W 228 7
2 W 101 38
2 W 238 52
2 W 229 88
2 W 55 94
2 C 131
5 S 132
5 W 9 100
5 W 181 56
5 W 28 80
5 W 107 62
5 R 50
5 W 93 82
5 R 236
5 R 5
5 R 109
5 W 181 73
5 W 234 63
5 R 29
5 R 71
5 R 0
5 R 4
5 R 108
5 C 132
3 S 133
3 R 38
3 R 219
3 W 59 67
3 R 26
3 R 144
3 W 100 27
3 R 163
3 R 11
3 C 133
0 S 134
0 R 14
0 W 207 68
0 W 60 89
0 R 151
0 W 13 48
0 W 54 86
0 R 9
0 W 27 6
0 R 14
0 R 237
0 W 156 88
0 C 134
2 S 135
2 W 223 24
2 W 165 30
2 R 238
2 R 26
2 R 104
2 R 9
2 R 17
2 R 27
2 C 135
4 S 136
4 W 129 28
4 R 27
4 W 17 90
4 W 25 10
4 R 149
4 R 169
4 W 24 1
4 W 170 16
4 R 31
4 R 110
4 W 79 46
4 R 228
4 W 3 53
4 R 114
4 R 222
4 R 17
4 W 159 31
4 C 136
1 S 137
1 W 5 12
1 R 20
1 R 26
1 W 140 84
1 W 23 9
1 R 14
1 R 22
1 R 227
1 W 112 42
1 R 40
1 C 137
5 S 138
5 R 20
5 W 8 9
5 W 1 43
5 W 212 36
5 W 73 34
5 R 212
5 W 113 65
5 R 131
5 R 134
5 R 75
5 W 249 57
5 R 213
5 R 101
5 W 149 12
5 C 138
4 S 139
4 W 139 89
4 R 10
4 W 18 74
4 R 9
4 W 10 36
4 R 30
4 R 156
4 W 20 91
4 R 29
4 W 0 87
4 R 16
4 W 212 86
4 R 62
4 R 12
4 W 11 63
4 W 1 27
4 W 76 86
4 R 167
4 W 16 99
4 W 254 65
4 C 139
0 S 140
0 R 244
0 W 39 96
0 R 72
0 R 25
0 R 5
0 W 125 31
0 R 2
0 R 180
0 R 51
0 R 41
0 W 154 96
0 W 27 35
0 C 140
1 S 141
1 W 81 75
1 R 63
1 W 19 51
1 R 24
1 W 28 4
1 R 69
1 W 207 52
1 W 27 59
1 R 6
1 R 23
1 R 18
1 W 174 43
1 W 0 33
1 W 0 28
1 W 136 72
1 W 3 43
1 W 11 83
1 R 83
1 C 141
3 S 142
3 R 20
3 R 81
3 R 27
3 W 209 77
3 W 2 34
3 R 18
3 W 7 20
3 W 0 63
3 W 12 0
3 R 9
3 W 12 66
3 R 41
3 R 122
3 W 27 5
3 W 68 7
3 R 216
3 W 14 96
3 W 24 90
3 W 60 48
3 W 232 19
3 C 142
2 S 143
2 R 12
2 W 25 15
2 R 246
2 W 5 10
2 R 5
2 R 106
2 W 247 84
2 R 70
2 R 4
2 R 34
2 W 28 68
2 R 7
2 W 221 36
2 W 183 94
2 C 143
5 S 144
5 W 11 32
5 W 167 74
5 W 238 83
5 R 53
5 R 22
5 R 7
5 R 40
5 C 144
2 S 145
2 R 136
2 R 18
2 W 116 60
2 R 204
2 R 84
2 W 50 100
2 R 79
2 W 63 61
2 W 4 84
2 R 1
2 R 156
2 R 255
2 W 9 63
2 R 0
2 C 145
0 S 146
0 R 3
0 W 117 81
0 W 132 87
0 R 227
0 W 13 76
0 W 28 23
0 R 50
0 W 9 11
0 R 139
0 W 133 76
0 R 10
0 C 146
3 S 147
3 W 165 0
3 R 108
3 R 114
3 W 154 27
3 R 1
3 R 196
3 W 254 2
3 W 218 79
3 W 186 6
3 R 251
3 R 28
3 R 140
3 W 30 92
3 W 64 35
3 R 12
3 R 125
3 R 18
3 R 197
3 C 147
1 S 148
1 W 53 48
1 R 26
1 W 22 51
1 W 15 63
1 R 18
1 W 196 14
1 R 119
1 W 70 89
1 W 92 61
1 W 115 5
1 W 210 34
1 R 187
1 W 19 93
1 R 19
1 C 148
4 S 149
4 W 139 88
4 R 232
4 R 144
4 W 14 100
4 W 85 47
4 W 112 75
4 W 170 43
4 R 43
4 R 13
4 R 59
4 W 13 27
4 W 23 95
4 R 52
4 W 133 60
4 R 58
4 R 29
4 W 108 90
4 R 103
4 C 149
0 S 150
0 R 22
0 W 50 24
0 W 25 84
0 W 45 66
0 W 151 79
0 R 106
0 W 30 49
0 R 250
0 R 75
0 R 132
0 W 97 54
0 W 182 30
0 C 150
3 S 151
3 W 34 83
3 R 129
3 R 193
3 W 65 86
3 R 139
3 W 16 81
3 R 232
3 R 26
3 R 120
3 C 151
4 S 152
4 W 156 42
4 W 26 85
4 R 142
4 W 226 45
4 R 30
4 W 38 36
4 W 137 74
4 W 81 36
4 R 4
4 W 8 45
4 W 14 82
4 C 152
1 S 153
1 W 28 74
1 W 38 86
1 R 135
1 W 212 38
1 R 31
1 R 16
1 R 140
1 C 153
5 S 154
5 R 0
5 W 4 40
5 W 1 73
5 R 8
5 R 22
5 R 19
5 W 239 73
5 R 6
5 R 63
5 W 123 13
5 W 118 30
5 R 16
5 W 159 15
5 R 205
5 C 154
2 S 155
2 R 99
2 R 183
2 R 140
2 R 222
2 R 245
2 R 100
2 R 163
2 C 155
2 S 156
2 R 107
2 W 175 98
2 R 8
2 R 88
2 W 0 92
2 W 1 72
2 W 38 77
2 C 156
1 S 157
1 W 255 57
1 R 31
1 R 3
1 W 27 44
1 W 30 35
1 R 23
1 R 51
1 W 94 23
1 W 234 39
1 R 25
1 R 69
1 R 7
1 R 12
1 W 28 52
1 R 8
1 W 29 30
1 C 157
3 S 158
3 R 2
3 R 194
3 W 30 95
3 W 18 71
3 R 22
3 R 5
3 C 158
4 S 159
4 R 29
4 W 79 57
4 W 66 0
4 R 44
4 W 83 72
4 R 51
4 R 168
4 W 57 76
4 R 102
4 R 100
4 R 9
4 W 113 39
4 W 230 82
4 R 131
4 W 23 8
4 C 159
5 S 160
5 W 58 28
5 W 58 66
5 R 21
5 R 198
5 R 146
5 W 25 57
5 R 26
5 W 22 65
5 R 180
5 R 239
5 R 2
5 R 42
5 W 108 78
5 W 98 26
5 C 160
0 S 161
0 R 47
0 R 107
0 R 17
0 R 28
0 W 9 92
0 R 16
0 R 27
0 R 31
0 C 161
5 S 162
5 R 154
5 W 29 10
5 W 163 36
5 R 20
5 R 6
5 R 92
5 W 112 97
5 W 14 17
5 R 17
5 W 1 1
5 R 1
5 R 17
5 W 55 29
5 W 1 48
5 R 58
5 C 162
3 S 163
3 W 57 25
3 W 20 75
3 R 241
3 W 14 70
3 W 13 49
3 W 73 91
3 R 11
3 R 162
3 R 2
3 W 127 38
3 R 115
3 W 129 78
3 W 17 69
3 R 108
3 R 105
3 W 211 27
3 W 30 87
3 R 214
3 C 163
1 S 164
1 W 12 90
1 R 1
1 R 29
1 W 29 89
1 W 14 22
1 R 30
1 R 251
1 W 77 35
1 R 7
1 R 24
1 R 28
1 W 225 14
1 R 58
1 W 139 32
1 R 16
1 W 8 95
1 R 248
1 C 164
0 S 165
0 R 8
0 W 6 28
0 R 16
0 W 20 76
0 R 1
0 R 110
0 W 238 84
0 W 127 34
0 R 177
0 W 65 33
0 R 10
0 W 116 67
0 W 25 94
0 C 165
2 S 166
2 R 37
2 W 41 48
2 R 144
2 R 9
2 W 80 55
2 R 213
2 W 250 26
2 W 212 35
2 R 141
2 R 12
2 W 59 72
2 R 23
2 R 7
2 R 15
2 C 166
4 S 167
4 W 91 24
4 W 34 76
4 R 243
4 W 164 20
4 W 183 35
4 R 30
4 R 205
4 W 113 24
4 R 184
4 R 1
4 C 167
1 S 168
1 R 172
1 W 199 95
1 R 193
1 W 30 69
1 R 3
1 R 87
1 C 168
5 S 169
5 W 113 61
5 W 220 29
5 R 119
5 R 174
5 R 8
5 R 132
5 R 10
5 W 109 22
5 R 202
5 W 113 5
5 W 217 64
5 W 123 66
5 W 82 20
5 R 151
5 R 178
5 W 231 22
5 R 0
5 C 169
4 S 170
4 W 2 24
4 R 28
4 R 5
4 R 78
4 R 182
4 W 20 19
4 R 107
4 R 5
4 W 0 93
4 R 237
4 R 146
4 R 172
4 R 69
4 R 14
4 R 125
4 C 170
2 S 171
2 R 98
2 W 59 1
2 R 94
2 W 83 79
2 W 100 12
2 W 245 79
2 W 152 76
2 W 16 87
2 W 217 79
2 W 12 26
2 R 21
2 R 16
2 R 218
2 C 171
0 S 172
0 R 10
0 R 70
0 W 12 7
0 W 20 76
0 R 14
0 R 4
0 W 14 61
0 R 82
0 W 208 3
0 R 8
0 R 5
0 W 39 21
0 W 187 46
0 W 108 72
0 R 210
0 R 117
0 W 137 18
0 C 172
3 S 173
3 R 24
3 R 110
3 W 69 100
3 R 230
3 W 114 44
3 R 89
3 W 6 9
3 W 100 21
3 R 21
3 W 69 91
3 W 209 83
3 R 5
3 R 131
3 R 208
3 W 180 73
3 W 214 23
3 R 11
3 R 163
3 C 173
3 S 174
3 R 133
3 W 50 26
3 R 176
3 R 187
3 R 239
3 W 5 34
3 R 22
3 R 164
3 W 15 98
3 R 37
3 R 29
3 W 25 86
3 R 86
3 W 131 6
3 R 13
3 C 174
4 S 175
4 W 43 74
4 W 140 19
4 W 16 73
4 W 204 42
4 W 28 2
4 W 188 84
4 W 61 19
4 W 161 17
4 R 18
4 R 39
4 R 2
4 R 48
4 W 49 47
4 R 123
4 W 3 96
4 W 136 83
4 R 10
4 R 194
4 R 28
4 C 175
5 S 176
5 R 21
5 W 93 99
5 R 0
5 W 10 42
5 R 163
5 R 14
5 R 159
5 R 30
5 C 176
0 S 177
0 W 185 56
0 R 173
0 W 220 79
0 R 126
0 W 33 96
0 R 181
0 W 8 90
0 W 243 71
0 R 131
0 R 25
0 R 254
0 R 32
0 R 233
0 W 2 91
0 R 21
0 W 141 74
0 R 9
0 R 150
0 W 95 39
0 R 211
0 C 177
1 S 178
1 W 4 3
1 R 124
1 W 27 9
1 R 22
1 W 213 61
1 R 69
1 W 172 40
1 W 248 29
1 R 16
1 W 97 72
1 C 178
2 S 179
2 R 25
2 W 4 98
2 R 28
2 R 29
2 R 16
2 R 58
2 R 40
2 C 179
3 S 180
3 W 164 81
3 W 38 25
3 R 244
3 R 6
3 R 240
3 R 18
3 W 224 66
3 W 143 40
3 C 180
5 S 181
5 W 230 8
5 W 189 57
5 R 237
5 W 19 56
5 R 14
5 R 26
5 R 1
5 R 157
5 W 87 79
5 R 36
5 W 2 26
5 R 168
5 W 182 100
5 R 28
5 R 54
5 R 149
5 R 49
5 W 29 43
5 W 40 87
5 R 1
5 C 181
4 S 182
4 R 17
4 R 167
4 R 26
4 W 22 98
4 R 19
4 W 11 35
4 R 249
4 R 249
4 R 5
4 R 119
4 W 21 78
4 R 145
4 W 179 70
4 W 44 7
4 W 202 55
4 W 31 91
4 C 182
1 S 183
1 W 183 1
1 R 25
1 R 9
1 R 253
1 W 53 87
1 R 20
1 W 194 99
1 W 127 17
1 W 9 52
1 R 3
1 C 183
0 S 184
0 R 173
0 W 9 87
0 R 242
0 R 110
0 R 54
0 W 24 83
0 W 7 79
0 R 233
0 W 12 83
0 R 178
0 W 12 24
0 R 0
0 R 69
0 W 20 48
0 R 130
0 W 128 41
0 C 184
2 S 185
2 R 6
2 R 28
2 R 140
2 W 23 37
2 R 72
2 R 28
2 W 4 43
2 W 87 24
2 W 226 7
2 W 10 31
2 W 30 72
2 R 127
2 R 19
2 W 96 55
2 R 111
2 R 58
2 R 205
2 R 18
2 R 147
2 C 185
2 S 186
2 W 31 65
2 R 4
2 W 190 43
2 W 13 3
2 R 26
2 W 38 46
2 R 210
2 W 10 57
2 W 225 20
2 W 127 48
2 W 90 12
2 W 247 23
2 W 218 20
2 R 2
2 C 186
1 S 187
1 R 14
1 W 15 73
1 W 237 50
1 W 1 41
1 W 226 48
1 W 40 72
1 W 227 59
1 W 84 19
1 R 36
1 R 97
1 W 9 16
1 R 155
1 W 8 80
1 C 187
0 S 188
0 W 117 73
0 R 18
0 W 134 14
0 R 247
0 R 100
0 R 159
0 W 179 34
0 R 14
0 W 218 70
0 R 31
0 R 21
0 C 188
3 S 189
3 W 114 39
3 R 17
3 R 94
3 W 15 34
3 R 210
3 R 10
3 W 35 50
3 R 155
3 R 19
3 R 27
3 R 74
3 W 3 29
3 R 142
3 R 63
3 R 26
3 C 189
4 S 190
4 W 251 6
4 W 39 43
4 W 79 53
4 R 149
4 R 21
4 W 238 14
4 R 50
4 W 0 59
4 W 20 13
4 W 66 27
4 W 74 50
4 W 27 63
4 W 157 19
4 C 190
5 S 191
5 R 10
5 W 88 9
5 R 163
5 R 16
5 R 202
5 R 86
5 R 163
5 W 115 38
5 W 17 31
5 W 17 57
5 C 191
4 S 192
4 W 16 11
4 R 218
4 R 111
4 R 9
4 W 7 25
4 R 109
4 W 145 97
4 R 172
4 W 19 81
4 W 169 11
4 C 192
2 S 193
2 R 187
2 W 145 15
2 R 50
2 W 30 1
2 R 56
2 R 6
2 R 27
2 R 253
2 W 26 52
2 W 14 68
2 R 88
2 R 122
2 C 193
1 S 194
1 W 19 23
1 R 223
1 R 14
1 W 175 21
1 W 24 39
1 R 119
1 R 219
1 R 255
1 R 96
1 W 178 43
1 R 22
1 W 157 86
1 R 27
1 C 194
3 S 195
3 W 92 26
3 R 178
3 W 24 46
3 W 98 72
3 W 212 50
3 W 62 17
3 C 195
5 S 196
5 W 95 91
5 W 1 97
5 W 209 95
5 R 4
5 W 3 12
5 W 10 13
5 C 196
0 S 197
0 R 15
0 W 149 84
0 W 135 36
0 W 191 72
0 W 218 39
0 R 219
0 R 3
0 W 16 72
0 W 25 73
0 W 224 37
0 R 21
0 R 46
0 R 206
0 R 246
0 W 12 47
0 R 23
0 R 189
0 W 8 56
0 W 25 25
0 C 197
1 S 198
1 W 250 30
1 W 29 74
1 R 185
1 R 50
1 W 76 33
1 W 9 0
1 W 113 68
1 R 68
1 W 91 15
1 R 244
1 W 1 35
1 W 138 31
1 R 23
1 R 82
1 W 194 16
1 R 62
1 C 198
5 S 199
5 W 227 87
5 W 7 91
5 W 142 48
5 W 41 9
5 R 255
5 R 43
5 W 94 67
5 R 175
5 R 71
5 R 16
5 R 144
5 W 26 36
5 R 23
5 W 251 43
5 R 74
5 W 143 85
5 W 22 87
5 W 152 76
5 C 199
3 S 200
3 R 9
3 R 236
3 W 27 16
3 R 9
3 R 166
3 W 12 2
3 W 16 88
3 R 217
3 W 108 39
3 W 80 63
3 R 4
3 W 249 75
3 C 200
4 S 201
4 R 207
4 W 243 3
4 W 64 65
4 W 217 0
4 W 97 82
4 W 68 88
4 W 23 47
4 W 19 52
4 R 3
4 W 46 36
4 W 42 6
4 R 73
4 W 164 54
4 R 160
4 W 179 7
4 W 22 14
4 W 21 96
4 C 201
2 S 202
2 R 183
2 W 206 16
2 W 39 53
2 W 23 39
2 R 59
2 W 127 59
2 R 19
2 W 163 88
2 R 219
2 W 107 7
2 R 24
2 R 17
2 R 8
2 R 238
2 W 136 0
2 C 202
0 S 203
0 W 1 29
0 W 3 98
0 R 68
0 W 157 99
0 R 24
0 W 20 29
0 R 180
0 R 139
0 R 102
0 W 114 84
0 W 18 55
0 R 236
0 R 26
0 C 203
