6
0-5 o
1 S 0
1 W 0 37
1 R 8
1 W 3 65
1 W 2 34
1 W 238 82
1 W 155 99
1 R 22
1 W 26 39
1 W 30 91
1 R 24
1 R 74
1 W 158 89
1 R 140
1 R 210
1 W 30 49
1 R 160
1 C 0
4 S 1
4 R 17
4 W 46 4
4 W 25 66
4 W 11 9
4 R 9
4 W 20 16
4 W 2 52
4 C 1
5 S 2
5 W 173 92
5 W 35 79
5 W 167 58
5 R 122
5 W 246 69
5 R 17
5 W 122 69
5 W 147 75
5 C 2
2 S 3
2 R 228
2 R 22
2 R 1
2 R 78
2 W 110 61
2 R 194
2 W 91 77
2 W 141 98
2 R 163
2 W 186 49
2 R 24
2 R 16
2 W 249 46
2 R 1
2 W 130 75
2 R 102
2 W 109 60
2 R 11
2 R 182
2 W 14 32
2 C 3
3 S 4
3 W 126 48
3 W 98 40
3 R 123
3 W 21 77
3 W 18 95
3 W 63 85
3 W 104 16
3 W 14 74
3 R 180
3 R 138
3 R 86
3 C 4
0 S 5
0 W 239 87
0 W 146 36
0 W 17 10
0 W 147 27
0 R 0
0 W 0 31
0 R 59
0 W 9 34
0 W 237 24
0 W 28 38
0 R 24
0 R 20
0 R 9
0 R 83
0 C 5
4 S 6
4 R 253
4 R 128
4 R 32
4 W 0 21
4 W 18 97
4 W 187 45
4 R 121
4 W 89 87
4 W 22 60
4 R 188
4 R 190
4 R 184
4 R 2
4 R 17
4 R 21
4 R 129
4 C 6
0 S 7
0 W 110 27
0 W 168 56
0 W 53 77
0 R 10
0 R 75
0 W 232 7
0 W 1 93
0 R 5
0 W 154 43
0 W 89 50
0 R 16
0 W 19 3
0 C 7
2 S 8
2 W 114 14
2 R 9
2 W 201 41
2 R 142
2 W 66 38
2 R 31
2 W 136 82
2 R 29
2 C 8
5 S 9
5 R 143
5 W 244 89
5 R 110
5 R 8
5 W 14 22
5 R 72
5 W 86 27
5 W 52 58
5 W 165 59
5 R 162
5 W 8 99
5 C 9
3 S 10
3 W 123 58
3 R 10
3 R 9
3 W 15 88
3 R 174
3 R 92
3 W 19 31
3 W 18 83
3 W 93 21
3 W 169 75
3 W 61 24
3 R 191
3 C 10
1 S 11
1 W 29 41
1 R 253
1 W 216 40
1 W 5 77
1 R 225
1 R 134
1 W 16 91
1 W 4 57
1 W 236 51
1 R 4
1 R 72
1 R 215
1 R 193
1 R 248
1 R 23
1 R 63
1 R 23
1 R 96
1 W 16 12
1 R 3
1 C 11
4 S 12
4 W 232 24
4 R 26
4 R 6
4 W 18 31
4 W 95 38
4 R 129
4 W 12 33
4 W 23 0
4 W 12 42
4 W 208 76
4 W 76 65
4 C 12
3 S 13
3 W 203 56
3 W 136 34
3 R 16
3 R 2
3 R 27
3 W 129 62
3 C 13
5 S 14
5 R 2
5 R 171
5 W 37 73
5 W 30 30
5 W 38 91
5 R 62
5 W 69 65
5 R 15
5 R 12
5 R 246
5 R 134
5 R 245
5 R 166
5 W 7 77
5 R 44
5 R 189
5 R 143
5 R 85
5 W 24 4
5 W 14 75
5 C 14
0 S 15
0 R 3
0 R 30
0 R 15
0 W 98 6
0 R 21
0 W 204 7
0 W 121 61
0 W 73 39
0 W 204 53
0 R 23
0 R 11
0 C 15
1 S 16
1 W 255 46
1 W 60 2
1 W 6 13
1 R 5
1 R 232
1 W 12 2
1 W 5 74
1 W 76 55
1 W 10 20
1 C 16
2 S 17
2 W 232 29
2 R 35
2 R 180
2 R 103
2 W 125 17
2 R 16
2 R 5
2 C 17
0 S 18
0 W 23 19
0 W 66 70
0 W 177 48
0 R 56
0 R 6
0 W 111 69
0 R 14
0 W 208 25
0 R 200
0 W 0 42
0 R 8
0 C 18
5 S 19
5 W 58 90
5 R 2
5 W 1 61
5 R 43
5 W 14 75
5 R 150
5 R 18
5 W 25 70
5 R 20
5 W 12 42
5 R 12
5 R 9
5 R 191
5 R 112
5 R 5
5 W 109 4
5 W 17 7
5 C 19
4 S 20
4 W 104 70
4 R 221
4 W 8 8
4 R 9
4 W 17 20
4 W 96 28
4 W 45 1
4 W 4 83
4 C 20
1 S 21
1 W 181 48
1 R 17
1 R 227
1 W 1 61
1 R 25
1 W 46 95
1 R 84
1 C 21
2 S 22
2 R 79
2 R 222
2 R 11
2 W 187 59
2 W 109 97
2 W 141 96
2 R 15
2 R 141
2 R 129
2 R 0
2 W 21 27
2 W 45 73
2 W 20 40
2 R 35
2 W 44 23
2 C 22
3 S 23
3 W 4 46
3 W 92 67
3 W 81 80
3 W 27 99
3 R 38
3 R 207
3 W 253 26
3 W 0 99
3 R 226
3 R 178
3 R 164
3 W 18 17
3 W 1 50
3 R 18
3 R 8
3 W 29 15
3 C 23
0 S 24
0 R 80
0 W 165 76
0 R 152
0 W 250 98
0 R 11
0 W 13 76
0 R 93
0 R 111
0 R 155
0 W 247 4
0 W 11 18
0 W 107 7
0 R 179
0 W 13 60
0 R 5
0 R 98
0 R 11
0 W 115 35
0 C 24
3 S 25
3 R 25
3 W 155 13
3 R 31
3 R 96
3 R 91
3 R 86
3 W 0 30
3 W 6 95
3 W 63 9
3 R 252
3 R 102
3 R 9
3 R 8
3 W 72 77
3 C 25
2 S 26
2 R 177
2 W 6 66
2 W 185 45
2 R 103
2 W 220 94
2 R 6
2 W 8 62
2 W 138 86
2 C 26
5 S 27
5 W 15 7
5 R 198
5 R 17
5 R 59
5 R 10
5 R 197
5 W 19 3
5 R 120
5 W 56 9
5 R 198
5 C 27
4 S 28
4 R 139
4 W 5 86
4 R 24
4 W 186 92
4 R 216
4 W 47 85
4 W 124 5
4 W 102 94
4 W 40 35
4 R 143
4 R 233
4 W 4 72
4 W 2 79
4 W 203 9
4 R 14
4 W 165 8
4 W 163 16
4 R 26
4 R 65
4 W 159 6
4 C 28
1 S 29
1 R 9
1 W 8 16
1 W 10 36
1 W 140 20
1 W 177 73
1 W 1 57
1 W 41 80
1 R 83
1 W 20 65
1 R 135
1 W 13 89
1 W 136 60
1 R 131
1 W 183 60
1 W 62 100
1 R 212
1 W 211 47
1 W 174 89
1 R 248
1 W 26 98
1 C 29
4 S 30
4 R 129
4 W 205 7
4 W 26 42
4 W 3 59
4 W 2 53
4 R 4
4 R 229
4 R 3
4 W 24 95
4 W 9 5
4 W 31 43
4 C 30
3 S 31
3 R 0
3 R 75
3 W 27 71
3 W 18 58
3 R 30
3 R 22
3 W 99 39
3 W 59 98
3 W 21 97
3 R 22
3 R 9
3 R 20
3 W 97 90
3 R 35
3 C 31
1 S 32
1 W 201 3
1 W 31 20
1 R 3
1 W 163 28
1 W 90 53
1 W 121 68
1 W 203 41
1 W 15 2
1 W 64 77
1 W 17 37
1 W 102 38
1 W 66 82
1 W 46 36
1 W 46 89
1 W 25 22
1 W 9 39
1 W 106 82
1 R 197
1 R 205
1 C 32
5 S 33
5 W 3 85
5 R 100
5 W 18 27
5 W 15 2
5 W 102 22
5 R 59
5 R 10
5 W 181 63
5 R 95
5 W 22 21
5 W 95 11
5 C 33
2 S 34
2 W 197 27
2 R 15
2 W 4 41
2 W 117 28
2 W 228 19
2 W 4 41
2 W 28 30
2 W 168 75
2 C 34
0 S 35
0 R 11
0 R 41
0 R 81
0 R 24
0 R 178
0 R 12
0 R 3
0 R 171
0 W 216 43
0 R 10
0 R 218
0 W 17 17
0 R 92
0 C 35
2 S 36
2 R 161
2 R 178
2 R 68
2 R 29
2 R 76
2 W 26 5
2 R 213
2 R 12
2 W 15 58
2 W 114 28
2 W 13 5
2 R 200
2 R 26
2 W 77 8
2 W 251 61
2 C 36
4 S 37
4 W 8 14
4 R 28
4 W 20 15
4 W 245 92
4 R 17
4 R 27
4 W 185 82
4 R 17
4 W 19 8
4 R 77
4 W 163 4
4 C 37
0 S 38
0 W 26 39
0 R 231
0 W 158 72
0 R 1
0 W 141 35
0 R 7
0 R 25
0 R 181
0 R 201
0 C 38
3 S 39
3 W 136 6
3 W 26 0
3 R 99
3 W 93 38
3 W 196 80
3 R 8
3 R 179
3 W 21 95
3 R 50
3 R 18
3 R 29
3 W 126 46
3 W 4 61
3 W 37 10
3 R 2
3 R 250
3 C 39
5 S 40
5 W 239 49
5 R 30
5 W 18 43
5 R 26
5 R 102
5 R 28
5 W 21 62
5 R 123
5 R 11
5 R 227
5 R 9
5 W 244 40
5 W 73 48
5 R 99
5 R 81
5 W 189 59
5 R 120
5 W 222 1
5 W 50 92
5 W 25 46
5 C 40
1 S 41
1 R 179
1 R 224
1 R 128
1 R 59
1 R 184
1 R 136
1 R 107
1 W 92 30
1 W 8 23
1 R 166
1 R 20
1 R 113
1 C 41
3 S 42
3 R 230
3 W 113 100
3 W 3 91
3 R 1
3 W 17 98
3 W 5 51
3 W 21 57
3 W 219 35
3 C 42
1 S 43
1 W 246 6
1 R 7
1 R 23
1 W 29 27
1 W 50 44
1 R 5
1 R 28
1 R 50
1 R 25
1 R 28
1 W 199 11
1 W 54 24
1 R 25
1 W 0 53
1 R 105
1 C 43
2 S 44
2 W 6 72
2 W 65 3
2 R 170
2 R 26
2 R 133
2 R 26
2 R 1
2 R 31
2 R 240
2 R 97
2 R 117
2 R 19
2 W 185 39
2 W 122 95
2 R 158
2 W 0 29
2 W 12 100
2 W 77 50
2 C 44
5 S 45
5 R 160
5 R 242
5 R 195
5 R 16
5 R 159
5 R 5
5 R 29
5 W 156 83
5 W 91 62
5 R 171
5 R 20
5 W 27 76
5 W 65 2
5 R 23
5 W 25 44
5 W 222 75
5 R 26
5 W 113 100
5 R 2
5 R 24
5 C 45
0 S 46
0 W 234 41
0 W 122 53
0 R 124
0 W 174 34
0 R 217
0 R 42
0 C 46
4 S 47
4 R 24
4 W 87 88
4 W 237 92
4 R 19
4 R 20
4 R 167
4 W 12 4
4 R 30
4 W 29 68
4 R 221
4 W 18 27
4 W 137 33
4 C 47
4 S 48
4 R 13
4 R 141
4 W 8 90
4 R 29
4 W 28 11
4 W 11 23
4 R 93
4 C 48
5 S 49
5 W 199 3
5 R 234
5 R 24
5 W 14 31
5 W 236 56
5 R 17
5 W 4 58
5 R 26
5 W 131 23
5 W 1 89
5 C 49
3 S 50
3 R 22
3 W 36 58
3 R 22
3 R 1
3 W 134 52
3 R 75
3 R 155
3 R 228
3 R 118
3 W 144 66
3 R 26
3 W 8 66
3 W 63 70
3 C 50
0 S 51
0 W 194 30
0 R 128
0 R 18
0 W 14 17
0 R 32
0 R 80
0 C 51
1 S 52
1 W 121 67
1 R 23
1 R 29
1 R 14
1 W 228 41
1 W 109 94
1 R 5
1 R 193
1 R 109
1 R 43
1 R 82
1 W 225 76
1 W 107 91
1 R 15
1 C 52
2 S 53
2 R 182
2 W 29 95
2 W 154 42
2 R 8
2 R 64
2 W 21 40
2 W 116 33
2 R 171
2 C 53
1 S 54
1 W 12 14
1 R 131
1 W 6 58
1 W 81 4
1 W 57 18
1 R 22
1 W 123 74
1 W 30 10
1 W 43 44
1 W 180 7
1 R 197
1 W 23 56
1 W 24 19
1 W 9 3
1 R 243
1 W 29 50
1 R 30
1 C 54
3 S 55
3 W 147 50
3 W 56 56
3 R 140
3 W 244 94
3 W 121 15
3 R 193
3 C 55
2 S 56
2 R 205
2 R 82
2 R 19
2 R 90
2 R 141
2 W 61 13
2 R 73
2 R 93
2 W 28 40
2 R 117
2 C 56
5 S 57
5 W 33 13
5 W 108 0
5 R 1
5 R 52
5 R 23
5 R 30
5 W 19 59
5 W 8 59
5 R 11
5 R 11
5 W 188 51
5 R 231
5 R 12
5 W 3 12
5 W 5 67
5 R 42
5 R 1
5 R 129
5 R 223
5 R 37
5 C 57
0 S 58
0 R 49
0 W 174 72
0 W 13 21
0 R 59
0 R 4
0 R 27
0 R 225
0 R 194
0 W 153 16
0 R 22
0 R 164
0 W 178 40
0 W 175 45
0 R 30
0 R 69
0 W 14 48
0 C 58
4 S 59
4 W 23 54
4 R 231
4 W 11 87
4 W 15 50
4 W 90 24
4 W 16 6
4 R 211
4 W 11 81
4 R 24
4 W 8 61
4 W 58 43
4 C 59
5 S 60
5 W 28 69
5 R 94
5 W 17 37
5 W 8 66
5 R 203
5 R 217
5 R 4
5 C 60
0 S 61
0 W 18 73
0 W 10 82
0 R 1
0 R 23
0 W 227 73
0 R 12
0 W 0 85
0 R 51
0 R 6
0 W 13 12
0 W 86 93
0 R 116
0 C 61
1 S 62
1 R 3
1 R 20
1 W 28 23
1 W 7 61
1 W 67 27
1 W 18 78
1 W 6 90
1 W 24 23
1 W 247 21
1 W 71 42
1 W 151 62
1 W 53 15
1 W 180 65
1 R 17
1 R 18
1 C 62
4 S 63
4 W 78 40
4 R 14
4 W 38 19
4 R 181
4 W 59 69
4 R 22
4 W 70 47
4 R 4
4 W 50 16
4 W 136 77
4 W 0 32
4 R 129
4 W 190 41
4 W 17 84
4 W 158 59
4 R 206
4 W 44 14
4 R 8
4 C 63
2 S 64
2 W 119 75
2 W 30 96
2 R 93
2 W 14 4
2 W 5 19
2 W 153 47
2 R 27
2 W 23 51
2 W 240 60
2 W 13 15
2 W 80 11
2 R 4
2 R 163
2 R 166
2 W 120 76
2 W 237 10
2 R 4
2 C 64
3 S 65
3 W 94 85
3 W 121 15
3 R 4
3 W 89 67
3 W 240 23
3 R 129
3 W 209 70
3 W 33 19
3 W 232 50
3 W 11 26
3 R 183
3 R 118
3 R 28
3 W 148 6
3 W 230 77
3 C 65
5 S 66
5 R 215
5 W 253 63
5 R 16
5 W 7 89
5 R 28
5 W 77 38
5 W 4 51
5 W 42 34
5 R 3
5 R 57
5 R 101
5 R 23
5 W 95 59
5 R 112
5 W 108 67
5 R 238
5 C 66
3 S 67
3 R 136
3 W 118 82
3 R 216
3 R 164
3 R 100
3 R 223
3 W 29 52
3 W 18 3
3 W 14 21
3 W 200 12
3 R 20
3 R 44
3 R 21
3 R 13
3 W 50 2
3 W 19 57
3 C 67
0 S 68
0 W 36 25
0 R 9
0 W 108 19
0 R 28
0 W 25 14
0 R 213
0 R 0
0 W 175 14
0 W 249 13
0 R 3
0 R 104
0 R 28
0 W 215 37
0 R 68
0 W 189 52
0 W 95 46
0 W 254 92
0 C 68
1 S 69
1 W 7 81
1 R 130
1 R 30
1 R 176
1 R 53
1 R 202
1 C 69
2 S 70
2 W 24 10
2 R 254
2 R 17
2 R 58
2 W 154 80
2 W 182 36
2 W 133 56
2 W 30 89
2 R 12
2 W 20 52
2 W 7 3
2 W 151 66
2 R 154
2 R 179
2 R 189
2 C 70
4 S 71
4 R 12
4 W 82 13
4 W 180 94
4 W 11 70
4 R 22
4 W 186 95
4 W 43 67
4 W 14 64
4 R 30
4 W 54 19
4 W 244 39
4 C 71
5 S 72
5 R 33
5 W 196 3
5 R 31
5 R 14
5 R 252
5 R 148
5 W 61 70
5 W 124 63
5 R 124
5 W 207 36
5 W 29 18
5 R 0
5 C 72
2 S 73
2 W 248 26
2 R 13
2 R 7
2 R 211
2 W 99 87
2 R 138
2 R 9
2 R 1
2 R 100
2 R 2
2 W 17 53
2 W 141 81
2 R 111
2 C 73
3 S 74
3 W 14 62
3 R 23
3 W 114 0
3 W 124 12
3 R 20
3 W 25 42
3 R 26
3 R 10
3 R 177
3 R 74
3 C 74
0 S 75
0 R 102
0 R 18
0 R 2
0 W 195 69
0 R 22
0 R 112
0 W 227 16
0 W 31 86
0 C 75
4 S 76
4 W 102 45
4 R 2
4 R 92
4 R 218
4 W 250 14
4 W 93 14
4 R 176
4 R 188
4 W 13 86
4 W 253 81
4 W 16 85
4 W 25 92
4 R 100
4 C 76
1 S 77
1 W 94 33
1 W 162 96
1 W 5 66
1 R 0
1 W 43 52
1 R 77
1 W 183 82
1 W 22 4
1 R 187
1 W 11 74
1 W 10 86
1 C 77
4 S 78
4 R 20
4 R 14
4 W 49 64
4 W 176 63
4 W 11 8
4 R 191
4 R 21
4 W 23 12
4 R 29
4 R 218
4 R 74
4 W 9 78
4 R 17
4 R 39
4 W 128 32
4 R 183
4 C 78
0 S 79
0 R 23
0 R 211
0 W 174 4
0 W 15 89
0 W 7 20
0 R 33
0 C 79
2 S 80
2 R 141
2 W 2 33
2 R 171
2 W 37 32
2 W 18 67
2 W 187 69
2 W 205 37
2 R 13
2 R 11
2 W 110 11
2 W 29 66
2 W 126 76
2 R 231
2 W 165 77
2 W 208 69
2 W 72 53
2 W 8 41
2 R 70
2 R 55
2 C 80
1 S 81
1 R 21
1 W 41 67
1 W 160 46
1 W 103 41
1 R 198
1 W 13 24
1 W 215 8
1 R 7
1 W 194 37
1 W 2 32
1 W 9 42
1 W 0 71
1 R 9
1 W 237 24
1 C 81
3 S 82
3 R 142
3 W 60 68
3 W 30 60
3 W 10 17
3 R 178
3 R 98
3 C 82
5 S 83
5 R 73
5 W 12 93
5 W 16 2
5 R 25
5 W 30 3
5 R 193
5 R 19
5 W 20 18
5 R 18
5 W 3 0
5 R 2
5 R 19
5 W 0 78
5 C 83
0 S 84
0 R 148
0 W 91 99
0 R 26
0 W 230 86
0 R 48
0 W 28 28
0 R 243
0 R 188
0 W 4 12
0 C 84
1 S 85
1 W 6 89
1 R 228
1 W 33 41
1 W 83 95
1 W 99 79
1 R 220
1 R 225
1 R 176
1 W 103 88
1 W 0 10
1 W 171 40
1 W 43 9
1 W 7 27
1 W 6 56
1 W 45 80
1 C 85
4 S 86
4 R 130
4 W 11 2
4 W 66 36
4 W 23 46
4 R 25
4 R 52
4 W 138 26
4 R 196
4 R 84
4 W 196 93
4 R 96
4 C 86
5 S 87
5 R 89
5 W 134 90
5 R 87
5 W 4 73
5 W 7 88
5 R 164
5 W 5 76
5 W 76 29
5 R 20
5 R 62
5 W 17 81
5 R 4
5 R 131
5 W 24 75
5 W 102 11
5 R 4
5 W 190 96
5 R 205
5 W 22 9
5 R 46
5 C 87
2 S 88
2 W 31 79
2 W 104 60
2 W 160 49
2 W 213 20
2 W 205 82
2 R 8
2 W 31 60
2 W 24 66
2 W 203 2
2 R 167
2 R 45
2 W 163 26
2 W 91 54
2 W 136 58
2 R 19
2 R 22
2 R 169
2 C 88
3 S 89
3 R 157
3 W 18 24
3 W 197 17
3 R 24
3 W 11 22
3 R 144
3 W 34 21
3 W 233 42
3 R 20
3 W 29 4
3 W 193 37
3 W 188 65
3 W 48 57
3 W 19 18
3 R 16
3 R 168
3 C 89
4 S 90
4 R 150
4 R 13
4 R 89
4 W 62 60
4 W 89 9
4 R 132
4 W 61 52
4 W 14 86
4 R 23
4 W 180 63
4 R 4
4 W 215 15
4 R 24
4 R 138
4 R 14
4 C 90
0 S 91
0 W 140 16
0 W 82 46
0 W 123 90
0 W 95 54
0 R 27
0 R 22
0 W 85 58
0 W 25 92
0 C 91
5 S 92
5 R 25
5 R 18
5 R 18
5 W 202 58
5 R 3
5 R 14
5 C 92
3 S 93
3 W 1 90
3 R 19
3 R 20
3 W 21 63
3 R 29
3 R 7
3 C 93
2 S 94
2 W 41 4
2 W 134 11
2 R 87
2 R 0
2 R 3
2 R 157
2 W 135 65
2 R 167
2 W 81 94
2 R 17
2 W 2 44
2 R 18
2 R 27
2 W 29 14
2 W 62 3
2 W 118 66
2 R 10
2 C 94
1 S 95
1 W 37 35
1 R 8
1 R 24
1 W 148 14
1 W 245 31
1 W 140 94
1 R 180
1 R 92
1 W 30 65
1 R 77
1 W 111 93
1 R 121
1 W 10 20
1 R 18
1 R 14
1 W 18 88
1 W 145 61
1 C 95
0 S 96
0 W 9 81
0 R 140
0 W 26 52
0 W 60 1
0 R 9
0 W 251 93
0 R 12
0 W 7 4
0 C 96
1 S 97
1 W 127 88
1 W 69 7
1 R 207
1 R 53
1 R 19
1 R 24
1 R 22
1 W 7 80
1 W 30 42
1 R 24
1 R 243
1 W 21 94
1 R 169
1 C 97
5 S 98
5 R 21
5 W 57 31
5 W 226 24
5 W 128 19
5 W 22 90
5 W 133 89
5 W 16 56
5 W 2 72
5 W 112 9
5 R 6
5 W 8 27
5 W 211 18
5 R 28
5 W 115 15
5 W 181 85
5 W 136 67
5 W 227 35
5 W 131 40
5 C 98
2 S 99
2 R 46
2 W 44 77
2 R 144
2 R 13
2 R 119
2 W 113 61
2 R 145
2 R 1
2 R 161
2 R 47
2 R 7
2 R 249
2 W 6 78
2 C 99
3 S 100
3 W 24 86
3 W 25 66
3 R 54
3 R 206
3 R 152
3 W 165 92
3 R 23
3 R 177
3 W 240 50
3 W 74 6
3 W 242 4
3 C 100
4 S 101
4 W 1 14
4 R 17
4 R 145
4 W 156 36
4 W 26 62
4 R 74
4 W 17 50
4 C 101
5 S 102
5 R 11
5 W 29 54
5 W 11 57
5 R 6
5 W 121 32
5 W 20 89
5 R 118
5 R 153
5 R 22
5 C 102
3 S 103
3 R 86
3 W 24 95
3 W 3 49
3 R 17
3 W 44 26
3 W 145 52
3 R 27
3 W 26 90
3 C 103
4 S 104
4 W 74 5
4 R 20
4 W 30 30
4 W 126 34
4 R 172
4 W 244 77
4 C 104
0 S 105
0 W 17 23
0 R 179
0 W 123 0
0 R 102
0 R 240
0 W 225 86
0 R 28
0 R 9
0 C 105
1 S 106
1 W 15 54
1 R 55
1 R 3
1 R 20
1 W 10 2
1 W 213 78
1 R 52
1 R 210
1 W 81 48
1 R 148
1 R 62
1 W 3 90
1 R 17
1 C 106
2 S 107
2 W 3 74
2 R 164
2 R 21
2 R 199
2 R 230
2 W 146 7
2 R 4
2 R 13
2 W 150 46
2 R 180
2 W 74 91
2 R 18
2 R 3
2 W 15 50
2 R 8
2 W 23 73
2 R 130
2 W 238 35
2 C 107
1 S 108
1 R 197
1 W 74 74
1 R 7
1 R 8
1 R 128
1 W 1 74
1 R 1
1 R 19
1 W 8 37
1 W 26 79
1 R 97
1 W 146 75
1 W 90 64
1 R 23
1 R 3
1 R 28
1 C 108
3 S 109
3 W 2 61
3 W 108 70
3 W 48 95
3 W 100 24
3 W 106 68
3 R 246
3 R 203
3 W 28 57
3 W 34 57
3 R 27
3 R 12
3 R 50
3 W 118 50
3 W 24 17
3 W 36 19
3 R 190
3 R 1
3 W 154 55
3 C 109
0 S 110
0 W 57 47
0 W 110 26
0 R 20
0 R 120
0 W 73 41
0 W 215 38
0 R 24
0 R 17
0 R 16
0 R 230
0 R 15
0 R 95
0 C 110
4 S 111
4 R 21
4 R 168
4 R 245
4 R 4
4 W 105 89
4 W 16 69
4 W 31 42
4 W 24 14
4 R 10
4 W 102 80
4 W 142 34
4 W 11 33
4 W 24 33
4 W 31 79
4 W 14 49
4 C 111
5 S 112
5 R 219
5 R 82
5 W 147 81
5 R 4
5 W 13 61
5 R 29
5 R 50
5 R 137
5 W 96 50
5 R 16
5 W 155 7
5 R 9
5 W 216 82
5 W 17 58
5 W 13 70
5 R 19
5 W 250 16
5 R 225
5 R 106
5 C 112
2 S 113
2 R 179
2 W 76 97
2 R 5
2 R 8
2 W 113 92
2 R 146
2 R 117
2 W 176 45
2 R 101
2 R 22
2 W 19 30
2 W 12 66
2 W 47 17
2 R 0
2 R 255
2 C 113
5 S 114
5 R 183
5 W 35 45
5 W 109 5
5 R 2
5 W 65 94
5 R 22
5 W 8 9
5 R 47
5 R 200
5 R 188
5 C 114
0 S 115
0 W 47 88
0 W 176 80
0 R 15
0 W 8 38
0 W 153 71
0 R 170
0 R 115
0 R 212
0 R 128
0 R 1
0 R 30
0 R 168
0 R 24
0 R 21
0 W 164 25
0 R 237
0 R 37
0 R 184
0 R 21
0 C 115
2 S 116
2 R 146
2 R 5
2 R 179
2 W 102 70
2 R 77
2 R 185
2 C 116
4 S 117
4 W 215 38
4 R 209
4 R 201
4 R 22
4 W 236 29
4 W 208 7
4 W 251 51
4 R 244
4 W 156 99
4 R 16
4 W 40 78
4 W 171 89
4 R 68
4 R 8
4 W 21 8
4 W 66 76
4 W 211 14
4 R 186
4 C 117
1 S 118
1 R 11
1 R 209
1 R 158
1 R 251
1 W 3 20
1 R 108
1 R 22
1 R 120
1 W 169 93
1 W 22 26
1 R 176
1 R 8
1 R 28
1 R 188
1 R 71
1 W 33 77
1 R 72
1 C 118
3 S 119
3 R 154
3 W 26 91
3 W 17 21
3 W 32 90
3 W 9 44
3 W 126 29
3 C 119
2 S 120
2 R 8
2 W 97 58
2 W 25 54
2 W 15 83
2 W 66 51
2 R 19
2 R 18
2 R 230
2 W 85 11
2 R 102
2 R 8
2 W 173 48
2 R 151
2 W 71 40
2 W 1 100
2 W 170 6
2 W 81 97
2 C 120
4 S 121
4 W 17 88
4 R 9
4 R 191
4 R 174
4 W 50 77
4 R 179
4 R 22
4 W 12 95
4 R 239
4 R 3
4 R 230
4 R 203
4 R 4
4 R 2
4 R 13
4 R 139
4 R 77
4 R 91
4 R 107
4 R 24
4 C 121
3 S 122
3 W 31 12
3 W 24 47
3 W 178 76
3 W 239 58
3 W 30 47
3 W 23 17
3 W 199 72
3 R 20
3 W 66 29
3 W 145 66
3 W 17 1
3 R 196
3 R 165
3 R 213
3 W 206 65
3 R 9
3 R 5
3 R 105
3 R 17
3 R 11
3 C 122
5 S 123
5 W 62 1
5 R 39
5 R 41
5 R 203
5 W 29 74
5 W 46 10
5 W 2 31
5 R 245
5 W 11 81
5 R 0
5 R 211
5 R 237
5 R 223
5 W 14 100
5 C 123
1 S 124
1 R 15
1 W 28 12
1 R 78
1 R 152
1 R 97
1 W 152 82
1 R 219
1 R 132
1 R 193
1 W 10 90
1 R 5
1 W 37 40
1 R 224
1 R 214
1 R 2
1 C 124
0 S 125
0 W 27 78
0 W 173 59
0 R 236
0 R 20
0 W 38 24
0 R 156
0 R 80
0 W 25 1
0 W 15 52
0 R 79
0 W 24 6
0 W 155 31
0 W 5 30
0 W 219 16
0 R 6
0 W 165 41
0 W 14 14
0 R 215
0 C 125
3 S 126
3 R 12
3 W 178 18
3 R 209
3 R 157
3 R 28
3 R 40
3 W 3 57
3 W 51 65
3 R 57
3 W 150 17
3 C 126
0 S 127
0 W 7 23
0 W 10 76
0 R 246
0 W 25 30
0 W 18 86
0 W 181 8
0 R 230
0 W 35 86
0 R 124
0 R 194
0 C 127
4 S 128
4 W 145 7
4 R 10
4 W 189 44
4 R 7
4 W 153 98
4 W 116 73
4 W 33 35
4 R 181
4 R 91
4 W 233 41
4 W 242 2
4 R 29
4 R 13
4 C 128
1 S 129
1 W 219 62
1 W 22 75
1 R 227
1 R 71
1 R 14
1 R 0
1 W 5 92
1 R 232
1 R 213
1 W 159 90
1 R 1
1 R 226
1 R 113
1 W 4 34
1 R 220
1 W 129 70
1 W 215 94
1 W 169 80
1 W 20 59
1 W 16 19
1 C 129
5 S 130
5 R 6
5 R 24
5 R 240
5 W 234 19
5 W 4 65
5 R 1
5 R 92
5 W 5 57
5 R 16
5 C 130
2 S 131
2 W 63 16
2 W 22 29
2 R 39
2 R 222
2 R 104
2 W 20 5
2 W 21 83
2 W 29 68
2 W 220 5
2 R 26
2 C 131
2 S 132
2 R 155
2 R 134
2 W 24 11
2 R 230
2 R 224
2 R 250
2 R 1
2 W 14 50
2 W 211 40
2 W 94 37
2 W 145 76
2 C 132
5 S 133
5 W 255 88
5 W 167 26
5 R 17
5 W 132 25
5 R 81
5 R 161
5 R 244
5 C 133
4 S 134
4 W 167 1
4 R 0
4 W 106 3
4 R 215
4 W 17 0
4 R 22
4 W 23 96
4 W 23 38
4 R 173
4 R 25
4 R 18
4 C 134
3 S 135
3 W 210 36
3 R 24
3 W 24 13
3 W 3 54
3 R 226
3 W 152 74
3 R 14
3 W 165 34
3 R 9
3 R 30
3 W 124 61
3 W 16 26
3 W 19 2
3 R 243
3 W 10 4
3 R 143
3 W 166 14
3 C 135
1 S 136
1 W 241 19
1 R 30
1 W 9 82
1 R 159
1 W 14 55
1 R 122
1 W 20 51
1 W 23 86
1 W 27 10
1 W 145 80
1 R 199
1 R 12
1 R 226
1 C 136
0 S 137
0 R 48
0 W 247 79
0 R 229
0 R 37
0 R 104
0 R 11
0 W 15 97
0 C 137
2 S 138
2 R 30
2 W 1 23
2 R 0
2 R 133
2 W 232 29
2 R 206
2 R 16
2 W 184 58
2 W 12 64
2 R 4
2 R 10
2 R 123
2 W 181 18
2 W 9 75
2 R 163
2 C 138
1 S 139
1 R 218
1 W 29 72
1 R 181
1 W 229 65
1 R 49
1 R 26
1 R 10
1 R 112
1 R 10
1 R 185
1 R 24
1 W 115 11
1 R 174
1 R 14
1 R 77
1 W 195 29
1 W 4 43
1 C 139
0 S 140
0 R 86
0 R 29
0 R 3
0 W 96 67
0 R 84
0 W 46 3
0 C 140
3 S 141
3 R 73
3 R 187
3 R 76
3 R 148
3 W 244 21
3 W 147 95
3 R 65
3 R 65
3 R 156
3 R 18
3 C 141
5 S 142
5 R 196
5 W 8 31
5 W 19 28
5 W 200 21
5 R 155
5 R 7
5 R 12
5 R 157
5 W 171 100
5 R 29
5 R 235
5 R 20
5 W 43 95
5 R 33
5 R 25
5 R 30
5 R 42
5 W 19 5
5 R 27
5 C 142
4 S 143
4 R 90
4 R 178
4 R 75
4 W 235 81
4 W 114 12
4 W 57 82
4 W 59 23
4 R 176
4 W 17 9
4 R 108
4 W 13 51
4 W 19 33
4 R 28
4 R 223
4 W 0 61
4 W 182 44
4 W 14 8
4 R 1
4 R 200
4 C 143
5 S 144
5 R 56
5 W 0 3
5 R 16
5 W 13 25
5 W 13 90
5 R 4
5 R 203
5 W 199 44
5 R 7
5 W 205 62
5 R 126
5 W 24 16
5 W 163 66
5 R 27
5 R 238
5 W 43 10
5 R 138
5 R 38
5 C 144
4 S 145
4 W 140 64
4 R 18
4 R 121
4 W 0 14
4 W 21 75
4 W 31 46
4 W 4 74
4 W 22 41
4 R 172
4 C 145
1 S 146
1 W 11 84
1 R 105
1 R 208
1 R 238
1 W 164 2
1 R 103
1 R 135
1 W 183 59
1 C 146
2 S 147
2 W 136 21
2 R 243
2 R 99
2 W 22 24
2 R 20
2 R 30
2 W 158 63
2 W 16 28
2 W 162 61
2 W 217 39
2 C 147
0 S 148
0 R 177
0 W 135 72
0 R 189
0 R 18
0 R 36
0 R 155
0 C 148
3 S 149
3 W 7 67
3 W 1 4
3 R 178
3 W 28 56
3 W 0 51
3 R 105
3 R 18
3 W 65 49
3 R 4
3 W 22 30
3 W 253 66
3 R 51
3 R 108
3 R 14
3 W 106 59
3 R 119
3 C 149
4 S 150
4 R 93
4 R 16
4 R 91
4 W 91 69
4 W 9 14
4 W 43 32
4 W 119 76
4 R 116
4 R 192
4 C 150
0 S 151
0 R 17
0 W 18 66
0 W 3 44
0 W 73 10
0 W 69 26
0 W 78 35
0 W 27 16
0 W 143 38
0 R 37
0 W 204 79
0 R 6
0 W 81 11
0 W 198 75
0 R 129
0 R 26
0 R 25
0 R 178
0 C 151
5 S 152
5 W 87 82
5 R 47
5 W 244 75
5 R 210
5 W 23 48
5 W 14 71
5 W 94 59
5 R 136
5 R 19
5 R 181
5 W 21 5
5 R 16
5 R 35
5 C 152
2 S 153
2 R 31
2 R 122
2 W 6 29
2 R 241
2 R 185
2 R 28
2 W 11 13
2 R 17
2 R 230
2 R 22
2 R 235
2 R 61
2 R 195
2 W 11 2
2 C 153
3 S 154
3 R 110
3 R 0
3 R 200
3 W 29 19
3 R 9
3 W 15 74
3 R 0
3 R 108
3 W 21 39
3 W 239 67
3 R 171
3 W 18 15
3 R 11
3 R 113
3 R 253
3 W 93 100
3 C 154
1 S 155
1 R 184
1 W 62 84
1 R 250
1 W 9 96
1 W 20 52
1 R 21
1 W 39 48
1 W 57 34
1 W 67 84
1 R 23
1 W 7 94
1 R 255
1 C 155
0 S 156
0 W 3 3
0 W 6 44
0 W 112 73
0 W 130 50
0 W 237 87
0 R 93
0 W 147 70
0 R 115
0 W 26 39
0 W 15 16
0 W 12 37
0 C 156
5 S 157
5 R 207
5 R 196
5 R 204
5 R 136
5 R 49
5 W 253 6
5 R 17
5 R 1
5 R 8
5 W 208 4
5 W 13 9
5 C 157
3 S 158
3 W 250 6
3 R 5
3 W 90 39
3 W 139 43
3 R 35
3 R 3
3 R 107
3 R 13
3 R 229
3 R 31
3 W 68 54
3 R 13
3 W 4 17
3 R 52
3 W 0 96
3 R 19
3 C 158
4 S 159
4 R 168
4 W 226 13
4 W 196 84
4 R 195
4 W 143 58
4 W 10 70
4 R 203
4 R 165
4 W 250 86
4 R 7
4 W 77 7
4 R 17
4 W 21 83
4 C 159
1 S 160
1 R 2
1 W 154 46
1 W 122 76
1 W 15 51
1 W 236 68
1 W 42 34
1 W 123 63
1 W 243 53
1 R 3
1 W 18 84
1 R 12
1 W 11 16
1 W 48 9
1 R 30
1 W 101 0
1 W 24 12
1 R 140
1 R 13
1 W 68 19
1 C 160
2 S 161
2 W 170 9
2 R 110
2 R 31
2 W 29 10
2 R 184
2 R 45
2 W 122 81
2 R 168
2 R 16
2 R 159
2 C 161
0 S 162
0 W 14 10
0 R 23
0 W 223 64
0 R 11
0 R 4
0 W 2 93
0 R 141
0 W 107 83
0 R 24
0 R 24
0 R 226
0 W 123 49
0 R 0
0 R 30
0 R 174
0 C 162
2 S 163
2 R 248
2 R 195
2 R 178
2 R 241
2 W 73 64
2 W 3 91
2 R 174
2 R 76
2 W 29 68
2 W 194 46
2 R 131
2 W 99 57
2 R 116
2 R 23
2 R 90
2 W 86 89
2 C 163
3 S 164
3 W 4 63
3 R 87
3 R 31
3 R 30
3 R 161
3 R 48
3 W 25 81
3 W 244 95
3 W 98 16
3 W 178 16
3 R 218
3 W 94 56
3 R 13
3 R 112
3 C 164
5 S 165
5 R 70
5 W 31 84
5 R 156
5 W 112 39
5 R 140
5 R 26
5 W 77 8
5 W 17 5
5 W 173 66
5 W 13 74
5 W 27 26
5 W 42 90
5 W 2 94
5 R 169
5 R 153
5 R 8
5 R 234
5 R 123
5 W 29 69
5 R 99
5 C 165
1 S 166
1 W 248 53
1 W 17 54
1 R 22
1 R 209
1 R 52
1 W 40 37
1 R 231
1 R 19
1 W 70 74
1 W 69 80
1 W 148 51
1 W 177 98
1 W 15 48
1 W 2 97
1 W 22 28
1 R 1
1 C 166
4 S 167
4 R 24
4 W 231 22
4 W 228 69
4 R 102
4 R 61
4 R 20
4 R 5
4 R 16
4 R 21
4 R 14
4 R 59
4 C 167
2 S 168
2 R 16
2 R 26
2 R 14
2 R 8
2 W 19 27
2 W 132 88
2 R 191
2 W 245 57
2 R 30
2 R 1
2 W 169 42
2 R 21
2 R 58
2 W 246 71
2 R 2
2 W 2 19
2 R 119
2 R 10
2 W 20 44
2 W 118 58
2 C 168
5 S 169
5 R 124
5 W 14 67
5 R 7
5 R 80
5 R 173
5 R 242
5 W 126 72
5 W 18 30
5 R 68
5 R 15
5 R 255
5 R 16
5 W 209 11
5 W 3 38
5 R 209
5 R 5
5 R 150
5 C 169
3 S 170
3 R 7
3 R 76
3 W 40 41
3 R 249
3 W 122 16
3 W 132 100
3 R 12
3 W 117 47
3 R 216
3 W 203 65
3 R 131
3 R 245
3 R 238
3 R 21
3 W 5 81
3 W 43 19
3 R 97
3 W 60 100
3 R 10
3 C 170
0 S 171
0 R 111
0 W 10 4
0 R 154
0 R 14
0 R 22
0 W 211 62
0 W 13 21
0 R 2
0 R 95
0 W 139 90
0 R 203
0 W 23 52
0 R 76
0 W 5 70
0 W 146 2
0 W 125 32
0 W 4 85
0 C 171
1 S 172
1 W 53 9
1 W 25 66
1 W 65 33
1 R 5
1 W 0 85
1 R 15
1 W 137 39
1 W 24 40
1 R 27
1 R 120
1 R 231
1 R 30
1 R 17
1 R 4
1 C 172
4 S 173
4 R 255
4 R 26
4 W 166 95
4 R 185
4 R 95
4 R 54
4 W 9 7
4 W 3 34
4 W 11 99
4 W 18 59
4 C 173
3 S 174
3 R 5
3 R 76
3 R 242
3 R 11
3 W 62 42
3 R 127
3 W 15 70
3 R 224
3 R 43
3 W 196 58
3 W 24 81
3 C 174
1 S 175
1 R 171
1 R 218
1 R 16
1 R 190
1 W 22 78
1 W 207 54
1 R 126
1 R 146
1 W 98 77
1 R 152
1 W 247 70
1 R 42
1 R 236
1 W 0 57
1 R 11
1 R 31
1 C 175
4 S 176
4 W 9 99
4 W 87 100
4 W 155 22
4 R 141
4 R 150
4 R 28
4 R 17
4 W 65 23
4 W 2 78
4 W 3 58
4 W 10 65
4 W 7 27
4 R 119
4 W 62 58
4 R 165
4 R 2
4 C 176
2 S 177
2 W 13 78
2 W 227 88
2 R 241
2 R 41
2 R 182
2 W 243 77
2 W 40 24
2 W 155 93
2 C 177
0 S 178
0 W 55 72
0 W 199 79
0 R 213
0 R 10
0 W 252 70
0 W 131 74
0 W 207 84
0 W 2 72
0 C 178
5 S 179
5 R 161
5 W 227 39
5 W 13 79
5 R 102
5 R 184
5 W 25 62
5 R 118
5 R 56
5 R 199
5 R 11
5 W 103 16
5 R 9
5 W 5 94
5 W 217 22
5 W 34 41
5 R 11
5 W 16 57
5 C 179
0 S 180
0 W 1 71
0 R 221
0 W 200 77
0 W 158 96
0 W 15 15
0 W 216 14
0 R 124
0 W 119 99
0 W 29 7
0 R 20
0 W 16 88
0 R 175
0 R 0
0 W 97 82
0 W 10 91
0 W 167 37
0 W 9 72
0 W 178 34
0 C 180
2 S 181
2 W 189 32
2 W 10 85
2 R 155
2 W 4 51
2 R 4
2 R 122
2 W 28 93
2 C 181
3 S 182
3 R 230
3 W 153 15
3 W 18 17
3 R 199
3 R 42
3 W 128 90
3 C 182
4 S 183
4 R 29
4 R 36
4 R 101
4 W 23 28
4 R 114
4 W 0 11
4 R 110
4 W 80 81
4 R 243
4 W 23 24
4 W 229 9
4 R 11
4 W 120 8
4 W 183 14
4 W 1 94
4 R 15
4 W 174 72
4 W 159 47
4 R 118
4 C 183
1 S 184
1 W 18 33
1 W 48 6
1 R 17
1 R 14
1 R 7
1 R 157
1 R 23
1 W 5 18
1 R 181
1 W 79 67
1 R 26
1 R 189
1 C 184
5 S 185
5 W 7 5
5 W 111 39
5 W 21 98
5 W 91 78
5 R 10
5 W 137 38
5 W 177 31
5 C 185
2 S 186
2 W 18 35
2 W 23 76
2 W 162 78
2 R 27
2 R 10
2 R 14
2 R 193
2 W 5 85
2 W 141 0
2 W 2 67
2 R 23
2 W 17 0
2 R 129
2 R 93
2 W 195 42
2 R 179
2 W 199 76
2 W 9 74
2 W 12 11
2 C 186
4 S 187
4 R 119
4 W 236 9
4 W 28 57
4 W 219 77
4 R 24
4 W 210 45
4 W 31 35
4 R 2
4 W 213 78
4 W 198 0
4 W 20 75
4 W 121 94
4 W 20 0
4 C 187
0 S 188
0 R 121
0 R 19
0 R 6
0 R 6
0 R 64
0 W 15 3
0 W 197 55
0 W 93 18
0 R 0
0 W 93 23
0 W 116 68
0 R 180
0 W 21 25
0 W 40 80
0 R 12
0 C 188
3 S 189
3 R 6
3 R 210
3 W 26 11
3 R 151
3 R 15
3 W 3 95
3 W 29 79
3 W 146 21
3 W 3 53
3 R 22
3 W 108 31
3 W 66 3
3 W 193 32
3 R 224
3 W 125 25
3 C 189
1 S 190
1 R 121
1 R 22
1 R 135
1 W 5 26
1 W 195 20
1 R 245
1 W 175 6
1 R 183
1 W 28 31
1 W 18 27
1 C 190
5 S 191
5 W 215 17
5 W 5 68
5 W 90 51
5 R 197
5 R 28
5 R 30
5 W 10 67
5 R 204
5 R 6
5 W 251 59
5 R 32
5 R 22
5 R 29
5 R 194
5 R 0
5 R 8
5 R 141
5 W 20 58
5 C 191
2 S 192
2 W 29 35
2 R 1
2 R 20
2 R 136
2 W 48 18
2 R 23
2 R 9
2 R 23
2 R 9
2 W 26 82
2 R 252
2 W 227 10
2 W 85 94
2 W 125 5
2 C 192
4 S 193
4 R 56
4 W 29 72
4 R 131
4 W 65 26
4 W 52 0
4 W 12 13
4 W 7 48
4 W 207 42
4 R 174
4 W 0 62
4 W 22 63
4 R 97
4 W 15 78
4 W 17 63
4 W 5 93
4 C 193
0 S 194
0 W 13 22
0 W 84 40
0 W 23 32
0 W 19 50
0 W 196 1
0 R 201
0 R 123
0 R 11
0 W 37 71
0 W 136 47
0 W 6 6
0 W 2 69
0 W 4 53
0 W 16 30
0 C 194
3 S 195
3 R 3
3 W 29 98
3 R 111
3 R 79
3 W 221 56
3 W 81 65
3 W 141 5
3 W 95 39
3 W 16 65
3 W 211 62
3 W 13 57
3 W 23 38
3 C 195
1 S 196
1 W 9 31
1 R 9
1 W 12 4
1 R 254
1 R 56
1 R 5
1 W 114 49
1 R 153
1 W 52 88
1 W 95 2
1 R 127
1 R 138
1 R 23
1 R 202
1 R 255
1 C 196
5 S 197
5 R 229
5 W 215 59
5 R 31
5 R 12
5 W 101 82
5 R 16
5 W 225 49
5 C 197
1 S 198
1 W 92 25
1 R 134
1 W 9 40
1 R 68
1 R 29
1 R 20
1 R 198
1 R 84
1 R 231
1 W 134 54
1 R 122
1 W 28 74
1 R 234
1 R 234
1 R 30
1 R 115
1 R 3
1 R 190
1 C 198
4 S 199
4 R 207
4 R 23
4 R 84
4 W 4 26
4 R 31
4 W 20 2
4 R 16
4 W 119 2
4 R 26
4 W 220 14
4 R 3
4 R 8
4 R 20
4 W 18 70
4 C 199
2 S 200
2 R 43
2 W 52 77
2 R 31
2 W 30 70
2 R 13
2 W 25 4
2 W 5 27
2 R 6
2 R 13
2 W 70 83
2 R 23
2 R 111
2 R 124
2 C 200
0 S 201
0 R 143
0 W 153 61
0 R 24
0 R 3
0 R 2
0 R 193
0 R 85
0 R 176
0 R 78
0 W 62 72
0 C 201
3 S 202
3 W 3 35
3 W 8 38
3 R 191
3 R 163
3 W 197 83
3 W 225 60
3 R 51
3 W 11 100
3 R 7
3 W 20 12
3 W 126 97
3 W 58 96
3 R 163
3 W 95 89
3 W 181 67
3 W 251 48
3 C 202
5 S 203
5 R 230
5 R 31
5 W 20 28
5 W 30 39
5 W 140 87
5 W 25 53
5 C 203
1 S 204
1 R 87
1 W 18 8
1 W 25 31
1 R 6
1 W 226 49
1 R 22
1 R 243
1 W 56 85
1 R 16
1 R 61
1 W 6 70
1 W 128 62
1 W 165 35
1 W 15 65
1 C 204
3 S 205
3 W 15 28
3 R 62
3 W 30 8
3 R 11
3 W 56 51
3 W 8 65
3 R 218
3 R 171
3 W 19 60
3 W 6 82
3 R 28
3 W 208 94
3 C 205
4 S 206
4 W 152 88
4 R 234
4 W 188 81
4 W 7 84
4 R 242
4 W 3 68
4 C 206
0 S 207
0 R 23
0 R 69
0 R 14
0 W 249 52
0 W 252 66
0 R 193
0 R 5
0 W 59 85
0 W 13 64
0 W 168 90
0 R 108
0 C 207
2 S 208
2 R 225
2 W 23 31
2 W 12 93
2 W 204 33
2 W 16 2
2 R 87
2 W 217 20
2 W 105 43
2 R 152
2 W 23 93
2 C 208
5 S 209
5 W 67 14
5 R 21
5 W 188 95
5 W 230 66
5 W 161 21
5 R 171
5 W 228 27
5 R 242
5 W 7 88
5 R 231
5 W 187 78
5 R 245
5 C 209
1 S 210
1 R 1
1 R 5
1 W 13 42
1 R 29
1 R 252
1 W 94 14
1 R 5
1 R 12
1 R 4
1 C 210
3 S 211
3 W 237 71
3 W 157 50
3 R 189
3 W 9 2
3 W 197 94
3 R 212
3 R 254
3 R 148
3 R 8
3 W 16 10
3 R 44
3 W 224 64
3 R 21
3 W 18 36
3 W 222 12
3 W 132 35
3 W 1 10
3 W 27 65
3 C 211
5 S 212
5 W 225 61
5 R 1
5 W 203 44
5 R 125
5 W 106 63
5 R 0
5 R 17
5 W 166 17
5 W 200 18
5 R 29
5 R 193
5 R 188
5 C 212
4 S 213
4 W 95 0
4 W 29 35
4 R 43
4 W 1 66
4 W 172 25
4 W 21 93
4 R 7
4 W 9 49
4 W 37 21
4 R 114
4 W 8 89
4 W 89 3
4 W 122 42
4 R 1
4 C 213
0 S 214
0 R 9
0 W 6 42
0 R 215
0 R 41
0 W 54 3
0 W 27 54
0 W 175 25
0 W 151 61
0 W 213 9
0 C 214
2 S 215
2 R 12
2 W 58 20
2 W 1 70
2 R 135
2 W 224 72
2 R 82
2 W 227 11
2 W 9 94
2 R 144
2 R 13
2 R 4
2 R 243
2 W 14 65
2 W 171 97
2 W 196 99
2 R 255
2 W 234 46
2 R 126
2 W 162 17
2 W 174 6
2 C 215
4 S 216
4 W 131 44
4 R 26
4 R 204
4 R 226
4 W 16 27
4 R 3
4 W 226 58
4 R 206
4 W 215 75
4 R 18
4 W 76 7
4 R 68
4 W 169 75
4 W 18 90
4 C 216
5 S 217
5 W 181 33
5 W 21 47
5 R 99
5 W 3 4
5 W 92 5
5 R 232
5 W 97 56
5 R 240
5 W 20 97
5 R 237
5 R 74
5 R 36
5 W 8 42
5 W 70 96
5 C 217
2 S 218
2 R 228
2 W 223 11
2 R 87
2 R 15
2 W 154 85
2 W 235 50
2 R 25
2 W 174 21
2 W 56 72
2 W 3 71
2 W 218 56
2 W 155 58
2 W 15 60
2 R 104
2 W 79 17
2 W 224 41
2 W 216 30
2 R 1
2 C 218
1 S 219
1 W 14 18
1 W 219 74
1 W 22 56
1 W 35 88
1 W 137 58
1 R 16
1 R 252
1 W 7 68
1 R 11
1 R 3
1 R 165
1 C 219
3 S 220
3 W 101 53
3 W 188 7
3 W 7 84
3 R 17
3 R 20
3 W 23 72
3 W 17 64
3 W 207 98
3 R 25
3 R 29
3 W 129 14
3 R 28
3 W 212 40
3 W 16 34
3 R 3
3 R 14
3 R 111
3 R 7
3 R 26
3 R 81
3 C 220
0 S 221
0 R 244
0 R 236
0 W 24 24
0 R 81
0 R 21
0 R 13
0 W 75 9
0 W 13 34
0 R 12
0 W 23 57
0 R 192
0 W 178 89
0 R 52
0 C 221
2 S 222
2 W 12 3
2 R 23
2 W 235 85
2 R 14
2 R 166
2 W 144 88
2 W 168 30
2 W 248 58
2 W 107 43
2 W 149 92
2 W 76 74
2 R 28
2 W 179 33
2 W 29 19
2 R 228
2 R 21
2 R 212
2 W 16 38
2 R 158
2 C 222
1 S 223
1 W 31 29
1 R 176
1 W 26 35
1 W 177 58
1 W 197 72
1 R 31
1 W 31 91
1 R 10
1 W 10 7
1 W 14 53
1 R 12
1 W 7 47
1 W 122 79
1 R 66
1 W 158 4
1 C 223
3 S 224
3 W 245 53
3 R 29
3 R 18
3 W 27 53
3 W 53 20
3 R 30
3 W 222 29
3 R 99
3 R 173
3 W 9 14
3 R 246
3 W 248 77
3 W 12 2
3 R 0
3 R 195
3 W 199 20
3 W 148 13
3 C 224
4 S 225
4 R 105
4 R 8
4 R 116
4 R 255
4 R 175
4 R 65
4 W 138 18
4 R 20
4 R 61
4 W 72 88
4 W 15 72
4 R 32
4 W 2 41
4 R 6
4 W 35 11
4 C 225
5 S 226
5 R 9
5 W 120 60
5 R 132
5 W 11 46
5 R 3
5 W 66 3
5 W 73 18
5 W 15 63
5 R 225
5 W 29 33
5 R 234
5 W 49 6
5 R 192
5 W 1 42
5 R 194
5 R 8
5 W 52 27
5 W 17 4
5 W 27 0
5 W 96 75
5 C 226
0 S 227
0 R 10
0 W 178 47
0 W 5 73
0 R 6
0 W 219 100
0 W 22 66
0 W 244 86
0 W 1 16
0 R 9
0 C 227
0 S 228
0 R 192
0 W 97 57
0 W 14 16
0 R 90
0 W 61 42
0 R 8
0 R 28
0 R 2
0 R 9
0 R 160
0 R 0
0 C 228
2 S 229
2 R 123
2 W 240 68
2 W 240 1
2 R 74
2 R 23
2 R 118
2 R 193
2 R 166
2 R 13
2 W 1 69
2 W 19 14
2 R 212
2 W 251 42
2 W 10 83
2 R 214
2 C 229
1 S 230
1 W 2 28
1 W 196 33
1 W 170 93
1 W 7 97
1 R 1
1 W 18 93
1 W 3 58
1 R 8
1 R 5
1 R 58
1 R 253
1 R 85
1 R 90
1 W 19 90
1 R 11
1 W 5 55
1 R 15
1 C 230
4 S 231
4 R 162
4 W 18 72
4 W 20 42
4 R 166
4 W 139 85
4 W 202 91
4 R 7
4 W 20 71
4 W 8 90
4 W 6 41
4 W 28 66
4 W 12 90
4 W 191 39
4 R 23
4 C 231
5 S 232
5 R 4
5 W 231 40
5 W 209 60
5 R 13
5 R 219
5 R 10
5 R 31
5 R 29
5 W 192 69
5 W 28 23
5 R 8
5 R 195
5 C 232
3 S 233
3 R 210
3 W 161 82
3 R 27
3 W 146 73
3 R 22
3 W 76 86
3 R 3
3 C 233
3 S 234
3 W 226 35
3 R 3
3 W 27 47
3 R 4
3 R 5
3 W 4 74
3 R 24
3 W 24 26
3 W 17 87
3 W 207 4
3 R 5
3 R 170
3 C 234
4 S 235
4 W 237 81
4 W 7 81
4 W 35 51
4 R 17
4 W 42 17
4 W 12 48
4 R 102
4 R 132
4 R 129
4 R 28
4 R 176
4 R 190
4 R 146
4 R 79
4 W 166 67
4 C 235
0 S 236
0 W 190 44
0 R 1
0 R 72
0 W 81 3
0 W 6 29
0 W 24 76
0 R 12
0 W 21 19
0 R 27
0 R 163
0 W 24 49
0 W 19 23
0 R 16
0 W 8 75
0 R 89
0 W 24 59
0 W 165 63
0 C 236
2 S 237
2 W 14 17
2 R 139
2 W 204 4
2 R 153
2 W 4 92
2 R 31
2 R 54
2 W 48 4
2 R 16
2 W 6 6
2 W 217 48
2 W 52 36
2 W 28 2
2 W 31 10
2 W 14 63
2 W 171 36
2 C 237
1 S 238
1 W 30 93
1 W 42 3
1 R 10
1 R 91
1 W 38 2
1 R 92
1 W 180 60
1 W 197 44
1 W 74 37
1 W 150 99
1 R 216
1 W 18 57
1 C 238
5 S 239
5 W 9 15
5 W 116 79
5 R 145
5 W 8 52
5 R 3
5 W 57 95
5 C 239
0 S 240
0 R 100
0 R 21
0 W 251 99
0 R 180
0 R 31
0 R 14
0 W 162 83
0 R 28
0 W 255 41
0 W 101 54
0 W 24 75
0 R 33
0 W 27 78
0 C 240
1 S 241
1 R 213
1 R 140
1 R 20
1 W 6 100
1 R 215
1 R 11
1 R 50
1 W 171 91
1 R 5
1 R 173
1 C 241
4 S 242
4 W 215 16
4 W 25 60
4 R 238
4 R 9
4 R 6
4 W 23 35
4 R 55
4 W 35 15
4 W 21 56
4 R 97
4 R 15
4 R 14
4 R 36
4 W 254 49
4 R 204
4 R 29
4 C 242
5 S 243
5 R 67
5 R 68
5 R 16
5 R 1
5 R 236
5 R 182
5 R 14
5 R 88
5 W 12 41
5 W 214 11
5 R 3
5 W 1 81
5 C 243
3 S 244
3 R 75
3 W 60 60
3 W 89 6
3 W 18 84
3 R 83
3 R 26
3 W 207 27
3 R 3
3 R 27
3 R 87
3 R 130
3 R 170
3 R 125
3 W 47 100
3 W 10 20
3 W 30 97
3 R 244
3 R 57
3 W 27 97
3 R 11
3 C 244
2 S 245
2 R 84
2 R 151
2 W 104 44
2 R 22
2 W 165 64
2 R 71
2 R 222
2 W 209 98
2 W 252 38
2 W 24 2
2 W 12 42
2 C 245
1 S 246
1 R 59
1 W 9 77
1 W 84 75
1 R 47
1 W 10 33
1 W 79 42
1 C 246
0 S 247
0 R 224
0 R 1
0 R 113
0 R 7
0 R 4
0 W 20 98
0 R 18
0 W 38 36
0 W 79 13
0 W 198 67
0 W 24 78
0 W 31 77
0 W 245 88
0 R 177
0 W 196 2
0 C 247
5 S 248
5 R 172
5 W 31 26
5 W 85 76
5 W 16 43
5 R 63
5 W 176 62
5 W 4 58
5 R 43
5 R 74
5 W 0 78
5 C 248
2 S 249
2 R 8
2 R 16
2 W 237 99
2 W 153 77
2 R 11
2 R 20
2 W 99 44
2 R 14
2 W 2 6
2 W 31 13
2 W 185 61
2 R 10
2 W 31 8
2 R 238
2 W 43 54
2 R 3
2 W 98 1
2 W 206 33
2 W 28 67
2 W 252 96
2 C 249
3 S 250
3 R 240
3 R 132
3 W 111 82
3 W 14 51
3 W 132 54
3 W 227 21
3 R 48
3 R 162
3 W 168 34
3 R 145
3 W 26 19
3 R 20
3 W 30 49
3 W 5 45
3 R 19
3 W 7 81
3 R 95
3 C 250
4 S 251
4 R 6
4 R 23
4 R 25
4 W 170 30
4 R 174
4 W 78 56
4 C 251
5 S 252
5 R 24
5 W 87 58
5 W 27 1
5 R 127
5 R 31
5 R 12
5 R 249
5 W 15 41
5 R 123
5 W 17 58
5 W 16 53
5 W 60 72
5 C 252
1 S 253
1 R 31
1 R 51
1 W 59 55
1 W 27 23
1 W 42 35
1 R 247
1 R 246
1 R 112
1 R 170
1 R 200
1 R 216
1 W 31 72
1 R 51
1 R 7
1 C 253
2 S 254
2 R 17
2 R 9
2 R 3
2 W 4 50
2 W 66 40
2 R 184
2 W 6 34
2 R 11
2 R 20
2 R 16
2 R 5
2 W 44 71
2 C 254
4 S 255
4 R 187
4 W 225 78
4 R 19
4 W 1 7
4 W 27 97
4 W 241 25
4 C 255
3 S 256
3 W 26 22
3 R 45
3 W 29 32
3 W 27 26
3 R 3
3 R 178
3 W 33 85
3 W 21 7
3 W 26 14
3 R 80
3 W 197 26
3 W 239 83
3 W 89 36
3 W 26 88
3 W 34 16
3 R 3
3 C 256
0 S 257
0 W 12 16
0 R 188
0 W 52 62
0 R 22
0 W 22 33
0 W 219 88
0 C 257
2 S 258
2 R 6
2 R 206
2 W 37 42
2 R 227
2 W 61 57
2 W 144 37
2 W 7 68
2 W 30 4
2 R 29
2 R 22
2 R 15
2 R 7
2 R 19
2 C 258
4 S 259
4 W 36 84
4 R 24
4 W 186 95
4 W 6 7
4 R 19
4 W 37 7
4 R 31
4 R 53
4 W 46 40
4 R 241
4 R 131
4 W 226 98
4 C 259
1 S 260
1 R 115
1 W 26 44
1 W 1 66
1 W 33 35
1 R 23
1 W 74 62
1 R 151
1 C 260
3 S 261
3 W 14 19
3 R 9
3 W 7 53
3 W 85 0
3 W 159 72
3 R 131
3 R 48
3 R 147
3 W 179 71
3 R 163
3 W 253 24
3 W 6 48
3 W 23 48
3 W 26 47
3 C 261
0 S 262
0 W 54 40
0 W 51 87
0 R 143
0 R 31
0 W 15 100
0 R 247
0 R 169
0 W 202 31
0 C 262
5 S 263
5 W 7 99
5 W 0 37
5 R 18
5 W 148 15
5 W 173 86
5 W 140 84
5 R 75
5 W 13 25
5 W 11 34
5 W 244 8
5 W 1 36
5 W 8 6
5 R 17
5 W 29 93
5 W 82 91
5 C 263
2 S 264
2 R 1
2 R 220
2 R 83
2 W 3 66
2 R 119
2 R 174
2 W 44 90
2 R 227
2 W 77 68
2 W 6 26
2 R 242
2 W 134 93
2 R 229
2 W 117 70
2 W 13 89
2 C 264
0 S 265
0 R 127
0 R 9
0 R 14
0 R 16
0 W 19 61
0 W 12 81
0 W 18 35
0 W 3 56
0 W 169 32
0 W 173 56
0 W 16 87
0 W 238 62
0 R 166
0 W 31 2
0 R 11
0 R 36
0 R 1
0 R 65
0 C 265
4 S 266
4 R 248
4 R 93
4 W 24 80
4 R 178
4 R 38
4 W 1 36
4 W 77 40
4 W 14 38
4 C 266
1 S 267
1 W 12 7
1 W 89 47
1 R 9
1 R 219
1 W 141 3
1 W 19 72
1 C 267
3 S 268
3 W 178 96
3 R 196
3 W 112 98
3 W 4 58
3 W 9 59
3 R 250
3 R 28
3 W 86 78
3 R 12
3 W 153 89
3 R 26
3 R 157
3 W 12 29
3 R 21
3 R 31
3 R 25
3 R 22
3 W 1 34
3 C 268
5 S 269
5 W 27 48
5 R 116
5 W 71 75
5 W 162 20
5 R 149
5 R 2
5 R 186
5 R 218
5 R 149
5 R 26
5 R 89
5 R 45
5 C 269
1 S 270
1 W 248 89
1 R 8
1 W 6 59
1 W 127 43
1 R 202
1 R 62
1 W 53 83
1 R 25
1 W 231 90
1 W 238 64
1 W 8 2
1 R 0
1 R 128
1 W 23 95
1 R 22
1 C 270
3 S 271
3 W 30 28
3 W 4 78
3 R 165
3 R 97
3 W 133 9
3 W 250 40
3 R 14
3 C 271
2 S 272
2 W 154 19
2 W 3 71
2 W 30 37
2 R 58
2 W 110 22
2 W 21 14
2 W 168 85
2 R 113
2 W 245 88
2 W 24 29
2 W 9 100
2 R 9
2 R 21
2 R 19
2 W 128 72
2 R 47
2 W 232 35
2 C 272
5 S 273
5 R 45
5 R 4
5 R 27
5 W 55 35
5 R 29
5 W 128 0
5 R 168
5 C 273
4 S 274
4 R 23
4 R 24
4 W 61 94
4 W 5 45
4 R 29
4 W 129 8
4 W 13 45
4 W 214 39
4 W 223 86
4 C 274
0 S 275
0 W 221 40
0 W 19 0
0 W 14 61
0 R 13
0 W 15 69
0 R 30
0 R 4
0 W 17 62
0 R 184
0 R 234
0 R 15
0 R 105
0 R 13
0 W 240 11
0 W 62 93
0 W 144 97
0 W 46 18
0 R 236
0 R 7
0 C 275
2 S 276
2 W 101 80
2 R 77
2 W 20 40
2 R 223
2 R 219
2 R 143
2 R 251
2 W 26 68
2 W 5 87
2 W 160 21
2 R 28
2 W 45 69
2 R 199
2 R 153
2 C 276
5 S 277
5 R 9
5 W 36 62
5 R 18
5 R 30
5 R 102
5 R 7
5 R 28
5 R 8
5 W 92 89
5 R 7
5 R 23
5 W 85 41
5 W 232 64
5 R 187
5 W 22 66
5 W 8 31
5 R 8
5 R 162
5 W 216 29
5 R 174
5 C 277
4 S 278
4 R 193
4 R 109
4 R 68
4 R 158
4 R 22
4 R 154
4 R 168
4 W 76 12
4 W 0 58
4 R 208
4 W 204 8
4 R 88
4 R 79
4 W 178 94
4 W 207 55
4 C 278
1 S 279
1 R 194
1 W 30 47
1 R 30
1 W 41 77
1 W 20 42
1 W 146 100
1 W 29 63
1 R 19
1 W 30 83
1 W 86 70
1 R 243
1 R 134
1 W 32 79
1 W 71 2
1 W 23 14
1 C 279
0 S 280
0 R 79
0 W 0 10
0 W 249 43
0 R 30
0 W 18 55
0 R 24
0 W 161 14
0 R 151
0 W 3 30
0 R 30
0 W 87 40
0 W 16 73
0 W 0 87
0 R 231
0 R 75
0 W 251 68
0 W 18 65
0 W 130 79
0 W 222 76
0 W 48 33
0 C 280
3 S 281
3 R 11
3 R 238
3 W 26 37
3 W 203 57
3 R 77
3 R 17
3 W 6 50
3 R 0
3 R 18
3 R 29
3 R 49
3 R 128
3 W 206 20
3 R 204
3 R 250
3 W 12 39
3 W 26 35
3 W 215 18
3 R 155
3 W 54 2
3 C 281
1 S 282
1 R 71
1 W 202 69
1 W 38 32
1 W 22 44
1 W 26 56
1 W 26 79
1 R 28
1 R 100
1 W 54 83
1 W 131 23
1 W 73 20
1 W 84 59
1 C 282
3 S 283
3 R 25
3 W 196 45
3 R 4
3 W 26 38
3 R 11
3 W 173 42
3 W 15 32
3 W 2 75
3 R 1
3 R 22
3 C 283
4 S 284
4 R 28
4 W 19 96
4 W 88 33
4 R 89
4 R 20
4 W 89 17
4 W 143 38
4 C 284
0 S 285
0 R 21
0 R 19
0 W 132 62
0 W 164 48
0 W 27 74
0 R 146
0 W 28 40
0 W 6 1
0 R 48
0 R 28
0 R 22
0 R 20
0 R 27
0 W 82 61
0 W 164 83
0 C 285
2 S 286
2 R 17
2 W 51 90
2 R 79
2 R 152
2 R 23
2 R 16
2 R 2
2 W 53 97
2 R 3
2 W 19 1
2 W 182 86
2 W 4 62
2 W 208 89
2 R 27
2 R 26
2 C 286
5 S 287
5 R 27
5 R 196
5 W 79 19
5 W 249 18
5 W 229 30
5 W 23 83
5 W 31 16
5 W 14 3
5 W 12 9
5 W 226 36
5 W 9 82
5 C 287
2 S 288
2 W 248 36
2 W 201 96
2 W 133 14
2 W 78 7
2 R 17
2 W 104 12
2 W 85 73
2 R 204
2 W 99 40
2 W 8 38
2 W 30 18
2 W 149 3
2 R 119
2 R 12
2 W 21 79
2 R 231
2 R 55
2 C 288
0 S 289
0 R 237
0 R 187
0 R 10
0 W 59 50
0 W 59 95
0 R 11
0 C 289
5 S 290
5 W 16 70
5 W 147 3
5 W 214 16
5 R 13
5 R 217
5 W 193 35
5 R 41
5 W 206 37
5 R 114
5 C 290
1 S 291
1 W 23 4
1 W 88 59
1 R 194
1 R 0
1 R 12
1 R 4
1 W 128 7
1 R 9
1 R 251
1 R 6
1 R 47
1 W 14 70
1 R 109
1 R 2
1 C 291
4 S 292
4 W 8 52
4 W 7 6
4 W 222 51
4 W 207 82
4 R 71
4 R 22
4 R 5
4 W 113 83
4 W 83 25
4 W 25 49
4 W 184 31
4 R 244
4 C 292
3 S 293
3 R 11
3 W 4 72
3 R 53
3 W 21 51
3 W 31 33
3 W 217 93
3 C 293
0 S 294
0 W 220 36
0 W 35 37
0 W 165 70
0 W 22 92
0 R 195
0 R 0
0 R 102
0 R 145
0 W 49 41
0 R 22
0 R 6
0 W 48 51
0 R 162
0 W 12 43
0 R 18
0 W 124 98
0 R 15
0 C 294
5 S 295
5 W 121 25
5 W 158 27
5 W 237 95
5 W 24 5
5 R 7
5 R 34
5 R 76
5 R 42
5 W 180 56
5 R 24
5 W 15 72
5 R 234
5 R 1
5 W 50 20
5 W 14 69
5 W 4 66
5 W 9 62
5 R 110
5 C 295
3 S 296
3 R 31
3 W 243 78
3 R 222
3 W 191 87
3 W 140 50
3 R 28
3 W 1 30
3 W 193 29
3 W 161 61
3 R 16
3 W 102 19
3 C 296
4 S 297
4 R 15
4 W 13 3
4 R 229
4 R 11
4 R 29
4 W 13 66
4 R 4
4 R 221
4 W 16 35
4 R 16
4 W 54 71
4 R 198
4 W 148 71
4 W 29 84
4 W 70 1
4 W 0 19
4 C 297
2 S 298
2 W 0 58
2 R 10
2 W 84 53
2 W 41 99
2 W 120 41
2 R 24
2 R 229
2 W 75 35
2 C 298
1 S 299
1 R 27
1 W 222 93
1 R 112
1 R 12
1 R 241
1 W 255 6
1 W 21 97
1 W 3 86
1 R 16
1 W 239 6
1 R 139
1 R 0
1 W 128 73
1 R 98
1 R 206
1 R 244
1 W 23 42
1 C 299
5 S 300
5 W 78 64
5 R 55
5 W 14 6
5 R 106
5 R 112
5 W 31 32
5 R 252
5 W 240 9
5 R 83
5 R 112
5 R 18
5 R 227
5 R 52
5 R 24
5 C 300
0 S 301
0 R 0
0 R 24
0 R 24
0 R 67
0 R 165
0 R 69
0 W 10 12
0 R 21
0 R 1
0 C 301
1 S 302
1 W 236 85
1 R 191
1 R 211
1 R 239
1 R 19
1 W 13 47
1 W 184 26
1 W 77 8
1 W 126 9
1 W 180 68
1 W 94 98
1 W 16 99
1 W 232 8
1 R 250
1 C 302
2 S 303
2 W 2 93
2 R 61
2 R 186
2 R 195
2 W 170 0
2 W 162 45
2 W 0 34
2 C 303
4 S 304
4 R 23
4 W 104 93
4 W 109 77
4 R 7
4 R 0
4 W 165 47
4 R 11
4 R 31
4 R 107
4 W 123 20
4 C 304
3 S 305
3 W 80 52
3 R 34
3 R 22
3 R 243
3 R 166
3 R 110
3 W 9 43
3 R 26
3 R 74
3 R 223
3 R 26
3 W 28 14
3 W 28 40
3 W 21 42
3 W 22 31
3 R 130
3 C 305
2 S 306
2 R 8
2 W 22 10
2 W 17 21
2 W 12 37
2 R 109
2 W 46 24
2 R 22
2 W 233 92
2 W 2 35
2 W 2 54
2 W 91 100
2 R 19
2 W 5 14
2 W 24 64
2 R 91
2 R 238
2 W 157 34
2 W 208 91
2 C 306
3 S 307
3 R 223
3 W 3 15
3 W 135 44
3 W 165 0
3 R 254
3 W 19 92
3 W 51 82
3 C 307
4 S 308
4 R 61
4 R 29
4 R 13
4 R 136
4 W 14 55
4 R 130
4 R 81
4 W 103 35
4 R 214
4 W 239 58
4 R 86
4 W 147 84
4 R 80
4 W 247 47
4 R 11
4 R 29
4 R 26
4 W 81 21
4 W 17 21
4 C 308
1 S 309
1 R 3
1 R 2
1 W 192 36
1 W 90 61
1 W 243 45
1 R 234
1 R 211
1 W 21 97
1 W 226 46
1 W 17 18
1 W 128 9
1 R 61
1 R 25
1 R 1
1 R 123
1 C 309
0 S 310
0 W 28 83
0 R 173
0 W 160 54
0 W 100 91
0 R 39
0 R 213
0 W 0 93
0 W 0 71
0 R 30
0 W 103 22
0 W 117 82
0 W 46 62
0 W 83 33
0 C 310
5 S 311
5 R 200
5 W 31 87
5 R 88
5 W 17 13
5 R 23
5 W 4 29
5 R 12
5 W 144 4
5 W 167 72
5 R 23
5 R 220
5 W 113 81
5 R 228
5 R 16
5 R 182
5 W 208 17
5 R 7
5 R 6
5 W 225 65
5 C 311
5 S 312
5 W 78 80
5 R 108
5 R 178
5 R 216
5 R 87
5 R 0
5 W 214 73
5 R 199
5 W 101 87
5 C 312
0 S 313
0 R 215
0 W 81 55
0 R 19
0 W 28 42
0 R 169
0 W 69 89
0 R 163
0 W 14 91
0 R 29
0 W 253 80
0 R 182
0 W 16 80
0 W 137 7
0 R 31
0 R 10
0 C 313
4 S 314
4 W 1 69
4 R 201
4 W 3 51
4 W 212 75
4 R 63
4 W 164 20
4 W 195 85
4 R 228
4 W 7 51
4 R 8
4 W 69 69
4 R 2
4 W 3 78
4 R 23
4 W 30 58
4 R 82
4 R 120
4 R 84
4 C 314
2 S 315
2 W 225 32
2 R 3
2 R 2
2 R 179
2 W 9 60
2 W 44 99
2 R 227
2 W 11 58
2 W 21 57
2 W 21 80
2 R 207
2 W 21 13
2 R 167
2 R 30
2 W 205 90
2 R 208
2 W 5 63
2 W 249 99
2 R 225
2 C 315
3 S 316
3 W 145 28
3 R 6
3 R 164
3 W 216 19
3 W 7 8
3 R 22
3 R 8
3 W 3 88
3 W 14 18
3 R 37
3 R 194
3 R 223
3 W 137 32
3 R 66
3 W 195 97
3 W 19 6
3 W 197 62
3 R 12
3 W 15 76
3 R 25
3 C 316
1 S 317
1 R 35
1 W 246 47
1 R 202
1 W 18 7
1 R 199
1 R 86
1 W 88 31
1 R 148
1 W 100 45
1 R 42
1 R 195
1 W 20 93
1 W 67 17
1 W 192 79
1 W 214 95
1 R 17
1 W 83 58
1 W 46 67
1 W 72 46
1 R 163
1 C 317
1 S 318
1 R 82
1 W 22 32
1 W 130 91
1 R 19
1 W 91 61
1 W 56 71
1 W 248 34
1 R 178
1 C 318
0 S 319
0 W 178 71
0 W 182 43
0 R 220
0 R 27
0 R 108
0 R 67
0 R 29
0 R 70
0 W 26 26
0 C 319
4 S 320
4 W 43 17
4 W 20 79
4 R 198
4 W 24 97
4 W 110 9
4 W 181 48
4 W 8 3
4 R 247
4 W 5 24
4 R 11
4 R 197
4 W 10 4
4 W 24 22
4 W 188 53
4 R 24
4 R 93
4 C 320
2 S 321
2 R 10
2 W 28 65
2 W 13 46
2 R 192
2 R 13
2 W 7 14
2 W 8 51
2 R 12
2 W 134 1
2 W 51 49
2 W 26 87
2 W 231 9
2 R 80
2 R 23
2 W 49 89
2 R 23
2 C 321
3 S 322
3 W 12 7
3 R 23
3 W 20 40
3 R 189
3 R 31
3 R 0
3 R 17
3 W 182 95
3 W 0 21
3 W 93 90
3 W 241 44
3 R 18
3 R 183
3 W 26 45
3 C 322
5 S 323
5 W 9 51
5 R 73
5 W 182 26
5 W 9 32
5 R 186
5 R 90
5 W 46 28
5 R 89
5 W 16 24
5 W 50 0
5 R 15
5 W 156 60
5 W 7 52
5 W 22 18
5 W 26 31
5 R 224
5 R 244
5 R 161
5 W 16 39
5 C 323
0 S 324
0 W 237 64
0 R 7
0 W 55 24
0 R 32
0 R 114
0 R 3
0 W 4 63
0 R 254
0 W 29 80
0 R 1
0 R 3
0 W 2 42
0 W 228 49
0 W 230 42
0 C 324
5 S 325
5 W 102 26
5 R 67
5 R 9
5 W 183 42
5 R 8
5 W 121 70
5 W 250 22
5 C 325
3 S 326
3 W 249 49
3 W 157 41
3 W 132 88
3 R 184
3 W 40 93
3 W 51 4
3 W 120 4
3 W 198 85
3 R 30
3 W 19 36
3 R 14
3 W 3 79
3 W 237 69
3 C 326
4 S 327
4 R 233
4 R 2
4 W 10 87
4 W 22 68
4 R 91
4 R 49
4 W 17 30
4 W 29 71
4 C 327
2 S 328
2 W 147 55
2 W 21 25
2 R 69
2 W 5 55
2 R 6
2 R 62
2 C 328
1 S 329
1 R 7
1 R 8
1 W 115 3
1 W 27 56
1 W 243 60
1 W 21 56
1 R 129
1 R 137
1 R 228
1 W 4 22
1 R 5
1 R 22
1 W 25 9
1 W 31 54
1 R 240
1 C 329
2 S 330
2 W 164 31
2 W 161 13
2 R 2
2 W 226 62
2 R 252
2 R 28
2 R 41
2 R 13
2 R 225
2 C 330
1 S 331
1 W 18 6
1 R 21
1 W 3 27
1 W 174 18
1 W 180 37
1 R 249
1 R 27
1 W 180 39
1 W 182 68
1 W 212 40
1 R 3
1 W 24 11
1 R 240
1 W 120 25
1 R 48
1 C 331
4 S 332
4 R 27
4 W 16 17
4 W 19 16
4 W 3 97
4 R 52
4 R 18
4 W 29 70
4 R 46
4 W 69 67
4 R 2
4 R 129
4 R 217
4 R 40
4 W 164 11
4 W 173 16
4 R 207
4 C 332
0 S 333
0 R 156
0 W 198 34
0 R 16
0 W 4 60
0 W 16 29
0 R 23
0 R 23
0 W 164 19
0 W 200 23
0 R 16
0 W 243 10
0 R 252
0 W 15 23
0 C 333
3 S 334
3 W 50 14
3 W 184 38
3 W 5 62
3 R 2
3 R 9
3 R 172
3 W 54 69
3 R 0
3 R 235
3 R 219
3 R 230
3 R 233
3 C 334
5 S 335
5 W 10 56
5 W 55 39
5 W 137 65
5 W 241 58
5 W 130 82
5 W 71 20
5 R 190
5 W 146 63
5 R 144
5 W 98 32
5 W 101 11
5 W 107 90
5 R 96
5 R 226
5 R 28
5 C 335
2 S 336
2 W 182 25
2 W 183 57
2 R 82
2 R 114
2 R 12
2 W 19 40
2 W 136 74
2 R 0
2 R 73
2 R 227
2 W 30 25
2 R 6
2 C 336
5 S 337
5 W 25 87
5 R 221
5 R 205
5 W 4 35
5 W 196 48
5 R 6
5 W 24 95
5 R 57
5 C 337
4 S 338
4 W 187 84
4 R 117
4 R 19
4 R 31
4 R 5
4 W 26 84
4 W 103 37
4 W 4 59
4 C 338
0 S 339
0 W 120 24
0 R 187
0 R 22
0 R 64
0 R 9
0 R 8
0 R 171
0 W 23 47
0 W 5 79
0 W 14 8
0 W 4 16
0 R 31
0 C 339
3 S 340
3 W 69 80
3 R 235
3 R 71
3 R 6
3 W 23 8
3 W 20 31
3 R 17
3 W 151 30
3 W 207 19
3 R 201
3 C 340
1 S 341
1 R 195
1 W 232 49
1 W 242 67
1 W 230 0
1 R 9
1 W 29 64
1 R 194
1 W 2 48
1 R 84
1 W 1 15
1 W 16 93
1 R 205
1 R 16
1 R 30
1 R 247
1 C 341
1 S 342
1 W 223 95
1 W 16 69
1 W 117 16
1 W 12 58
1 R 3
1 R 52
1 R 128
1 W 174 54
1 R 193
1 W 13 13
1 W 79 96
1 W 149 76
1 W 194 14
1 R 57
1 R 162
1 W 82 62
1 R 102
1 W 147 41
1 R 10
1 W 28 20
1 C 342
5 S 343
5 W 24 33
5 R 0
5 W 53 45
5 W 222 59
5 W 244 2
5 W 75 66
5 R 15
5 R 55
5 R 8
5 R 199
5 C 343
2 S 344
2 W 248 8
2 R 27
2 R 157
2 R 17
2 R 241
2 R 187
2 R 25
2 C 344
0 S 345
0 W 211 16
0 R 0
0 W 50 23
0 W 31 75
0 W 23 27
0 R 26
0 R 29
0 R 50
0 W 252 47
0 R 12
0 W 40 13
0 R 7
0 R 224
0 R 20
0 R 85
0 C 345
3 S 346
3 R 25
3 R 134
3 W 10 44
3 R 19
3 R 165
3 R 225
3 R 147
3 W 2 88
3 W 10 68
3 C 346
4 S 347
4 R 136
4 W 29 65
4 R 16
4 W 3 52
4 R 22
4 W 18 81
4 R 176
4 C 347
