9
0-8 o
0 S 0
0 R 177
0 R 22
0 W 0 70
0 W 128 63
0 W 171 20
0 W 230 69
0 W 12 74
0 W 63 65
0 R 31
0 W 16 44
0 W 11 90
0 R 9
0 W 4 7
0 W 23 85
0 W 8 38
0 W 6 100
0 R 14
0 R 29
0 W 78 9
0 W 10 94
0 W 113 51
0 W 3 25
0 R 140
0 R 8
0 W 214 58
0 C 0
3 S 1
3 W 12 6
3 R 6
3 W 204 23
3 W 72 36
3 W 9 57
3 W 19 25
3 R 3
3 R 17
3 R 26
3 W 1 62
3 R 199
3 R 28
3 R 31
3 W 12 62
3 R 12
3 R 63
3 R 138
3 R 15
3 R 1
3 R 201
3 W 191 79
3 W 164 10
3 R 203
3 W 173 54
3 C 1
7 S 2
7 W 14 42
7 R 158
7 W 13 94
7 W 15 23
7 W 229 62
7 R 158
7 R 17
7 W 133 82
7 W 62 34
7 R 180
7 W 30 5
7 W 192 37
7 W 11 48
7 W 20 82
7 R 6
7 W 13 23
7 W 30 48
7 W 26 13
7 R 132
7 R 54
7 C 2
6 S 3
6 R 174
6 W 21 69
6 R 21
6 W 207 20
6 R 8
6 R 216
6 R 5
6 R 0
6 W 1 30
6 W 20 41
6 W 27 55
6 W 24 32
6 W 29 57
6 R 0
6 R 23
6 R 27
6 R 6
6 W 36 4
6 W 3 23
6 R 22
6 R 28
6 R 26
6 R 26
6 R 56
6 R 6
6 R 201
6 R 170
6 W 62 61
6 W 15 19
6 R 14
6 W 20 53
6 C 3
1 S 4
1 W 47 70
1 W 67 29
1 R 119
1 W 8 39
1 W 15 52
1 R 22
1 R 28
1 W 5 62
1 W 34 62
1 W 21 92
1 W 167 0
1 R 49
1 W 20 20
1 R 28
1 W 11 30
1 C 4
8 S 5
8 W 31 76
8 R 14
8 W 12 87
8 R 105
8 W 20 71
8 W 8 80
8 W 5 81
8 W 20 10
8 W 21 6
8 W 31 55
8 R 8
8 W 17 16
8 R 6
8 W 17 34
8 W 0 74
8 R 30
8 W 16 82
8 W 142 57
8 R 148
8 W 17 60
8 W 11 22
8 R 151
8 W 18 3
8 W 202 83
8 W 15 4
8 W 9 31
8 R 157
8 W 6 5
8 C 5
2 S 6
2 R 103
2 R 3
2 R 0
2 R 19
2 R 15
2 R 155
2 R 190
2 W 26 14
2 R 58
2 R 19
2 R 6
2 W 9 40
2 R 60
2 W 21 64
2 W 14 77
2 C 6
5 S 7
5 R 7
5 W 31 63
5 R 9
5 R 2
5 R 24
5 W 144 74
5 W 2 28
5 R 0
5 W 3 15
5 W 11 98
5 W 1 20
5 R 9
5 R 22
5 R 26
5 W 211 68
5 W 29 44
5 W 1 9
5 R 31
5 W 22 84
5 W 251 65
5 R 29
5 R 66
5 R 122
5 R 11
5 W 202 59
5 W 8 23
5 R 11
5 R 29
5 C 7
4 S 8
4 W 9 24
4 R 23
4 W 162 68
4 W 24 29
4 R 89
4 W 233 51
4 R 15
4 W 8 80
4 W 31 15
4 W 24 41
4 R 5
4 W 77 96
4 W 31 64
4 R 20
4 W 17 32
4 R 4
4 W 7 56
4 W 23 96
4 W 8 79
4 C 8
0 S 9
0 R 14
0 W 146 67
0 R 8
0 R 26
0 W 161 73
0 R 29
0 W 2 11
0 W 3 47
0 W 172 65
0 R 40
0 W 9 56
0 R 22
0 W 42 52
0 W 24 97
0 W 100 28
0 R 134
0 R 31
0 R 18
0 W 150 74
0 R 2
0 W 212 26
0 W 14 24
0 W 34 52
0 R 194
0 W 23 19
0 W 20 54
0 W 20 80
0 R 16
0 W 234 1
0 C 9
1 S 10
1 W 14 9
1 R 124
1 R 223
1 W 67 90
1 W 80 94
1 W 16 69
1 R 176
1 R 76
1 R 5
1 R 9
1 W 20 86
1 R 22
1 R 27
1 R 91
1 R 1
1 W 14 87
1 W 31 92
1 R 12
1 W 179 9
1 R 15
1 R 167
1 W 0 3
1 W 10 30
1 W 28 6
1 W 12 4
1 W 25 1
1 W 115 98
1 R 141
1 R 7
1 W 7 72
1 W 47 7
1 C 10
3 S 11
3 R 145
3 R 238
3 W 21 62
3 W 56 29
3 R 8
3 R 183
3 W 96 24
3 R 46
3 W 127 81
3 W 13 61
3 W 116 62
3 R 101
3 R 30
3 R 21
3 R 23
3 R 112
3 R 19
3 C 11
7 S 12
7 R 26
7 R 2
7 R 92
7 R 172
7 W 27 72
7 W 14 67
7 W 26 12
7 R 7
7 W 70 99
7 W 29 43
7 R 218
7 R 13
7 C 12
5 S 13
5 W 24 27
5 W 7 1
5 W 16 34
5 R 16
5 W 26 100
5 R 107
5 R 210
5 W 71 81
5 R 30
5 W 30 69
5 W 20 30
5 R 23
5 R 60
5 R 9
5 R 10
5 W 14 98
5 W 20 60
5 W 24 76
5 W 166 28
5 R 22
5 W 63 39
5 W 30 37
5 R 4
5 C 13
6 S 14
6 R 183
6 R 23
6 R 26
6 W 10 44
6 R 19
6 W 2 44
6 R 15
6 R 36
6 R 66
6 W 20 68
6 W 21 17
6 R 29
6 C 14
8 S 15
8 W 112 17
8 W 4 17
8 R 210
8 R 13
8 R 7
8 W 20 66
8 R 27
8 W 18 9
8 W 23 65
8 W 2 100
8 R 4
8 W 10 74
8 R 184
8 R 207
8 R 118
8 W 209 77
8 W 12 12
8 R 196
8 C 15
2 S 16
2 R 29
2 R 23
2 R 255
2 W 17 86
2 W 204 61
2 W 25 3
2 W 15 59
2 R 15
2 W 200 21
2 R 204
2 W 31 3
2 W 18 83
2 R 21
2 R 200
2 W 14 52
2 W 218 97
2 R 5
2 R 16
2 R 0
2 R 138
2 R 12
2 W 30 70
2 W 20 97
2 W 21 58
2 C 16
4 S 17
4 R 215
4 W 142 87
4 W 71 88
4 W 140 71
4 W 1 53
4 R 12
4 R 28
4 W 6 31
4 W 17 61
4 R 29
4 R 65
4 W 22 71
4 R 26
4 R 122
4 W 20 11
4 R 24
4 R 135
4 C 17
4 S 18
4 W 8 44
4 R 38
4 W 6 89
4 R 125
4 R 21
4 R 7
4 R 160
4 R 12
4 R 12
4 R 23
4 W 8 67
4 R 59
4 R 16
4 R 28
4 W 14 47
4 W 137 92
4 R 24
4 W 19 58
4 R 7
4 W 8 15
4 W 21 86
4 W 16 28
4 W 19 63
4 W 19 42
4 W 252 91
4 R 0
4 R 31
4 R 16
4 W 88 28
4 R 24
4 R 238
4 W 98 22
4 C 18
0 S 19
0 W 29 80
0 R 12
0 R 30
0 W 214 12
0 R 59
0 R 2
0 R 17
0 W 17 22
0 W 21 77
0 R 1
0 C 19
2 S 20
2 W 18 97
2 R 0
2 W 118 62
2 W 18 23
2 R 31
2 R 26
2 W 5 36
2 R 26
2 R 2
2 W 115 96
2 R 103
2 R 189
2 R 94
2 W 231 64
2 R 16
2 R 11
2 R 17
2 W 5 25
2 R 176
2 W 8 97
2 W 4 83
2 R 2
2 R 12
2 R 16
2 R 4
2 W 3 28
2 R 97
2 W 71 78
2 W 22 25
2 R 29
2 R 2
2 W 25 93
2 C 20
7 S 21
7 R 11
7 R 14
7 R 17
7 W 11 1
7 W 3 33
7 W 112 21
7 W 61 1
7 W 19 95
7 R 1
7 W 225 59
7 W 16 84
7 R 60
7 W 70 5
7 W 23 5
7 W 13 59
7 R 234
7 R 16
7 R 27
7 W 20 32
7 C 21
6 S 22
6 R 7
6 R 5
6 W 1 88
6 R 222
6 R 10
6 W 3 8
6 W 6 41
6 W 7 17
6 R 82
6 W 21 79
6 R 11
6 W 4 0
6 R 178
6 W 14 3
6 R 21
6 R 21
6 W 1 53
6 W 28 62
6 W 0 94
6 R 8
6 C 22
5 S 23
5 W 62 36
5 W 169 21
5 R 5
5 W 18 22
5 R 27
5 R 7
5 R 57
5 R 222
5 W 10 1
5 W 22 19
5 R 4
5 R 15
5 R 28
5 R 10
5 C 23
1 S 24
1 R 124
1 W 18 77
1 W 98 92
1 W 45 51
1 W 14 61
1 W 28 1
1 W 8 12
1 R 224
1 W 25 72
1 W 27 17
1 R 31
1 R 26
1 R 3
1 W 29 0
1 R 66
1 R 110
1 R 11
1 W 135 74
1 R 22
1 W 255 9
1 R 216
1 W 15 77
1 R 117
1 C 24
3 S 25
3 R 248
3 R 244
3 W 138 71
3 R 194
3 W 20 10
3 R 0
3 R 21
3 R 146
3 W 29 76
3 W 11 36
3 W 181 8
3 W 165 12
3 R 7
3 W 20 12
3 R 157
3 R 5
3 R 247
3 R 29
3 R 21
3 R 27
3 R 18
3 R 27
3 W 29 77
3 W 9 46
3 W 23 69
3 W 202 37
3 W 17 81
3 R 20
3 W 14 5
3 W 160 100
3 C 25
8 S 26
8 R 6
8 W 24 24
8 W 23 92
8 W 20 70
8 R 92
8 W 13 49
8 W 16 52
8 R 107
8 R 175
8 W 17 59
8 R 70
8 W 20 68
8 R 1
8 R 18
8 R 220
8 W 161 9
8 W 22 25
8 R 19
8 W 118 64
8 R 54
8 W 8 20
8 R 24
8 W 18 74
8 C 26
3 S 27
3 R 20
3 W 19 88
3 W 164 93
3 R 30
3 R 28
3 W 24 86
3 R 14
3 R 198
3 R 7
3 R 4
3 W 13 78
3 R 226
3 R 14
3 W 5 45
3 R 22
3 W 11 3
3 R 23
3 W 9 57
3 W 149 35
3 W 235 52
3 C 27
6 S 28
6 R 11
6 R 29
6 W 8 27
6 R 8
6 W 1 21
6 W 47 37
6 W 1 68
6 W 6 40
6 R 14
6 R 22
6 W 17 46
6 W 180 54
6 R 26
6 W 19 28
6 W 12 58
6 R 7
6 C 28
0 S 29
0 R 25
0 W 23 41
0 R 254
0 R 16
0 W 65 70
0 R 56
0 R 89
0 R 6
0 W 20 98
0 R 29
0 R 7
0 R 9
0 R 20
0 R 153
0 R 31
0 R 189
0 W 97 51
0 R 76
0 W 19 45
0 C 29
5 S 30
5 R 1
5 R 2
5 R 11
5 R 81
5 W 22 88
5 R 213
5 R 29
5 W 26 45
5 R 39
5 W 183 69
5 C 30
4 S 31
4 R 27
4 R 162
4 R 160
4 W 13 21
4 R 227
4 W 29 52
4 W 179 18
4 W 215 30
4 W 22 63
4 W 23 58
4 R 91
4 R 0
4 W 31 32
4 R 18
4 R 5
4 R 19
4 R 12
4 W 29 95
4 W 144 96
4 R 184
4 W 11 49
4 W 25 70
4 C 31
8 S 32
8 W 14 25
8 R 26
8 W 57 61
8 R 27
8 R 3
8 W 24 17
8 W 23 57
8 W 10 86
8 W 5 54
8 R 3
8 R 20
8 R 14
8 W 4 31
8 R 16
8 R 26
8 R 2
8 W 9 16
8 W 11 41
8 R 225
8 C 32
7 S 33
7 R 123
7 W 26 78
7 R 18
7 R 24
7 W 19 80
7 R 13
7 R 31
7 R 5
7 W 207 62
7 R 2
7 R 67
7 R 2
7 R 1
7 W 104 37
7 W 7 16
7 C 33
2 S 34
2 W 11 82
2 W 25 32
2 W 197 74
2 W 13 30
2 R 2
2 W 24 14
2 R 22
2 R 29
2 R 24
2 W 18 5
2 R 5
2 W 12 59
2 R 1
2 R 21
2 W 183 37
2 R 3
2 W 23 62
2 W 23 87
2 W 24 33
2 R 170
2 R 59
2 R 6
2 C 34
1 S 35
1 R 26
1 R 184
1 W 27 10
1 W 127 57
1 R 4
1 R 6
1 W 15 42
1 R 17
1 R 29
1 R 33
1 W 220 97
1 W 212 61
1 R 20
1 R 47
1 R 193
1 W 108 66
1 W 30 55
1 R 14
1 W 90 85
1 W 57 34
1 R 102
1 W 13 15
1 W 17 19
1 R 23
1 W 3 100
1 R 225
1 R 16
1 W 25 45
1 R 29
1 C 35
5 S 36
5 W 15 64
5 W 7 77
5 W 65 83
5 R 2
5 W 19 99
5 W 30 67
5 W 7 12
5 R 139
5 W 194 52
5 R 7
5 C 36
7 S 37
7 R 244
7 W 53 41
7 R 25
7 W 14 12
7 R 159
7 W 105 68
7 R 123
7 W 227 96
7 W 30 55
7 W 196 94
7 W 4 20
7 W 27 1
7 R 25
7 R 12
7 R 17
7 R 1
7 C 37
8 S 38
8 W 24 78
8 W 85 59
8 R 24
8 W 16 57
8 W 12 53
8 R 253
8 R 113
8 R 153
8 R 239
8 R 3
8 W 221 34
8 R 12
8 W 255 19
8 R 17
8 R 11
8 W 205 42
8 W 27 60
8 W 27 36
8 R 3
8 R 6
8 W 27 6
8 R 25
8 W 10 32
8 R 203
8 R 23
8 R 62
8 R 17
8 C 38
0 S 39
0 W 27 4
0 W 11 43
0 R 92
0 W 14 17
0 R 11
0 R 126
0 R 26
0 R 105
0 W 6 94
0 W 6 82
0 R 210
0 W 108 0
0 R 2
0 W 13 33
0 R 205
0 R 2
0 R 25
0 R 50
0 R 2
0 R 10
0 W 92 32
0 R 31
0 R 29
0 R 5
0 W 28 79
0 C 39
2 S 40
2 W 57 52
2 R 10
2 W 0 5
2 W 202 9
2 W 17 60
2 R 235
2 W 29 26
2 W 201 4
2 W 11 33
2 R 215
2 R 9
2 C 40
6 S 41
6 W 25 87
6 W 156 47
6 W 103 18
6 R 17
6 R 31
6 R 26
6 W 5 52
6 W 234 44
6 W 140 21
6 W 23 56
6 W 28 25
6 R 4
6 R 212
6 W 3 17
6 R 9
6 R 181
6 C 41
4 S 42
4 R 0
4 R 3
4 R 105
4 R 74
4 R 139
4 R 6
4 R 157
4 W 9 57
4 R 28
4 W 8 53
4 W 13 37
4 R 206
4 R 21
4 W 37 3
4 R 179
4 W 24 54
4 W 115 39
4 W 18 82
4 R 31
4 W 6 69
4 R 4
4 W 21 91
4 C 42
1 S 43
1 R 18
1 W 107 88
1 R 8
1 W 26 17
1 W 10 9
1 R 6
1 W 31 11
1 W 1 73
1 R 8
1 R 25
1 R 2
1 R 135
1 R 22
1 R 131
1 W 26 84
1 R 128
1 W 5 56
1 R 229
1 R 214
1 W 70 66
1 R 3
1 R 10
1 R 74
1 R 92
1 R 27
1 R 5
1 R 213
1 W 28 21
1 W 6 39
1 W 18 33
1 C 43
3 S 44
3 W 17 17
3 R 243
3 R 18
3 W 9 86
3 W 3 47
3 R 50
3 W 31 10
3 R 147
3 W 10 19
3 R 122
3 R 170
3 R 10
3 R 18
3 W 29 24
3 W 28 57
3 W 5 12
3 R 3
3 W 9 66
3 W 9 74
3 R 139
3 R 18
3 R 191
3 R 9
3 R 10
3 R 5
3 R 0
3 R 24
3 R 94
3 W 29 44
3 R 12
3 C 44
5 S 45
5 W 27 80
5 W 203 49
5 R 13
5 R 6
5 W 12 3
5 W 11 88
5 R 169
5 W 236 44
5 R 27
5 R 32
5 W 232 37
5 R 22
5 W 16 14
5 R 3
5 R 18
5 W 31 20
5 W 30 78
5 R 231
5 W 1 87
5 W 17 7
5 R 251
5 W 13 38
5 W 165 5
5 W 12 50
5 W 12 27
5 W 226 26
5 W 88 46
5 W 23 26
5 R 99
5 C 45
1 S 46
1 W 221 89
1 R 26
1 R 0
1 R 28
1 W 24 21
1 W 23 58
1 W 49 12
1 R 194
1 R 30
1 W 24 16
1 W 28 72
1 C 46
6 S 47
6 W 15 33
6 W 72 54
6 R 109
6 R 23
6 R 4
6 R 20
6 R 16
6 R 201
6 W 166 69
6 W 161 64
6 R 2
6 R 95
6 W 222 47
6 R 239
6 C 47
4 S 48
4 R 13
4 R 7
4 R 77
4 W 143 42
4 R 19
4 R 17
4 W 179 55
4 W 10 91
4 R 88
4 R 49
4 R 9
4 R 20
4 C 48
8 S 49
8 W 14 2
8 R 1
8 R 17
8 W 25 2
8 R 9
8 R 31
8 W 252 3
8 W 26 30
8 R 33
8 R 197
8 R 19
8 W 5 86
8 R 148
8 R 25
8 W 15 8
8 W 23 64
8 R 216
8 R 20
8 W 137 88
8 R 14
8 R 1
8 W 8 57
8 C 49
2 S 50
2 W 26 3
2 W 9 54
2 R 29
2 R 13
2 R 92
2 R 28
2 R 13
2 R 22
2 W 9 4
2 R 30
2 W 6 85
2 R 12
2 W 1 88
2 R 226
2 W 13 28
2 W 31 36
2 R 60
2 W 20 78
2 W 31 65
2 W 4 21
2 W 24 95
2 W 31 48
2 W 129 90
2 W 201 12
2 R 29
2 W 29 94
2 W 5 21
2 R 30
2 R 68
2 C 50
0 S 51
0 W 0 11
0 R 18
0 W 19 100
0 R 75
0 W 53 83
0 W 2 73
0 R 12
0 W 245 81
0 W 149 14
0 R 239
0 W 85 63
0 W 3 94
0 R 26
0 W 218 21
0 W 245 66
0 R 92
0 W 17 36
0 W 109 38
0 W 5 49
0 R 3
0 R 3
0 W 170 77
0 R 29
0 C 51
7 S 52
7 R 124
7 R 26
7 R 4
7 R 236
7 R 4
7 W 117 69
7 W 219 68
7 W 217 27
7 R 83
7 W 24 67
7 W 28 89
7 C 52
3 S 53
3 W 20 52
3 W 27 11
3 W 0 24
3 W 21 10
3 W 14 77
3 W 7 48
3 R 13
3 R 24
3 W 2 26
3 R 5
3 R 25
3 C 53
7 S 54
7 W 30 50
7 R 190
7 W 21 85
7 R 23
7 R 29
7 W 132 46
7 R 3
7 R 50
7 R 27
7 W 22 81
7 R 106
7 R 8
7 R 24
7 R 20
7 W 178 8
7 R 4
7 W 25 30
7 R 185
7 W 6 53
7 R 29
7 R 109
7 W 192 54
7 W 29 49
7 R 10
7 R 11
7 C 54
4 S 55
4 R 80
4 W 31 90
4 R 10
4 R 83
4 W 23 13
4 R 229
4 W 19 6
4 R 58
4 R 100
4 R 129
4 W 27 11
4 W 1 15
4 W 70 88
4 R 8
4 W 8 55
4 R 25
4 W 20 69
4 R 198
4 W 10 41
4 W 33 69
4 R 89
4 W 239 70
4 W 18 14
4 C 55
3 S 56
3 W 112 56
3 R 2
3 W 22 63
3 W 14 19
3 R 22
3 R 5
3 W 22 11
3 R 1
3 R 87
3 R 3
3 R 27
3 W 24 2
3 W 18 75
3 W 205 62
3 W 18 10
3 R 25
3 W 29 59
3 C 56
8 S 57
8 R 13
8 R 27
8 W 101 91
8 R 10
8 R 2
8 R 166
8 W 22 23
8 R 125
8 R 10
8 R 59
8 W 203 48
8 W 233 70
8 W 30 71
8 W 129 93
8 R 189
8 R 0
8 R 254
8 R 47
8 W 10 86
8 W 62 6
8 W 0 19
8 R 147
8 W 3 80
8 W 7 26
8 C 57
6 S 58
6 W 220 35
6 W 3 99
6 W 5 100
6 W 2 20
6 W 22 16
6 R 13
6 R 18
6 W 0 42
6 R 20
6 R 20
6 W 5 83
6 R 14
6 W 5 9
6 R 17
6 W 12 94
6 W 19 16
6 R 225
6 W 26 34
6 R 17
6 R 24
6 R 76
6 R 215
6 R 167
6 R 17
6 R 6
6 C 58
0 S 59
0 W 228 48
0 W 17 34
0 W 1 5
0 R 24
0 W 13 44
0 R 69
0 W 193 6
0 W 47 81
0 W 27 19
0 R 89
0 W 10 91
0 R 217
0 W 69 23
0 R 189
0 R 134
0 R 13
0 W 17 40
0 W 15 23
0 W 30 49
0 W 9 45
0 R 24
0 W 115 61
0 W 13 97
0 R 12
0 W 11 89
0 W 28 19
0 C 59
5 S 60
5 W 13 71
5 R 24
5 R 90
5 R 24
5 R 29
5 W 19 75
5 W 1 81
5 W 17 23
5 R 179
5 R 31
5 R 200
5 R 109
5 W 23 100
5 R 15
5 W 211 15
5 R 9
5 C 60
1 S 61
1 R 144
1 W 174 39
1 R 23
1 R 18
1 R 85
1 R 24
1 R 248
1 R 20
1 W 159 83
1 R 3
1 W 118 43
1 W 74 52
1 W 28 62
1 W 68 97
1 W 88 35
1 R 11
1 W 78 87
1 R 29
1 W 202 46
1 R 59
1 W 162 55
1 R 20
1 R 4
1 W 187 69
1 W 22 97
1 W 14 94
1 R 14
1 C 61
2 S 62
2 R 29
2 R 13
2 R 6
2 R 1
2 W 26 65
2 W 26 95
2 R 18
2 W 29 31
2 R 19
2 W 47 59
2 W 139 27
2 R 21
2 W 4 43
2 W 74 34
2 W 174 21
2 R 24
2 R 232
2 W 45 26
2 W 0 59
2 R 11
2 R 125
2 W 2 77
2 R 198
2 W 58 5
2 R 155
2 R 28
2 W 24 83
2 R 2
2 W 102 28
2 R 13
2 W 22 52
2 W 16 87
2 C 62
2 S 63
2 W 4 61
2 R 102
2 W 26 38
2 W 169 18
2 R 17
2 R 16
2 R 95
2 W 15 8
2 W 213 19
2 W 25 92
2 R 115
2 R 30
2 W 0 39
2 W 0 51
2 R 29
2 R 53
2 W 237 25
2 W 17 70
2 W 20 98
2 W 21 57
2 W 19 38
2 W 192 7
2 R 4
2 R 125
2 W 17 89
2 R 12
2 W 8 78
2 R 29
2 W 18 43
2 W 8 40
2 W 2 17
2 W 2 50
2 C 63
5 S 64
5 W 14 11
5 R 2
5 W 156 45
5 R 15
5 R 219
5 R 28
5 W 11 35
5 R 14
5 W 87 97
5 W 2 69
5 W 24 12
5 R 98
5 R 25
5 R 17
5 W 37 56
5 W 29 14
5 R 177
5 R 19
5 W 24 1
5 W 20 71
5 R 141
5 W 22 57
5 R 6
5 W 219 5
5 R 243
5 R 13
5 C 64
3 S 65
3 W 17 28
3 R 27
3 R 20
3 W 4 48
3 W 49 75
3 W 7 44
3 R 0
3 R 9
3 R 27
3 R 18
3 W 148 45
3 W 30 73
3 R 223
3 R 8
3 R 236
3 W 22 44
3 R 11
3 R 0
3 W 4 82
3 W 42 92
3 R 204
3 W 22 33
3 W 225 13
3 W 31 36
3 R 190
3 W 5 26
3 C 65
4 S 66
4 R 24
4 R 42
4 W 30 21
4 W 25 34
4 W 192 87
4 W 16 12
4 W 144 54
4 R 29
4 R 0
4 R 10
4 R 14
4 R 40
4 W 82 82
4 W 39 59
4 C 66
7 S 67
7 R 184
7 W 27 71
7 R 193
7 R 21
7 R 22
7 W 23 54
7 W 2 68
7 W 193 52
7 W 118 29
7 R 214
7 W 27 15
7 W 5 90
7 R 21
7 W 5 51
7 W 213 53
7 W 222 77
7 R 5
7 R 19
7 W 248 3
7 R 17
7 R 9
7 R 29
7 R 182
7 R 233
7 W 13 33
7 R 156
7 W 198 39
7 R 175
7 R 29
7 R 17
7 C 67
0 S 68
0 R 30
0 R 1
0 W 166 56
0 W 1 44
0 R 30
0 W 3 12
0 R 162
0 R 29
0 R 204
0 R 243
0 R 121
0 W 19 10
0 R 27
0 R 125
0 W 17 49
0 W 14 41
0 W 13 92
0 W 15 82
0 R 250
0 C 68
6 S 69
6 W 179 22
6 W 219 36
6 R 10
6 R 163
6 W 189 37
6 R 24
6 R 28
6 W 15 2
6 W 21 86
6 R 2
6 R 86
6 R 2
6 R 14
6 R 22
6 R 26
6 R 30
6 R 177
6 W 231 51
6 W 32 44
6 R 13
6 W 116 45
6 W 15 30
6 R 111
6 R 246
6 W 26 69
6 R 26
6 W 26 14
6 C 69
1 S 70
1 W 6 39
1 R 78
1 R 17
1 R 5
1 R 49
1 R 10
1 R 48
1 R 31
1 W 29 85
1 R 16
1 W 3 78
1 W 29 77
1 W 10 20
1 R 253
1 W 50 22
1 R 21
1 W 22 96
1 R 3
1 R 208
1 R 142
1 R 96
1 R 96
1 R 22
1 R 30
1 W 15 13
1 R 24
1 W 179 52
1 W 95 80
1 R 55
1 R 4
1 W 11 8
1 R 14
1 C 70
8 S 71
8 W 170 11
8 R 27
8 R 210
8 W 211 91
8 R 9
8 R 150
8 W 14 17
8 R 6
8 W 11 34
8 W 127 59
8 R 3
8 R 249
8 W 30 74
8 W 13 90
8 W 15 8
8 R 12
8 W 177 56
8 W 201 94
8 R 64
8 C 71
2 S 72
2 R 15
2 W 26 11
2 R 3
2 R 27
2 W 4 67
2 R 189
2 W 221 2
2 R 22
2 R 13
2 R 210
2 W 8 91
2 R 25
2 W 26 19
2 W 21 37
2 R 27
2 R 1
2 R 147
2 R 4
2 W 0 100
2 R 9
2 W 7 96
2 W 1 74
2 R 31
2 W 71 84
2 C 72
4 S 73
4 R 1
4 W 29 96
4 W 31 91
4 W 16 14
4 W 10 62
4 R 19
4 R 75
4 W 31 35
4 R 56
4 R 1
4 W 1 32
4 R 16
4 R 142
4 R 4
4 R 30
4 W 17 91
4 R 19
4 R 25
4 R 24
4 R 25
4 W 216 1
4 R 0
4 W 155 41
4 W 128 59
4 W 25 26
4 R 11
4 W 231 33
4 R 21
4 W 20 49
4 R 20
4 R 234
4 C 73
1 S 74
1 W 6 90
1 W 25 77
1 W 203 49
1 W 29 86
1 W 8 87
1 R 0
1 W 220 62
1 W 29 12
1 R 7
1 R 4
1 W 17 36
1 R 193
1 W 14 54
1 C 74
7 S 75
7 W 26 69
7 R 18
7 R 24
7 R 111
7 R 4
7 R 7
7 R 251
7 R 29
7 W 14 84
7 W 54 65
7 R 4
7 W 1 46
7 R 62
7 W 10 77
7 R 20
7 W 158 77
7 R 7
7 W 29 98
7 R 12
7 W 26 84
7 W 17 95
7 R 15
7 W 218 82
7 W 215 83
7 W 31 53
7 C 75
8 S 76
8 R 25
8 W 120 44
8 W 85 0
8 R 147
8 W 24 9
8 R 4
8 R 15
8 W 13 54
8 R 162
8 R 28
8 W 205 1
8 W 249 54
8 W 3 50
8 W 68 60
8 R 22
8 C 76
0 S 77
0 W 17 76
0 R 6
0 R 124
0 W 14 0
0 W 30 68
0 R 23
0 R 82
0 R 107
0 R 3
0 R 9
0 W 0 92
0 R 59
0 R 26
0 W 8 2
0 W 52 50
0 C 77
3 S 78
3 W 90 34
3 R 13
3 W 153 76
3 R 93
3 R 17
3 W 31 23
3 W 224 15
3 R 177
3 W 212 21
3 R 225
3 W 76 46
3 W 16 95
3 R 12
3 R 118
3 W 23 73
3 C 78
5 S 79
5 W 22 14
5 W 10 90
5 R 62
5 R 102
5 W 11 96
5 R 91
5 W 31 31
5 R 20
5 R 7
5 R 253
5 R 138
5 W 17 63
5 W 15 1
5 W 22 93
5 R 97
5 R 49
5 R 2
5 W 29 74
5 R 74
5 R 30
5 W 147 88
5 R 15
5 W 20 71
5 W 17 87
5 W 8 39
5 W 92 76
5 C 79
6 S 80
6 W 170 42
6 R 11
6 W 16 86
6 R 103
6 W 1 64
6 W 12 57
6 R 21
6 W 20 16
6 R 160
6 W 12 44
6 W 11 41
6 R 13
6 R 13
6 W 15 69
6 R 15
6 W 4 76
6 R 8
6 R 13
6 W 8 50
6 R 17
6 R 26
6 R 29
6 W 107 83
6 R 5
6 R 21
6 W 15 65
6 R 93
6 W 15 30
6 W 31 79
6 C 80
5 S 81
5 R 12
5 W 18 75
5 R 11
5 W 16 78
5 W 100 46
5 R 132
5 W 20 99
5 W 13 99
5 R 15
5 W 223 6
5 R 31
5 R 197
5 R 24
5 R 20
5 W 147 97
5 R 57
5 R 9
5 R 0
5 W 30 28
5 R 133
5 R 22
5 W 178 48
5 W 16 2
5 C 81
6 S 82
6 R 21
6 W 13 42
6 W 6 33
6 R 28
6 W 21 16
6 R 125
6 W 7 33
6 W 8 8
6 R 152
6 W 116 45
6 R 23
6 R 11
6 W 30 95
6 R 29
6 W 4 86
6 R 12
6 W 202 82
6 W 206 90
6 W 136 8
6 W 27 58
6 W 189 71
6 R 23
6 R 11
6 W 1 1
6 W 11 96
6 R 1
6 R 44
6 C 82
4 S 83
4 R 149
4 R 7
4 R 18
4 W 181 0
4 R 19
4 R 86
4 W 90 16
4 R 15
4 W 27 95
4 W 5 64
4 R 219
4 W 109 28
4 C 83
1 S 84
1 R 6
1 W 83 93
1 W 10 11
1 W 16 43
1 W 18 76
1 R 10
1 W 20 63
1 W 8 0
1 R 14
1 W 22 25
1 R 0
1 W 12 57
1 W 15 98
1 W 15 51
1 W 29 1
1 R 15
1 R 21
1 R 8
1 W 78 99
1 W 8 42
1 W 83 34
1 R 5
1 R 12
1 W 29 54
1 R 14
1 C 84
7 S 85
7 R 31
7 W 182 57
7 W 13 38
7 R 14
7 W 232 42
7 R 0
7 R 5
7 W 10 25
7 R 5
7 W 10 100
7 W 171 54
7 R 19
7 R 11
7 W 3 50
7 W 8 3
7 W 244 97
7 W 26 56
7 R 184
7 W 18 44
7 W 30 26
7 W 254 50
7 R 19
7 W 21 58
7 R 165
7 W 9 14
7 R 2
7 R 19
7 C 85
2 S 86
2 W 110 22
2 R 87
2 W 0 44
2 W 26 28
2 R 10
2 R 19
2 R 5
2 R 233
2 R 19
2 W 11 82
2 R 11
2 R 189
2 W 0 11
2 R 175
2 R 110
2 W 78 71
2 W 10 80
2 W 110 24
2 R 100
2 C 86
0 S 87
0 W 6 71
0 W 22 52
0 R 8
0 R 29
0 R 23
0 R 161
0 W 20 79
0 W 15 44
0 R 44
0 R 158
0 W 26 65
0 W 9 75
0 W 18 4
0 R 26
0 W 22 58
0 W 30 88
0 W 21 31
0 W 161 31
0 W 17 38
0 W 19 40
0 R 87
0 W 10 31
0 W 8 73
0 R 4
0 R 12
0 W 1 73
0 C 87
3 S 88
3 R 42
3 R 164
3 R 5
3 R 29
3 W 10 16
3 W 23 4
3 R 10
3 R 15
3 W 24 46
3 R 22
3 R 5
3 W 87 68
3 C 88
8 S 89
8 R 16
8 R 22
8 R 229
8 W 78 86
8 R 16
8 R 25
8 W 15 37
8 R 16
8 W 28 15
8 W 11 71
8 W 1 78
8 R 2
8 W 27 37
8 R 184
8 W 231 17
8 R 20
8 W 225 73
8 W 21 94
8 W 11 56
8 R 19
8 W 16 37
8 W 93 2
8 R 25
8 R 3
8 R 231
8 R 231
8 R 9
8 R 19
8 W 25 64
8 C 89
1 S 90
1 W 13 34
1 R 3
1 R 144
1 W 29 79
1 R 16
1 W 27 86
1 W 1 62
1 W 6 85
1 W 28 89
1 W 34 14
1 R 165
1 W 59 58
1 W 31 62
1 R 29
1 R 65
1 C 90
8 S 91
8 W 24 64
8 W 37 86
8 R 0
8 W 81 45
8 W 70 88
8 W 0 78
8 R 18
8 W 13 7
8 W 125 92
8 R 109
8 R 41
8 R 187
8 W 140 60
8 W 0 25
8 R 23
8 W 3 37
8 R 6
8 W 9 48
8 C 91
2 S 92
2 R 24
2 W 93 19
2 W 129 76
2 R 140
2 R 16
2 W 235 84
2 W 30 75
2 W 6 100
2 W 0 68
2 R 2
2 R 119
2 R 5
2 R 2
2 R 16
2 W 3 90
2 W 17 18
2 R 12
2 R 23
2 W 3 62
2 R 39
2 W 134 67
2 R 20
2 R 16
2 R 17
2 W 125 15
2 R 175
2 W 143 51
2 R 111
2 R 47
2 C 92
4 S 93
4 R 28
4 R 21
4 W 24 65
4 R 28
4 R 18
4 W 4 50
4 R 4
4 R 76
4 W 245 81
4 R 236
4 C 93
0 S 94
0 W 20 38
0 R 6
0 R 238
0 W 6 99
0 W 7 49
0 W 226 33
0 W 8 54
0 W 24 50
0 R 153
0 R 226
0 R 13
0 W 2 34
0 R 167
0 R 19
0 R 16
0 C 94
3 S 95
3 R 23
3 W 176 79
3 W 7 30
3 W 163 14
3 W 2 45
3 R 11
3 R 18
3 W 19 0
3 W 31 26
3 W 12 84
3 R 155
3 R 44
3 W 21 69
3 W 171 33
3 R 28
3 W 11 99
3 R 189
3 C 95
7 S 96
7 W 20 67
7 W 8 54
7 W 4 61
7 R 19
7 R 3
7 R 30
7 R 24
7 W 60 17
7 W 28 85
7 W 239 49
7 R 52
7 W 31 12
7 R 76
7 R 17
7 R 28
7 R 20
7 W 3 55
7 W 254 69
7 R 24
7 W 11 59
7 R 12
7 W 27 99
7 W 252 30
7 W 84 78
7 R 20
7 W 23 4
7 W 120 83
7 R 28
7 R 238
7 R 140
7 R 204
7 R 6
7 C 96
6 S 97
6 W 12 63
6 W 29 91
6 W 18 98
6 W 184 23
6 W 21 61
6 R 15
6 W 19 26
6 W 228 10
6 R 73
6 W 0 92
6 R 26
6 R 84
6 W 3 41
6 R 4
6 R 46
6 W 17 72
6 W 10 0
6 R 31
6 W 12 37
6 C 97
5 S 98
5 R 109
5 W 19 56
5 R 214
5 W 11 39
5 R 209
5 W 19 99
5 R 224
5 R 232
5 W 4 51
5 R 13
5 W 31 65
5 W 29 61
5 R 178
5 W 97 90
5 W 22 73
5 R 240
5 R 175
5 W 16 77
5 R 25
5 R 50
5 W 18 92
5 W 1 80
5 R 13
5 R 90
5 R 70
5 R 134
5 R 61
5 W 124 32
5 R 29
5 W 28 14
5 W 18 0
5 C 98
8 S 99
8 R 7
8 R 0
8 R 24
8 R 225
8 W 30 36
8 W 16 68
8 W 27 22
8 R 30
8 R 245
8 W 191 21
8 C 99
6 S 100
6 W 140 48
6 R 17
6 R 145
6 W 1 26
6 W 157 89
6 W 29 93
6 R 157
6 W 17 12
6 W 178 72
6 W 7 61
6 R 15
6 R 85
6 R 0
6 R 7
6 R 5
6 W 139 65
6 R 1
6 R 19
6 W 1 2
6 W 35 45
6 R 103
6 R 12
6 R 92
6 R 11
6 W 174 90
6 W 31 85
6 R 141
6 R 0
6 W 14 55
6 W 25 51
6 R 3
6 C 100
0 S 101
0 W 1 65
0 R 4
0 W 12 78
0 R 7
0 R 16
0 R 9
0 R 105
0 R 115
0 W 27 83
0 R 31
0 R 14
0 W 9 16
0 R 198
0 R 20
0 R 22
0 C 101
1 S 102
1 R 20
1 W 18 11
1 W 226 32
1 W 15 30
1 W 203 78
1 R 27
1 R 3
1 R 18
1 W 6 31
1 W 9 75
1 W 20 71
1 R 7
1 W 34 65
1 W 23 96
1 R 30
1 W 139 37
1 R 15
1 W 17 45
1 R 9
1 W 201 4
1 R 9
1 W 30 48
1 R 11
1 C 102
4 S 103
4 R 131
4 W 147 63
4 R 31
4 R 25
4 W 22 87
4 W 31 57
4 R 110
4 W 31 80
4 R 237
4 R 14
4 W 209 49
4 R 0
4 W 151 23
4 W 19 73
4 C 103
2 S 104
2 W 225 94
2 R 10
2 R 4
2 R 99
2 W 15 60
2 W 7 67
2 W 13 46
2 R 23
2 W 15 57
2 W 7 78
2 W 68 92
2 W 25 43
2 W 106 33
2 R 19
2 R 23
2 C 104
5 S 105
5 W 17 79
5 R 24
5 R 9
5 W 17 62
5 R 245
5 W 185 91
5 R 14
5 R 5
5 W 5 84
5 W 45 33
5 C 105
7 S 106
7 R 141
7 W 137 72
7 W 31 86
7 R 254
7 W 250 38
7 W 69 60
7 R 3
7 W 58 29
7 W 102 70
7 R 18
7 C 106
3 S 107
3 W 108 87
3 W 10 13
3 W 64 16
3 R 184
3 W 7 93
3 R 145
3 W 23 90
3 R 45
3 W 17 88
3 W 45 31
3 W 16 76
3 R 170
3 W 20 48
3 R 20
3 C 107
8 S 108
8 W 212 98
8 R 247
8 R 25
8 W 19 97
8 W 1 66
8 R 162
8 W 223 28
8 R 46
8 W 247 42
8 W 18 16
8 R 30
8 W 154 22
8 R 28
8 R 12
8 W 2 38
8 W 195 73
8 R 20
8 R 232
8 R 13
8 W 12 21
8 R 223
8 R 18
8 R 24
8 W 20 97
8 R 19
8 C 108
2 S 109
2 R 43
2 R 9
2 W 26 84
2 W 136 65
2 R 7
2 W 21 46
2 W 188 17
2 R 1
2 R 33
2 W 0 10
2 R 14
2 R 8
2 R 142
2 W 185 94
2 R 26
2 W 28 51
2 R 22
2 R 18
2 R 20
2 W 19 21
2 R 21
2 W 16 86
2 R 16
2 R 3
2 R 211
2 R 247
2 W 19 84
2 W 0 10
2 R 8
2 W 13 56
2 R 7
2 C 109
5 S 110
5 W 14 37
5 R 14
5 W 107 63
5 R 3
5 R 10
5 W 123 93
5 W 6 75
5 R 229
5 W 5 17
5 W 111 47
5 R 21
5 R 153
5 W 27 97
5 R 18
5 R 117
5 R 28
5 C 110
6 S 111
6 W 29 52
6 W 35 26
6 W 99 51
6 W 9 51
6 W 11 82
6 W 124 57
6 W 13 73
6 W 130 61
6 W 131 96
6 R 23
6 R 8
6 W 14 89
6 W 26 26
6 W 75 0
6 W 157 97
6 R 49
6 W 1 2
6 W 62 5
6 W 6 1
6 W 20 9
6 W 91 73
6 C 111
4 S 112
4 R 11
4 R 137
4 W 2 68
4 R 14
4 W 31 34
4 R 23
4 R 24
4 W 22 81
4 R 57
4 R 29
4 W 13 75
4 W 3 99
4 W 28 71
4 R 138
4 R 195
4 W 189 36
4 W 15 44
4 W 243 36
4 R 11
4 W 17 54
4 R 6
4 R 168
4 W 12 16
4 W 23 22
4 W 215 93
4 R 16
4 W 233 98
4 C 112
0 S 113
0 R 19
0 R 13
0 W 21 68
0 R 81
0 W 25 78
0 R 8
0 R 12
0 R 10
0 R 228
0 W 35 71
0 W 146 81
0 W 115 54
0 W 105 74
0 R 151
0 W 11 92
0 W 102 13
0 R 3
0 W 19 70
0 R 18
0 R 17
0 R 12
0 R 21
0 R 244
0 R 174
0 R 215
0 W 14 53
0 R 21
0 R 22
0 R 237
0 W 28 98
0 W 31 84
0 R 19
0 C 113
7 S 114
7 W 12 24
7 R 195
7 R 30
7 W 10 76
7 W 174 33
7 R 239
7 W 5 79
7 R 19
7 R 29
7 R 7
7 R 12
7 R 3
7 R 214
7 R 22
7 W 2 30
7 R 30
7 R 31
7 W 53 9
7 R 5
7 R 236
7 C 114
1 S 115
1 W 139 69
1 W 105 86
1 W 0 39
1 R 20
1 W 21 81
1 W 38 76
1 R 8
1 W 169 51
1 R 186
1 W 230 73
1 R 31
1 R 29
1 W 11 62
1 R 1
1 R 78
1 R 26
1 W 30 21
1 R 75
1 R 13
1 W 153 33
1 R 29
1 W 26 66
1 R 202
1 R 13
1 R 42
1 W 19 66
1 R 11
1 W 180 19
1 C 115
3 S 116
3 W 22 73
3 R 4
3 R 10
3 R 163
3 W 12 90
3 R 23
3 W 157 66
3 W 5 77
3 W 13 2
3 R 132
3 W 23 2
3 W 13 51
3 W 26 99
3 W 11 21
3 C 116
4 S 117
4 R 27
4 W 125 97
4 W 17 53
4 W 169 12
4 R 7
4 W 8 17
4 W 111 66
4 R 26
4 R 56
4 W 26 86
4 W 29 11
4 W 11 18
4 W 170 53
4 W 12 11
4 R 8
4 R 11
4 W 6 91
4 W 16 22
4 W 24 30
4 R 20
4 R 62
4 R 24
4 C 117
8 S 118
8 R 19
8 W 12 64
8 W 22 83
8 W 24 76
8 R 39
8 W 6 42
8 W 27 21
8 W 7 1
8 W 1 6
8 W 2 20
8 W 26 56
8 W 1 69
8 R 27
8 W 99 99
8 R 229
8 R 18
8 W 26 92
8 R 25
8 W 1 78
8 W 80 49
8 R 14
8 W 34 77
8 R 31
8 W 8 100
8 R 6
8 C 118
7 S 119
7 W 186 20
7 W 14 23
7 W 30 94
7 R 245
7 R 104
7 W 18 66
7 R 16
7 R 12
7 W 25 31
7 W 102 95
7 R 108
7 R 157
7 R 124
7 R 27
7 R 18
7 W 30 71
7 W 248 45
7 R 14
7 W 3 61
7 R 21
7 W 46 56
7 W 10 21
7 R 88
7 W 16 73
7 C 119
3 S 120
3 R 17
3 W 70 2
3 R 18
3 R 6
3 R 9
3 W 24 33
3 R 25
3 R 7
3 R 22
3 W 5 40
3 C 120
6 S 121
6 R 82
6 W 6 80
6 W 223 31
6 R 2
6 R 14
6 W 2 56
6 W 25 46
6 R 246
6 W 159 17
6 R 17
6 R 52
6 R 132
6 W 166 26
6 R 28
6 W 10 89
6 W 28 57
6 W 8 67
6 R 31
6 R 3
6 R 16
6 W 31 78
6 W 20 92
6 R 27
6 C 121
2 S 122
2 R 218
2 R 17
2 W 7 77
2 R 151
2 R 24
2 R 253
2 R 2
2 W 18 85
2 W 24 42
2 W 22 8
2 R 17
2 W 254 48
2 W 1 52
2 R 252
2 W 19 22
2 R 21
2 R 180
2 R 123
2 W 31 37
2 R 213
2 C 122
5 S 123
5 R 14
5 R 62
5 R 4
5 W 150 56
5 W 26 37
5 R 129
5 R 149
5 R 18
5 R 21
5 R 143
5 W 52 81
5 R 25
5 R 15
5 C 123
0 S 124
0 W 171 20
0 W 3 15
0 W 199 0
0 W 55 28
0 R 3
0 W 1 26
0 W 31 24
0 R 225
0 W 11 69
0 R 19
0 R 110
0 R 122
0 W 31 60
0 R 15
0 W 22 69
0 W 45 26
0 R 4
0 R 7
0 C 124
1 S 125
1 W 236 79
1 R 236
1 R 27
1 R 11
1 W 62 83
1 W 198 76
1 W 14 68
1 R 2
1 W 23 38
1 R 99
1 C 125
0 S 126
0 R 93
0 R 22
0 R 3
0 W 23 68
0 W 2 47
0 W 24 39
0 W 4 24
0 W 199 50
0 R 31
0 W 62 40
0 R 113
0 W 1 71
0 W 186 75
0 W 241 67
0 W 10 38
0 R 238
0 W 0 19
0 R 22
0 R 22
0 R 10
0 R 95
0 W 255 9
0 W 39 89
0 C 126
6 S 127
6 W 234 84
6 W 42 2
6 R 12
6 W 7 52
6 R 14
6 R 18
6 R 189
6 R 213
6 W 193 79
6 R 21
6 R 12
6 R 1
6 W 2 92
6 R 15
6 R 9
6 R 23
6 R 1
6 R 27
6 R 46
6 R 22
6 W 18 3
6 R 205
6 C 127
8 S 128
8 R 9
8 W 0 17
8 R 230
8 W 31 91
8 R 14
8 R 16
8 R 236
8 W 15 12
8 R 21
8 W 105 0
8 W 24 31
8 W 69 5
8 R 17
8 W 11 100
8 W 5 11
8 W 174 17
8 R 102
8 R 237
8 W 121 99
8 R 209
8 W 164 75
8 R 17
8 W 28 70
8 W 30 69
8 R 11
8 W 81 88
8 R 1
8 R 0
8 R 18
8 W 10 12
8 C 128
4 S 129
4 W 26 26
4 R 14
4 W 12 55
4 W 14 92
4 R 21
4 W 9 65
4 R 56
4 W 29 13
4 W 168 7
4 R 200
4 W 220 74
4 W 0 74
4 W 17 64
4 R 24
4 R 5
4 W 79 45
4 R 13
4 W 18 90
4 R 4
4 R 0
4 W 6 77
4 R 14
4 R 92
4 W 160 75
4 C 129
7 S 130
7 R 0
7 R 52
7 W 3 88
7 W 201 17
7 R 137
7 W 20 40
7 R 165
7 R 2
7 W 19 43
7 R 25
7 W 25 10
7 R 86
7 W 6 4
7 W 29 53
7 W 16 69
7 W 9 31
7 W 29 18
7 C 130
3 S 131
3 R 6
3 R 8
3 R 3
3 W 20 39
3 R 11
3 W 147 25
3 R 220
3 R 163
3 R 2
3 W 26 32
3 C 131
2 S 132
2 W 2 30
2 W 26 72
2 R 15
2 R 10
2 W 2 7
2 W 105 15
2 W 193 36
2 W 12 34
2 W 12 62
2 W 19 54
2 R 83
2 R 26
2 W 28 59
2 W 9 0
2 R 6
2 W 12 52
2 R 14
2 W 175 27
2 R 20
2 W 200 52
2 C 132
1 S 133
1 R 206
1 R 18
1 W 30 79
1 W 8 77
1 R 81
1 R 148
1 R 173
1 W 21 44
1 R 27
1 R 23
1 W 50 13
1 W 159 95
1 W 8 16
1 W 20 92
1 R 24
1 R 28
1 R 3
1 R 23
1 C 133
5 S 134
5 W 92 74
5 W 125 76
5 W 8 66
5 R 30
5 W 107 39
5 W 1 2
5 W 90 82
5 W 11 41
5 W 172 82
5 R 124
5 R 22
5 R 4
5 W 18 98
5 W 22 24
5 R 0
5 W 105 47
5 R 46
5 R 146
5 W 232 30
5 R 21
5 W 29 0
5 C 134
1 S 135
1 R 197
1 W 63 26
1 W 20 75
1 R 20
1 R 255
1 W 29 27
1 W 137 76
1 W 24 42
1 R 31
1 R 6
1 R 121
1 R 18
1 R 3
1 C 135
2 S 136
2 R 31
2 W 0 80
2 R 234
2 R 67
2 W 176 18
2 R 6
2 R 54
2 R 123
2 R 208
2 W 63 53
2 R 22
2 R 0
2 W 105 32
2 R 74
2 W 32 10
2 W 26 91
2 R 18
2 R 217
2 W 9 13
2 W 15 44
2 W 197 67
2 W 23 39
2 W 95 13
2 W 250 69
2 R 0
2 W 0 18
2 W 25 71
2 R 30
2 W 31 28
2 W 25 44
2 R 177
2 C 136
6 S 137
6 R 2
6 W 7 27
6 W 77 60
6 W 21 99
6 R 134
6 R 129
6 R 23
6 W 210 84
6 R 251
6 R 26
6 W 18 69
6 W 77 65
6 R 22
6 W 21 32
6 W 11 90
6 R 0
6 R 194
6 W 243 43
6 R 22
6 R 14
6 R 93
6 R 56
6 R 8
6 R 43
6 C 137
3 S 138
3 W 18 20
3 R 83
3 R 3
3 R 23
3 R 34
3 W 29 26
3 R 96
3 W 25 66
3 R 214
3 R 159
3 W 18 80
3 R 41
3 W 5 52
3 W 26 43
3 R 24
3 W 156 46
3 C 138
5 S 139
5 W 236 63
5 R 17
5 R 138
5 W 30 7
5 R 91
5 R 17
5 W 23 6
5 W 215 59
5 R 49
5 R 18
5 W 15 21
5 W 24 96
5 W 85 46
5 R 28
5 C 139
8 S 140
8 R 17
8 R 19
8 W 7 15
8 R 3
8 W 0 35
8 W 39 13
8 R 191
8 W 34 48
8 R 2
8 W 4 72
8 W 22 17
8 W 59 34
8 R 62
8 W 116 92
8 R 8
8 C 140
7 S 141
7 W 8 28
7 W 2 46
7 W 230 81
7 W 10 71
7 W 249 11
7 R 7
7 R 57
7 W 11 49
7 R 229
7 R 12
7 W 13 53
7 R 17
7 W 6 34
7 W 8 14
7 W 8 0
7 W 8 86
7 R 22
7 R 15
7 W 19 72
7 W 15 12
7 W 12 81
7 W 11 59
7 W 15 78
7 R 74
7 C 141
4 S 142
4 R 223
4 R 10
4 R 9
4 R 18
4 R 18
4 W 2 5
4 R 13
4 R 14
4 R 235
4 W 22 63
4 C 142
0 S 143
0 W 204 79
0 W 86 8
0 W 209 23
0 W 11 96
0 R 140
0 W 7 83
0 W 16 97
0 W 13 9
0 W 9 98
0 W 8 57
0 W 28 5
0 W 15 27
0 W 209 53
0 W 60 18
0 R 3
0 W 12 82
0 W 13 74
0 R 15
0 R 20
0 R 173
0 R 16
0 R 31
0 R 209
0 W 52 53
0 W 81 12
0 R 1
0 W 10 67
0 R 95
0 W 24 3
0 W 23 72
0 W 51 62
0 R 10
0 C 143
0 S 144
0 W 28 100
0 R 215
0 W 15 87
0 W 17 62
0 R 3
0 W 56 69
0 W 221 81
0 W 31 43
0 W 11 95
0 R 8
0 R 15
0 W 8 95
0 R 191
0 R 2
0 W 180 41
0 R 145
0 R 134
0 C 144
1 S 145
1 R 56
1 W 1 1
1 R 16
1 R 24
1 W 17 49
1 W 223 100
1 R 58
1 W 9 89
1 R 19
1 W 65 31
1 W 31 90
1 W 91 12
1 R 16
1 W 22 88
1 W 13 97
1 R 6
1 C 145
5 S 146
5 R 190
5 W 11 39
5 R 15
5 W 23 88
5 W 19 31
5 W 28 7
5 R 2
5 R 16
5 R 27
5 W 11 39
5 W 20 92
5 W 94 64
5 R 3
5 W 42 40
5 W 62 97
5 R 2
5 W 9 14
5 W 17 62
5 C 146
6 S 147
6 R 17
6 W 6 18
6 R 244
6 W 73 1
6 W 56 14
6 W 51 73
6 W 27 45
6 W 26 19
6 R 13
6 W 31 75
6 R 4
6 R 120
6 W 22 96
6 W 79 84
6 W 10 5
6 W 14 89
6 R 170
6 W 15 36
6 W 28 90
6 R 12
6 C 147
2 S 148
2 R 24
2 R 28
2 R 13
2 W 19 39
2 W 25 31
2 W 158 21
2 W 6 5
2 W 28 20
2 W 22 46
2 W 15 49
2 W 72 29
2 C 148
4 S 149
4 W 246 88
4 W 105 6
4 R 176
4 R 21
4 R 0
4 R 231
4 R 19
4 R 4
4 R 31
4 R 118
4 R 227
4 W 148 56
4 W 25 78
4 R 167
4 W 141 97
4 R 254
4 C 149
3 S 150
3 R 4
3 W 15 42
3 R 7
3 W 10 95
3 R 206
3 W 13 54
3 W 30 58
3 R 144
3 W 8 5
3 W 83 23
3 W 0 1
3 R 23
3 W 6 94
3 W 30 37
3 R 26
3 W 8 8
3 W 210 96
3 R 26
3 W 24 54
3 C 150
7 S 151
7 R 162
7 R 171
7 R 250
7 W 176 19
7 W 12 83
7 W 6 91
7 R 13
7 R 13
7 R 29
7 W 203 2
7 W 225 38
7 W 19 90
7 R 168
7 W 16 36
7 R 31
7 R 61
7 W 10 12
7 W 29 50
7 R 192
7 R 225
7 W 171 67
7 R 87
7 W 12 93
7 W 5 76
7 W 21 17
7 W 6 78
7 R 12
7 W 216 84
7 R 21
7 C 151
8 S 152
8 W 4 31
8 R 87
8 R 131
8 W 14 55
8 W 18 8
8 W 9 78
8 W 129 100
8 R 152
8 W 23 5
8 W 17 57
8 W 22 49
8 W 98 97
8 R 31
8 R 33
8 W 122 63
8 R 19
8 R 26
8 C 152
5 S 153
5 W 5 77
5 R 161
5 W 4 50
5 W 25 40
5 R 22
5 W 3 13
5 W 13 85
5 R 33
5 R 184
5 W 18 18
5 R 13
5 W 30 9
5 R 73
5 R 22
5 R 7
5 R 29
5 W 9 57
5 R 14
5 R 31
5 R 0
5 W 9 50
5 R 3
5 R 102
5 W 29 100
5 W 4 61
5 R 69
5 R 217
5 W 13 68
5 W 25 67
5 W 19 50
5 W 21 97
5 R 28
5 C 153
2 S 154
2 R 15
2 R 31
2 R 156
2 W 12 16
2 W 24 17
2 R 17
2 R 11
2 W 9 8
2 W 9 29
2 W 13 58
2 R 29
2 R 173
2 W 21 26
2 W 22 74
2 W 44 69
2 R 52
2 R 142
2 W 5 44
2 R 195
2 C 154
0 S 155
0 W 101 88
0 R 11
0 W 18 84
0 W 249 28
0 R 137
0 W 24 33
0 R 49
0 R 107
0 R 26
0 R 95
0 W 8 34
0 R 20
0 R 22
0 R 93
0 R 5
0 W 237 55
0 W 100 74
0 R 12
0 W 21 59
0 R 168
0 W 186 12
0 W 15 77
0 R 213
0 W 207 1
0 C 155
4 S 156
4 R 0
4 W 96 100
4 W 9 38
4 W 4 50
4 R 167
4 W 31 43
4 R 60
4 W 14 45
4 W 10 27
4 W 19 56
4 R 227
4 W 235 84
4 W 15 5
4 R 155
4 C 156
8 S 157
8 R 174
8 R 22
8 R 8
8 R 12
8 W 168 76
8 W 16 8
8 W 25 9
8 W 79 22
8 W 22 55
8 R 31
8 W 20 28
8 R 21
8 R 38
8 R 26
8 R 1
8 W 144 100
8 W 19 78
8 R 21
8 R 31
8 R 21
8 W 252 85
8 R 89
8 W 184 98
8 R 78
8 W 10 97
8 C 157
1 S 158
1 R 5
1 R 30
1 R 26
1 W 25 75
1 W 204 37
1 W 31 56
1 R 239
1 R 9
1 R 205
1 R 7
1 R 15
1 R 27
1 R 2
1 R 18
1 R 17
1 R 192
1 R 80
1 R 6
1 R 14
1 W 39 62
1 R 216
1 R 216
1 W 26 24
1 R 142
1 W 99 64
1 R 5
1 W 19 48
1 W 28 94
1 R 22
1 W 28 72
1 C 158
6 S 159
6 R 22
6 W 178 85
6 R 22
6 R 11
6 R 174
6 W 18 55
6 W 21 82
6 W 30 67
6 R 13
6 W 31 100
6 R 25
6 R 232
6 R 30
6 W 4 49
6 C 159
7 S 160
7 W 13 75
7 W 12 34
7 W 214 43
7 W 30 93
7 W 1 68
7 W 8 61
7 R 11
7 R 6
7 W 2 84
7 R 12
7 R 24
7 W 31 16
7 W 1 27
7 R 98
7 W 22 32
7 C 160
3 S 161
3 R 4
3 W 226 34
3 W 20 46
3 W 28 76
3 R 19
3 W 239 64
3 W 114 52
3 W 190 61
3 R 25
3 W 12 62
3 R 1
3 W 22 13
3 W 20 81
3 R 66
3 W 12 15
3 R 10
3 R 187
3 R 29
3 R 8
3 W 13 72
3 R 11
3 R 16
3 R 17
3 R 15
3 W 77 50
3 R 10
3 W 0 66
3 C 161
1 S 162
1 W 13 95
1 R 14
1 W 11 83
1 R 179
1 R 0
1 W 121 59
1 R 9
1 W 3 37
1 R 28
1 R 49
1 R 3
1 R 220
1 R 239
1 R 21
1 W 2 93
1 W 9 12
1 W 24 21
1 W 8 88
1 W 15 16
1 W 156 27
1 C 162
2 S 163
2 R 214
2 R 6
2 W 4 46
2 R 34
2 R 22
2 R 8
2 R 176
2 R 9
2 R 17
2 W 31 97
2 W 8 24
2 R 27
2 R 26
2 W 28 4
2 W 182 20
2 R 4
2 W 18 30
2 R 120
2 R 5
2 W 242 77
2 W 128 48
2 R 4
2 W 24 4
2 W 0 49
2 R 125
2 C 163
8 S 164
8 R 147
8 R 229
8 W 236 81
8 W 0 75
8 W 27 77
8 W 23 89
8 W 28 80
8 W 67 96
8 W 141 73
8 R 0
8 W 31 0
8 R 16
8 R 217
8 W 26 43
8 W 6 81
8 W 12 46
8 R 16
8 W 4 74
8 W 6 42
8 W 25 56
8 W 20 34
8 W 31 99
8 W 1 14
8 W 6 14
8 R 195
8 C 164
0 S 165
0 W 31 74
0 R 28
0 R 10
0 R 130
0 R 19
0 W 30 93
0 R 13
0 R 202
0 R 65
0 R 185
0 C 165
4 S 166
4 W 11 98
4 R 136
4 W 2 20
4 R 22
4 W 59 29
4 W 27 69
4 R 16
4 R 113
4 R 233
4 W 76 69
4 R 165
4 R 169
4 W 0 16
4 W 125 48
4 R 198
4 W 11 94
4 R 219
4 R 2
4 R 38
4 W 12 33
4 W 142 43
4 W 107 68
4 W 8 97
4 W 61 14
4 R 23
4 W 56 79
4 R 2
4 W 204 38
4 C 166
6 S 167
6 R 11
6 R 19
6 R 28
6 R 23
6 R 90
6 W 204 55
6 R 32
6 R 12
6 R 2
6 R 30
6 R 19
6 R 207
6 W 21 47
6 W 26 41
6 R 216
6 C 167
3 S 168
3 W 147 62
3 W 5 71
3 R 0
3 R 22
3 W 206 84
3 W 13 12
3 R 22
3 R 8
3 W 12 30
3 R 21
3 R 18
3 W 231 29
3 W 245 63
3 R 25
3 C 168
7 S 169
7 R 8
7 W 4 46
7 W 11 65
7 W 9 95
7 W 16 95
7 R 234
7 R 204
7 W 121 93
7 R 3
7 W 19 67
7 W 123 80
7 R 201
7 R 15
7 W 132 55
7 W 218 70
7 W 185 35
7 R 185
7 R 29
7 W 107 14
7 W 126 96
7 R 30
7 W 15 59
7 R 23
7 R 1
7 R 67
7 W 24 8
7 R 23
7 R 189
7 W 25 17
7 W 122 8
7 R 106
7 C 169
5 S 170
5 W 2 64
5 W 2 21
5 R 131
5 W 89 64
5 W 252 35
5 W 15 19
5 R 12
5 R 82
5 R 11
5 W 8 95
5 C 170
7 S 171
7 W 206 63
7 R 28
7 W 5 100
7 W 19 68
7 W 137 66
7 R 8
7 R 211
7 R 28
7 R 12
7 W 8 82
7 W 12 6
7 W 232 83
7 W 23 28
7 R 20
7 R 56
7 R 15
7 W 141 79
7 R 207
7 W 16 60
7 R 9
7 R 3
7 W 28 35
7 W 39 73
7 R 18
7 R 120
7 W 24 69
7 R 192
7 C 171
4 S 172
4 W 10 52
4 W 14 90
4 W 26 72
4 W 19 60
4 W 0 51
4 R 7
4 W 17 8
4 R 119
4 W 25 60
4 R 141
4 R 110
4 W 5 67
4 R 1
4 W 10 70
4 W 14 83
4 C 172
5 S 173
5 R 12
5 W 1 31
5 R 149
5 W 20 10
5 R 96
5 W 4 55
5 R 12
5 W 182 37
5 W 28 91
5 W 31 24
5 R 10
5 W 211 0
5 W 10 38
5 W 27 52
5 R 26
5 R 12
5 W 0 30
5 R 83
5 R 5
5 R 22
5 C 173
0 S 174
0 R 25
0 W 21 22
0 R 147
0 R 11
0 W 23 14
0 R 24
0 W 31 54
0 W 81 72
0 R 3
0 W 25 48
0 W 11 53
0 R 1
0 W 6 1
0 W 17 23
0 C 174
6 S 175
6 W 189 77
6 R 5
6 R 251
6 W 250 53
6 R 143
6 W 7 15
6 R 91
6 W 195 92
6 W 210 41
6 W 65 46
6 R 98
6 W 5 50
6 R 215
6 W 9 23
6 R 26
6 R 191
6 C 175
3 S 176
3 R 13
3 W 12 49
3 R 22
3 W 74 8
3 W 29 45
3 W 25 35
3 W 19 56
3 W 239 85
3 W 3 81
3 R 10
3 W 0 28
3 R 66
3 W 3 61
3 W 21 46
3 C 176
2 S 177
2 R 3
2 W 169 85
2 R 6
2 R 27
2 R 239
2 W 5 14
2 R 21
2 W 57 25
2 R 20
2 R 5
2 R 16
2 R 27
2 W 117 54
2 R 5
2 W 12 11
2 R 145
2 W 29 5
2 W 69 67
2 W 26 9
2 R 29
2 R 19
2 R 28
2 C 177
8 S 178
8 W 4 79
8 R 211
8 R 30
8 R 216
8 W 7 95
8 W 20 1
8 W 216 77
8 W 164 20
8 W 16 91
8 R 17
8 R 9
8 R 14
8 R 255
8 W 91 67
8 R 12
8 R 234
8 W 56 46
8 R 74
8 R 5
8 R 2
8 W 2 88
8 R 3
8 R 15
8 W 28 46
8 W 30 97
8 W 3 60
8 C 178
1 S 179
1 W 170 85
1 W 28 63
1 R 10
1 W 28 20
1 W 72 30
1 W 31 93
1 R 22
1 R 54
1 R 30
1 W 210 92
1 R 1
1 W 194 92
1 W 51 35
1 W 0 67
1 W 223 60
1 W 5 82
1 W 13 0
1 W 57 97
1 W 18 39
1 R 12
1 W 136 70
1 R 107
1 C 179
2 S 180
2 W 6 84
2 R 172
2 W 28 81
2 W 29 98
2 W 30 84
2 W 1 3
2 W 11 64
2 W 17 46
2 R 26
2 R 211
2 W 35 0
2 W 13 4
2 R 3
2 W 42 52
2 R 236
2 W 18 88
2 W 4 32
2 R 2
2 C 180
4 S 181
4 R 143
4 R 13
4 W 14 84
4 R 5
4 R 0
4 R 130
4 W 30 44
4 R 6
4 W 27 33
4 W 9 26
4 R 20
4 R 23
4 R 29
4 W 14 38
4 W 10 73
4 R 14
4 R 16
4 W 25 58
4 W 31 86
4 C 181
3 S 182
3 R 240
3 W 18 7
3 R 22
3 W 6 70
3 W 255 28
3 R 246
3 W 157 19
3 R 12
3 W 225 34
3 W 10 91
3 W 175 65
3 R 255
3 W 28 35
3 W 14 22
3 R 23
3 W 18 23
3 W 13 34
3 C 182
0 S 183
0 R 83
0 W 239 70
0 W 27 19
0 W 5 95
0 W 30 35
0 R 29
0 W 6 35
0 W 119 6
0 R 2
0 R 29
0 W 27 45
0 W 71 90
0 W 71 31
0 W 20 67
0 W 6 49
0 R 79
0 R 19
0 W 123 8
0 W 11 25
0 C 183
6 S 184
6 R 2
6 R 206
6 R 17
6 R 22
6 W 100 59
6 W 9 79
6 R 79
6 R 218
6 W 142 47
6 W 9 20
6 R 25
6 W 9 44
6 W 18 37
6 W 224 13
6 W 100 1
6 W 15 89
6 W 247 92
6 R 35
6 R 30
6 W 138 75
6 W 10 14
6 W 104 87
6 W 7 63
6 C 184
7 S 185
7 W 13 66
7 W 241 70
7 W 7 50
7 R 22
7 R 168
7 W 15 86
7 W 242 3
7 R 81
7 R 28
7 R 25
7 W 214 35
7 W 11 98
7 W 30 0
7 R 28
7 W 15 24
7 W 11 92
7 C 185
8 S 186
8 R 13
8 W 50 47
8 W 22 77
8 W 2 94
8 W 143 71
8 W 30 25
8 W 201 47
8 R 18
8 W 6 100
8 W 6 79
8 W 6 96
8 R 27
8 R 116
8 R 39
8 W 90 43
8 R 0
8 R 16
8 W 26 11
8 W 19 8
8 R 154
8 R 212
8 W 14 95
8 W 9 30
8 W 22 81
8 R 1
8 W 9 71
8 C 186
1 S 187
1 W 60 5
1 W 22 84
1 R 73
1 W 247 94
1 W 9 4
1 W 11 73
1 R 200
1 R 30
1 W 226 92
1 W 0 70
1 W 13 100
1 W 13 4
1 R 29
1 W 27 25
1 R 1
1 C 187
5 S 188
5 W 5 13
5 W 25 15
5 R 206
5 W 22 23
5 R 190
5 W 230 2
5 R 19
5 W 147 25
5 R 4
5 R 24
5 R 27
5 R 1
5 R 22
5 C 188
8 S 189
8 W 30 84
8 W 137 61
8 W 8 87
8 R 23
8 W 9 88
8 W 17 78
8 W 71 14
8 R 232
8 W 25 70
8 W 16 16
8 R 22
8 W 3 44
8 W 20 83
8 R 8
8 R 25
8 R 27
8 C 189
6 S 190
6 R 3
6 R 5
6 W 17 72
6 R 16
6 R 4
6 W 64 90
6 W 24 77
6 R 17
6 R 15
6 R 18
6 W 22 14
6 W 129 70
6 R 7
6 W 9 14
6 R 6
6 R 21
6 R 228
6 R 21
6 R 76
6 R 33
6 W 12 1
6 W 4 17
6 R 29
6 W 13 59
6 W 96 8
6 R 26
6 W 17 70
6 C 190
7 S 191
7 W 154 52
7 R 31
7 W 24 37
7 W 12 94
7 W 144 2
7 R 3
7 W 15 23
7 W 231 60
7 R 137
7 R 4
7 W 29 100
7 R 29
7 W 27 61
7 W 199 67
7 R 25
7 R 21
7 R 17
7 R 19
7 W 248 40
7 W 2 32
7 W 17 19
7 R 9
7 W 68 75
7 W 167 21
7 R 18
7 R 166
7 W 8 54
7 W 21 97
7 R 221
7 W 18 13
7 W 23 13
7 C 191
1 S 192
1 W 14 82
1 R 18
1 R 63
1 R 254
1 W 213 23
1 W 19 17
1 W 138 71
1 R 13
1 W 11 83
1 R 15
1 R 28
1 W 4 30
1 W 13 91
1 W 78 94
1 R 13
1 W 27 8
1 W 248 41
1 W 4 49
1 R 0
1 R 192
1 R 122
1 R 159
1 W 8 44
1 R 16
1 R 5
1 R 19
1 R 7
1 R 3
1 W 13 23
1 R 17
1 R 2
1 R 9
1 C 192
5 S 193
5 W 26 95
5 W 26 45
5 R 20
5 W 16 55
5 W 22 89
5 R 14
5 W 0 67
5 R 6
5 R 196
5 R 24
5 W 231 22
5 R 208
5 W 31 68
5 C 193
3 S 194
3 R 110
3 R 185
3 W 30 78
3 W 165 1
3 R 226
3 W 17 79
3 R 3
3 W 244 0
3 R 16
3 R 216
3 W 247 100
3 R 15
3 R 24
3 R 253
3 R 16
3 R 1
3 R 16
3 R 107
3 R 0
3 R 6
3 R 34
3 W 75 11
3 C 194
4 S 195
4 W 2 57
4 R 19
4 R 29
4 R 29
4 R 0
4 W 200 99
4 R 9
4 R 219
4 W 139 68
4 R 10
4 R 146
4 R 12
4 R 1
4 C 195
2 S 196
2 R 13
2 R 14
2 W 23 29
2 R 235
2 R 40
2 R 249
2 W 3 3
2 W 172 99
2 R 5
2 W 107 98
2 W 6 50
2 W 6 61
2 R 26
2 W 7 3
2 R 25
2 W 107 42
2 R 100
2 R 129
2 R 17
2 W 203 74
2 W 31 32
2 R 9
2 R 26
2 W 19 68
2 C 196
0 S 197
0 W 10 68
0 R 16
0 R 17
0 R 27
0 R 137
0 R 27
0 R 13
0 R 28
0 R 178
0 W 16 40
0 W 3 34
0 W 60 0
0 R 193
0 W 242 96
0 W 28 10
0 W 82 35
0 W 214 49
0 R 1
0 C 197
0 S 198
0 R 55
0 W 7 77
0 R 18
0 R 28
0 R 9
0 W 24 22
0 W 26 4
0 W 23 68
0 R 199
0 R 5
0 R 5
0 W 255 39
0 R 16
0 C 198
5 S 199
5 W 3 41
5 R 18
5 W 4 1
5 W 203 3
5 W 31 90
5 R 218
5 W 210 78
5 R 127
5 W 19 74
5 W 16 14
5 R 30
5 W 223 1
5 W 175 95
5 R 129
5 W 13 2
5 R 6
5 W 24 22
5 W 19 6
5 W 21 92
5 R 222
5 W 1 56
5 R 93
5 R 19
5 R 113
5 W 5 80
5 R 75
5 C 199
2 S 200
2 W 6 80
2 R 14
2 W 3 75
2 R 181
2 W 10 7
2 R 220
2 W 1 91
2 R 13
2 R 180
2 W 24 43
2 R 63
2 R 26
2 R 18
2 R 3
2 R 27
2 R 27
2 W 6 7
2 R 22
2 W 11 98
2 R 13
2 C 200
3 S 201
3 R 163
3 R 2
3 R 29
3 W 192 14
3 R 8
3 R 22
3 R 23
3 R 173
3 R 128
3 R 13
3 W 23 43
3 W 9 61
3 W 15 78
3 R 14
3 W 19 26
3 R 19
3 W 67 0
3 W 48 82
3 R 164
3 W 47 6
3 R 28
3 W 195 70
3 W 1 85
3 R 27
3 W 23 28
3 R 10
3 W 31 65
3 W 29 63
3 C 201
8 S 202
8 W 17 36
8 W 9 70
8 W 194 28
8 W 31 28
8 R 160
8 R 24
8 R 27
8 W 7 5
8 R 0
8 R 81
8 R 14
8 W 29 95
8 W 30 87
8 W 24 6
8 R 73
8 C 202
7 S 203
7 R 24
7 W 19 66
7 W 13 35
7 R 22
7 R 126
7 W 13 71
7 R 25
7 R 2
7 W 6 10
7 W 18 11
7 R 0
7 W 20 30
7 R 23
7 W 20 36
7 R 224
7 C 203
4 S 204
4 W 142 64
4 R 8
4 R 22
4 W 9 31
4 R 189
4 W 165 29
4 W 31 23
4 R 233
4 W 9 43
4 W 6 82
4 R 10
4 W 0 84
4 W 61 26
4 C 204
6 S 205
6 R 54
6 R 4
6 R 137
6 R 212
6 W 5 43
6 R 26
6 R 159
6 R 19
6 W 1 54
6 R 49
6 R 18
6 W 54 65
6 R 99
6 R 247
6 R 10
6 R 16
6 R 3
6 R 30
6 W 7 74
6 W 8 93
6 C 205
1 S 206
1 W 13 46
1 W 250 85
1 W 159 47
1 W 143 61
1 R 14
1 R 0
1 W 193 86
1 W 28 66
1 W 12 22
1 W 19 5
1 W 201 42
1 R 230
1 R 79
1 R 20
1 R 19
1 R 118
1 W 31 31
1 R 29
1 C 206
5 S 207
5 W 246 95
5 W 235 5
5 W 19 60
5 R 4
5 R 13
5 R 15
5 W 31 36
5 W 142 84
5 R 8
5 R 32
5 W 237 11
5 R 54
5 W 242 64
5 W 4 44
5 R 22
5 R 14
5 R 64
5 R 4
5 W 87 82
5 W 253 96
5 W 4 91
5 W 49 76
5 W 4 78
5 W 186 81
5 R 87
5 R 225
5 R 3
5 R 61
5 W 233 15
5 W 15 93
5 R 216
5 R 9
5 C 207
0 S 208
0 W 25 9
0 R 10
0 R 196
0 W 0 41
0 R 19
0 W 13 40
0 R 10
0 W 26 56
0 R 228
0 W 97 64
0 R 9
0 W 25 79
0 R 3
0 R 11
0 R 20
0 W 28 69
0 W 9 91
0 R 27
0 R 7
0 W 13 69
0 R 238
0 W 116 60
0 R 25
0 W 142 10
0 W 231 57
0 W 15 50
0 W 29 50
0 R 199
0 C 208
3 S 209
3 W 11 39
3 R 17
3 R 3
3 W 89 51
3 W 188 79
3 R 29
3 R 9
3 R 30
3 W 88 81
3 W 23 30
3 R 22
3 R 30
3 R 49
3 R 129
3 R 31
3 R 115
3 R 14
3 R 22
3 W 86 98
3 R 18
3 W 31 84
3 W 231 91
3 R 52
3 R 128
3 W 113 22
3 R 17
3 R 153
3 W 5 10
3 R 22
3 R 23
3 W 1 16
3 C 209
7 S 210
7 R 1
7 W 7 8
7 R 15
7 W 24 64
7 R 4
7 R 24
7 R 0
7 R 4
7 R 203
7 R 30
7 W 96 5
7 R 26
7 W 7 24
7 W 22 82
7 R 6
7 W 6 19
7 W 43 65
7 R 78
7 R 25
7 R 181
7 W 18 71
7 W 16 68
7 W 175 95
7 W 6 74
7 W 11 76
7 C 210
2 S 211
2 R 203
2 W 253 71
2 R 122
2 R 4
2 R 9
2 R 17
2 W 29 54
2 R 188
2 R 26
2 R 28
2 W 8 95
2 R 8
2 W 173 81
2 W 241 89
2 R 31
2 R 64
2 R 120
2 W 88 25
2 W 27 67
2 R 14
2 W 7 20
2 R 9
2 W 125 65
2 W 51 70
2 R 2
2 R 153
2 R 196
2 W 10 0
2 W 216 55
2 R 147
2 W 7 95
2 C 211
1 S 212
1 R 24
1 R 112
1 R 205
1 R 127
1 W 9 95
1 W 7 23
1 R 1
1 W 16 100
1 R 24
1 R 8
1 R 48
1 W 141 14
1 R 21
1 W 160 73
1 R 17
1 R 12
1 W 27 8
1 W 140 57
1 R 19
1 W 25 11
1 R 20
1 W 19 22
1 R 47
1 R 27
1 W 22 12
1 R 17
1 R 15
1 C 212
4 S 213
4 R 185
4 R 0
4 W 11 81
4 R 126
4 R 176
4 W 20 6
4 W 30 27
4 R 13
4 R 25
4 R 22
4 R 117
4 W 30 24
4 W 57 66
4 R 22
4 W 14 87
4 R 43
4 R 31
4 W 33 29
4 W 20 75
4 W 17 97
4 R 0
4 C 213
6 S 214
6 W 18 81
6 W 0 33
6 W 22 78
6 W 196 30
6 W 238 19
6 W 241 9
6 R 12
6 R 16
6 W 11 12
6 W 13 20
6 W 96 78
6 W 27 74
6 R 9
6 R 78
6 W 121 92
6 W 111 55
6 W 23 25
6 R 164
6 W 98 71
6 W 12 50
6 R 8
6 W 24 94
6 R 103
6 W 113 85
6 C 214
8 S 215
8 W 63 69
8 R 183
8 W 28 87
8 R 199
8 R 14
8 W 0 98
8 W 8 75
8 R 7
8 W 16 92
8 W 21 53
8 W 25 20
8 R 241
8 W 27 70
8 W 25 30
8 R 0
8 W 112 77
8 W 12 50
8 R 59
8 C 215
8 S 216
8 W 4 0
8 W 19 90
8 W 116 97
8 W 167 14
8 W 89 87
8 R 7
8 W 13 90
8 R 29
8 R 199
8 R 107
8 C 216
3 S 217
3 R 88
3 R 31
3 R 245
3 R 21
3 W 12 42
3 R 211
3 R 27
3 R 25
3 R 26
3 R 0
3 W 25 24
3 R 6
3 C 217
0 S 218
0 R 177
0 W 3 84
0 R 6
0 W 14 10
0 W 15 91
0 W 96 32
0 R 4
0 W 68 73
0 W 25 49
0 W 127 38
0 W 166 17
0 C 218
7 S 219
7 R 19
7 W 150 81
7 R 12
7 R 86
7 R 17
7 W 8 10
7 R 28
7 W 17 57
7 R 236
7 R 84
7 W 80 51
7 R 125
7 R 14
7 R 16
7 W 21 43
7 W 15 23
7 W 18 37
7 R 191
7 R 60
7 W 25 37
7 R 12
7 C 219
5 S 220
5 R 2
5 W 171 74
5 R 19
5 R 231
5 W 101 0
5 W 155 66
5 R 18
5 R 13
5 W 87 1
5 W 49 33
5 R 7
5 W 225 49
5 C 220
2 S 221
2 W 142 80
2 W 22 83
2 W 24 74
2 R 13
2 R 4
2 R 180
2 W 7 61
2 W 129 48
2 W 15 97
2 R 19
2 W 31 90
2 W 139 89
2 R 0
2 W 16 78
2 W 23 46
2 W 1 44
2 W 166 89
2 R 22
2 R 14
2 W 169 73
2 R 12
2 W 240 9
2 W 25 28
2 C 221
6 S 222
6 R 31
6 W 30 82
6 R 30
6 R 22
6 W 22 93
6 W 26 40
6 R 1
6 W 133 21
6 W 19 81
6 W 5 94
6 C 222
1 S 223
1 R 27
1 R 1
1 R 11
1 R 12
1 W 20 81
1 W 21 100
1 R 7
1 R 5
1 R 5
1 W 25 70
1 W 245 42
1 W 176 93
1 W 94 43
1 R 31
1 R 12
1 R 66
1 W 157 50
1 W 25 67
1 R 18
1 W 213 33
1 C 223
4 S 224
4 W 7 51
4 R 18
4 R 13
4 R 14
4 W 11 18
4 W 29 62
4 W 28 17
4 R 6
4 W 141 42
4 W 96 90
4 R 18
4 R 16
4 R 3
4 W 124 96
4 R 13
4 W 6 52
4 R 44
4 C 224
5 S 225
5 R 5
5 R 134
5 R 19
5 R 116
5 W 8 44
5 W 12 0
5 W 23 23
5 R 151
5 W 20 12
5 R 193
5 W 17 17
5 R 4
5 R 28
5 R 24
5 R 5
5 R 13
5 W 1 67
5 R 14
5 C 225
0 S 226
0 W 23 85
0 R 2
0 R 204
0 R 130
0 W 139 24
0 W 19 6
0 R 132
0 W 29 91
0 W 12 44
0 R 29
0 W 16 15
0 W 14 32
0 R 15
0 R 26
0 W 17 21
0 R 22
0 R 0
0 R 134
0 R 236
0 W 19 12
0 C 226
6 S 227
6 R 160
6 R 4
6 W 91 96
6 W 17 22
6 R 7
6 W 67 26
6 R 19
6 W 15 33
6 R 21
6 W 138 69
6 R 137
6 R 241
6 R 14
6 R 28
6 R 248
6 R 70
6 R 200
6 W 15 54
6 R 10
6 R 15
6 W 18 4
6 R 21
6 R 16
6 R 6
6 R 15
6 R 30
6 W 28 46
6 C 227
2 S 228
2 R 237
2 R 22
2 R 79
2 W 29 47
2 W 33 46
2 R 4
2 W 21 97
2 R 58
2 W 19 86
2 W 15 15
2 R 19
2 R 9
2 W 77 33
2 R 7
2 W 3 47
2 W 5 67
2 R 213
2 W 4 15
2 R 111
2 R 15
2 R 22
2 R 110
2 R 17
2 W 19 23
2 R 99
2 R 19
2 C 228
3 S 229
3 W 81 15
3 W 9 2
3 R 83
3 R 9
3 R 60
3 W 1 86
3 W 27 19
3 R 16
3 W 11 24
3 R 0
3 W 11 47
3 W 30 44
3 W 174 62
3 W 24 99
3 R 16
3 W 30 17
3 W 6 85
3 W 211 48
3 W 16 64
3 W 1 0
3 R 21
3 W 27 82
3 R 225
3 W 62 0
3 R 29
3 R 22
3 W 26 84
3 C 229
8 S 230
8 W 29 18
8 W 31 80
8 W 25 51
8 W 81 13
8 W 178 7
8 W 23 17
8 R 22
8 W 11 30
8 W 13 70
8 W 95 28
8 R 17
8 W 7 86
8 R 12
8 W 18 86
8 W 11 13
8 W 12 95
8 W 6 26
8 W 58 39
8 R 241
8 W 6 76
8 R 4
8 W 20 31
8 C 230
1 S 231
1 R 75
1 W 29 4
1 W 15 70
1 R 31
1 R 216
1 W 5 100
1 W 10 62
1 R 140
1 W 55 77
1 W 26 40
1 W 4 16
1 W 91 61
1 R 28
1 W 31 16
1 W 25 70
1 R 18
1 W 30 97
1 W 74 35
1 W 21 34
1 R 29
1 W 109 51
1 R 150
1 R 149
1 R 23
1 C 231
7 S 232
7 W 20 97
7 W 13 73
7 R 171
7 R 40
7 R 4
7 R 6
7 W 32 18
7 W 26 71
7 R 19
7 R 137
7 W 148 3
7 W 195 52
7 W 19 17
7 W 151 71
7 R 5
7 W 96 38
7 R 11
7 W 5 18
7 R 27
7 W 22 53
7 R 23
7 W 24 35
7 W 7 100
7 R 23
7 R 24
7 R 30
7 R 233
7 C 232
4 S 233
4 R 11
4 R 16
4 R 1
4 W 57 55
4 R 156
4 W 8 88
4 R 243
4 R 14
4 R 5
4 R 3
4 W 13 7
4 C 233
6 S 234
6 W 61 54
6 W 182 50
6 W 0 88
6 W 23 17
6 R 46
6 R 148
6 R 24
6 R 41
6 W 15 46
6 R 2
6 R 37
6 W 247 31
6 W 36 17
6 R 181
6 W 6 64
6 R 17
6 R 19
6 W 29 67
6 W 23 9
6 W 25 24
6 R 17
6 R 5
6 W 216 54
6 C 234
5 S 235
5 R 21
5 W 39 15
5 W 9 42
5 R 2
5 R 27
5 W 3 38
5 W 15 34
5 R 7
5 R 22
5 R 25
5 R 107
5 W 57 6
5 R 14
5 W 26 19
5 W 116 6
5 W 23 68
5 R 54
5 R 249
5 R 19
5 W 1 79
5 R 242
5 R 10
5 W 4 60
5 R 182
5 W 19 72
5 R 207
5 C 235
3 S 236
3 W 2 72
3 R 1
3 R 20
3 W 174 4
3 R 11
3 R 20
3 W 31 68
3 R 12
3 W 9 9
3 R 26
3 R 10
3 R 100
3 R 2
3 R 14
3 W 31 66
3 R 99
3 W 161 64
3 W 8 79
3 R 7
3 W 30 46
3 W 122 76
3 W 9 7
3 W 15 47
3 R 4
3 C 236
2 S 237
2 W 7 87
2 W 23 95
2 W 25 62
2 W 251 51
2 R 9
2 W 30 18
2 W 4 16
2 R 24
2 W 26 29
2 R 3
2 R 30
2 R 96
2 R 141
2 R 31
2 C 237
1 S 238
1 W 99 81
1 R 252
1 R 77
1 W 161 7
1 W 231 76
1 W 149 78
1 W 163 34
1 R 30
1 R 8
1 R 17
1 W 153 63
1 W 200 62
1 W 109 30
1 W 71 15
1 R 28
1 W 25 89
1 R 153
1 R 4
1 C 238
0 S 239
0 W 154 45
0 W 14 49
0 W 21 39
0 R 28
0 R 188
0 R 175
0 R 19
0 W 180 19
0 R 94
0 W 3 84
0 W 20 19
0 R 30
0 R 0
0 W 28 55
0 R 151
0 C 239
7 S 240
7 W 188 79
7 R 24
7 R 17
7 W 29 43
7 W 18 47
7 R 8
7 R 96
7 W 206 18
7 R 76
7 W 2 28
7 W 251 12
7 R 31
7 R 7
7 R 15
7 R 29
7 W 0 57
7 W 1 13
7 R 64
7 W 229 41
7 W 126 87
7 W 19 14
7 R 225
7 W 12 37
7 W 21 81
7 R 31
7 W 180 67
7 R 192
7 C 240
4 S 241
4 R 15
4 R 47
4 R 22
4 W 6 90
4 W 253 74
4 W 25 45
4 W 20 7
4 W 11 72
4 W 22 55
4 W 11 79
4 C 241
8 S 242
8 R 6
8 W 13 92
8 R 6
8 R 4
8 R 0
8 R 31
8 R 248
8 R 21
8 R 5
8 W 95 2
8 R 238
8 W 179 65
8 W 237 92
8 R 8
8 W 129 91
8 R 31
8 R 31
8 R 208
8 R 13
8 R 4
8 C 242
8 S 243
8 W 10 15
8 R 0
8 R 21
8 R 8
8 R 166
8 R 0
8 R 240
8 W 8 27
8 R 73
8 W 26 22
8 R 2
8 W 190 2
8 R 207
8 W 29 53
8 R 7
8 W 2 92
8 W 207 81
8 R 15
8 R 6
8 R 9
8 R 102
8 W 24 71
8 W 80 62
8 R 81
8 R 157
8 R 13
8 W 10 3
8 R 27
8 W 5 13
8 W 8 29
8 C 243
4 S 244
4 W 124 71
4 R 165
4 W 15 72
4 R 235
4 R 1
4 W 10 32
4 W 15 38
4 R 107
4 W 23 34
4 W 126 12
4 W 2 54
4 R 14
4 R 122
4 W 17 66
4 R 10
4 R 16
4 W 4 39
4 R 6
4 C 244
5 S 245
5 R 5
5 R 20
5 R 13
5 R 228
5 W 30 62
5 R 7
5 R 23
5 R 31
5 W 2 57
5 W 64 4
5 R 64
5 R 1
5 R 158
5 R 4
5 R 20
5 W 9 2
5 R 11
5 R 122
5 W 63 22
5 W 12 28
5 W 19 4
5 W 85 86
5 W 239 60
5 R 26
5 R 99
5 C 245
0 S 246
0 R 210
0 W 9 30
0 W 25 12
0 R 7
0 W 150 64
0 R 21
0 R 74
0 R 24
0 W 114 4
0 R 161
0 W 31 12
0 R 1
0 W 25 84
0 R 146
0 W 27 13
0 C 246
1 S 247
1 W 4 20
1 W 0 31
1 W 13 85
1 R 7
1 R 91
1 R 12
1 R 4
1 W 233 12
1 R 30
1 R 44
1 W 25 23
1 R 7
1 R 11
1 W 3 22
1 W 24 62
1 W 18 64
1 R 30
1 W 154 36
1 R 49
1 R 24
1 W 207 63
1 W 9 20
1 R 31
1 W 16 82
1 W 75 37
1 C 247
3 S 248
3 W 5 48
3 R 21
3 R 223
3 R 13
3 W 30 52
3 R 110
3 R 1
3 R 17
3 R 16
3 W 14 10
3 R 18
3 W 7 42
3 C 248
6 S 249
6 W 26 86
6 W 15 74
6 R 31
6 W 27 93
6 R 14
6 W 86 96
6 W 104 25
6 R 51
6 R 57
6 W 31 93
6 W 2 67
6 W 22 90
6 W 8 52
6 R 119
6 R 10
6 R 18
6 R 17
6 W 19 86
6 W 27 65
6 W 218 29
6 W 9 23
6 W 2 22
6 R 13
6 W 100 4
6 C 249
2 S 250
2 W 26 59
2 R 157
2 W 13 64
2 W 28 4
2 W 16 0
2 W 242 46
2 W 14 39
2 W 4 38
2 R 3
2 R 251
2 W 11 77
2 W 1 55
2 W 68 43
2 W 5 33
2 R 2
2 R 12
2 R 17
2 W 44 52
2 C 250
7 S 251
7 W 150 89
7 R 178
7 R 12
7 R 4
7 W 53 10
7 W 151 91
7 R 181
7 R 159
7 W 26 95
7 W 24 93
7 W 14 84
7 R 6
7 W 9 63
7 R 1
7 R 249
7 R 6
7 W 66 29
7 R 8
7 R 246
7 R 9
7 R 25
7 W 10 84
7 W 16 9
7 W 28 49
7 W 21 41
7 C 251
5 S 252
5 W 167 52
5 R 8
5 R 63
5 R 15
5 R 245
5 R 16
5 W 29 51
5 W 52 42
5 W 14 81
5 R 57
5 R 156
5 W 31 96
5 R 20
5 W 20 56
5 R 7
5 R 25
5 R 91
5 R 29
5 W 11 77
5 W 15 78
5 W 198 66
5 W 17 16
5 W 29 9
5 R 16
5 R 11
5 W 15 98
5 R 30
5 W 12 7
5 C 252
3 S 253
3 W 143 2
3 W 7 14
3 W 30 5
3 R 14
3 W 86 61
3 W 24 78
3 R 15
3 W 21 25
3 W 11 16
3 R 33
3 R 55
3 W 223 48
3 W 84 29
3 R 86
3 R 2
3 W 26 85
3 W 1 69
3 W 28 12
3 R 31
3 W 1 33
3 W 30 70
3 R 30
3 R 2
3 R 3
3 W 108 80
3 W 24 8
3 W 13 72
3 W 17 88
3 R 189
3 R 21
3 W 23 43
3 C 253
4 S 254
4 R 18
4 W 28 75
4 R 4
4 R 109
4 R 24
4 R 23
4 W 15 60
4 R 64
4 R 15
4 R 38
4 R 252
4 W 8 75
4 C 254
7 S 255
7 W 87 37
7 R 22
7 W 9 13
7 W 123 18
7 W 118 1
7 W 7 98
7 W 14 4
7 R 36
7 R 4
7 R 64
7 W 206 70
7 C 255
8 S 256
8 R 83
8 R 10
8 R 178
8 R 151
8 W 136 24
8 R 75
8 W 224 67
8 R 78
8 R 27
8 W 128 86
8 R 17
8 W 26 15
8 W 32 12
8 W 10 43
8 R 15
8 R 5
8 R 101
8 W 23 47
8 W 153 38
8 W 22 13
8 W 19 22
8 R 85
8 W 47 32
8 W 22 26
8 R 109
8 R 5
8 R 28
8 W 5 78
8 R 9
8 R 154
8 C 256
1 S 257
1 W 97 13
1 W 252 7
1 W 4 68
1 R 30
1 W 14 14
1 W 30 33
1 R 109
1 R 28
1 W 11 99
1 W 4 98
1 R 17
1 W 5 15
1 W 18 17
1 W 6 44
1 W 29 13
1 W 178 39
1 R 172
1 W 14 98
1 R 174
1 W 27 41
1 W 19 63
1 W 19 10
1 R 83
1 C 257
0 S 258
0 W 0 1
0 R 14
0 R 16
0 W 40 35
0 R 2
0 R 11
0 R 144
0 R 2
0 W 14 7
0 W 118 75
0 R 96
0 R 182
0 W 149 58
0 W 208 79
0 R 21
0 R 26
0 R 14
0 R 21
0 W 6 60
0 W 146 32
0 R 68
0 W 11 21
0 R 174
0 C 258
6 S 259
6 W 28 79
6 R 20
6 W 17 22
6 W 226 87
6 R 12
6 W 153 66
6 R 17
6 R 4
6 W 12 2
6 R 19
6 R 7
6 R 20
6 W 118 98
6 C 259
2 S 260
2 W 1 22
2 W 23 5
2 W 48 51
2 W 0 66
2 R 23
2 W 233 75
2 R 74
2 R 117
2 W 26 36
2 R 36
2 W 156 73
2 W 129 67
2 W 5 73
2 R 2
2 R 3
2 R 21
2 R 145
2 W 1 46
2 W 27 3
2 R 125
2 R 165
2 W 6 31
2 R 8
2 W 9 5
2 W 200 89
2 C 260
8 S 261
8 R 14
8 R 3
8 W 9 23
8 R 11
8 R 1
8 W 5 79
8 W 18 79
8 R 0
8 W 244 74
8 W 99 88
8 W 7 3
8 W 21 36
8 W 13 95
8 R 20
8 W 26 41
8 R 151
8 R 15
8 W 10 9
8 W 1 98
8 W 4 65
8 R 87
8 R 24
8 W 1 78
8 C 261
0 S 262
0 R 18
0 R 9
0 R 25
0 W 139 93
0 R 88
0 W 16 50
0 R 6
0 W 23 88
0 R 29
0 R 167
0 R 15
0 W 7 87
0 W 14 90
0 W 4 2
0 R 176
0 W 144 43
0 R 31
0 W 10 94
0 R 20
0 R 26
0 R 160
0 R 26
0 W 33 44
0 C 262
7 S 263
7 R 212
7 R 74
7 W 25 86
7 W 18 59
7 W 1 17
7 W 23 34
7 W 3 57
7 W 15 18
7 R 145
7 R 131
7 W 233 88
7 W 124 60
7 R 8
7 W 177 0
7 R 3
7 W 2 71
7 R 156
7 W 14 66
7 R 31
7 R 18
7 W 14 1
7 R 205
7 R 23
7 R 18
7 C 263
3 S 264
3 W 169 51
3 W 157 65
3 R 31
3 R 3
3 R 29
3 R 23
3 W 215 6
3 W 9 18
3 R 28
3 W 1 95
3 R 4
3 C 264
6 S 265
6 R 26
6 R 20
6 W 3 6
6 W 64 68
6 R 6
6 R 16
6 R 30
6 R 7
6 W 108 48
6 R 27
6 R 3
6 C 265
1 S 266
1 W 13 7
1 W 26 100
1 R 7
1 W 253 44
1 W 31 5
1 R 97
1 R 23
1 R 155
1 W 24 13
1 R 30
1 R 6
1 W 29 64
1 W 172 0
1 W 223 50
1 W 10 68
1 R 19
1 R 155
1 W 23 87
1 W 14 5
1 R 159
1 R 141
1 C 266
4 S 267
4 R 27
4 W 63 68
4 R 22
4 R 26
4 W 254 83
4 W 46 99
4 W 29 75
4 W 22 94
4 R 22
4 R 34
4 W 240 55
4 R 21
4 R 21
4 W 18 33
4 C 267
2 S 268
2 W 42 67
2 W 90 32
2 W 2 31
2 W 88 59
2 R 2
2 W 212 27
2 W 18 40
2 W 13 56
2 R 223
2 R 22
2 W 43 48
2 C 268
5 S 269
5 W 5 97
5 W 15 75
5 W 27 65
5 R 12
5 R 18
5 R 19
5 R 1
5 R 244
5 R 26
5 R 158
5 W 13 15
5 W 17 41
5 R 26
5 C 269
2 S 270
2 R 17
2 W 81 26
2 W 22 80
2 R 30
2 R 23
2 W 22 39
2 R 65
2 W 25 61
2 W 11 83
2 R 5
2 W 130 58
2 R 9
2 W 10 56
2 W 212 21
2 W 24 95
2 R 8
2 R 215
2 R 11
2 R 181
2 R 5
2 W 117 91
2 W 23 74
2 R 200
2 R 48
2 R 12
2 R 18
2 R 126
2 W 65 50
2 R 224
2 R 11
2 W 101 77
2 C 270
5 S 271
5 W 4 78
5 R 25
5 W 24 22
5 W 11 13
5 R 236
5 R 160
5 W 4 24
5 R 35
5 R 19
5 R 20
5 W 172 14
5 W 67 89
5 W 29 0
5 W 249 63
5 R 10
5 W 191 7
5 R 6
5 R 126
5 R 9
5 W 7 73
5 W 11 41
5 W 18 81
5 W 73 79
5 W 12 93
5 W 24 22
5 R 193
5 W 164 78
5 R 16
5 R 158
5 R 16
5 C 271
1 S 272
1 W 6 80
1 R 86
1 W 113 25
1 W 31 9
1 R 182
1 W 232 84
1 R 225
1 R 1
1 W 124 36
1 W 0 87
1 W 11 35
1 R 15
1 R 247
1 R 20
1 R 133
1 R 30
1 W 153 38
1 R 28
1 R 13
1 R 3
1 R 30
1 W 14 47
1 R 89
1 R 185
1 W 4 31
1 R 176
1 R 1
1 W 28 41
1 W 51 35
1 C 272
8 S 273
8 W 11 69
8 W 29 28
8 W 12 10
8 W 31 57
8 R 6
8 R 99
8 R 26
8 W 13 64
8 R 9
8 W 24 35
8 C 273
3 S 274
3 R 25
3 R 18
3 R 198
3 R 7
3 W 9 15
3 W 26 94
3 W 171 67
3 W 26 94
3 R 9
3 W 0 97
3 W 17 34
3 R 102
3 W 18 26
3 R 31
3 W 35 94
3 R 12
3 R 29
3 W 8 13
3 R 44
3 W 2 0
3 R 29
3 R 20
3 R 5
3 W 5 60
3 R 14
3 R 24
3 W 13 75
3 W 0 0
3 R 1
3 W 32 82
3 W 17 18
3 C 274
0 S 275
0 R 4
0 R 234
0 W 245 45
0 W 129 51
0 W 3 56
0 R 170
0 R 5
0 W 26 3
0 R 10
0 W 241 37
0 R 21
0 W 12 54
0 R 10
0 R 11
0 W 148 32
0 R 5
0 R 26
0 W 19 67
0 R 208
0 R 17
0 R 31
0 W 8 43
0 W 20 66
0 W 78 34
0 W 26 89
0 W 12 54
0 W 74 97
0 R 21
0 W 4 84
0 R 10
0 R 156
0 C 275
4 S 276
4 R 8
4 R 17
4 R 246
4 W 20 98
4 W 6 94
4 R 29
4 R 14
4 R 21
4 R 212
4 R 1
4 R 6
4 R 7
4 R 18
4 W 26 22
4 R 44
4 R 134
4 R 21
4 W 86 63
4 R 78
4 C 276
6 S 277
6 W 0 10
6 W 9 13
6 W 2 64
6 W 15 54
6 W 12 36
6 R 163
6 R 8
6 W 28 80
6 R 248
6 W 233 60
6 W 19 33
6 R 2
6 W 27 16
6 R 141
6 W 43 48
6 R 22
6 W 243 63
6 W 4 94
6 W 62 90
6 R 10
6 R 33
6 R 24
6 R 27
6 R 5
6 W 244 62
6 R 135
6 R 243
6 W 158 64
6 R 31
6 W 2 59
6 R 29
6 W 180 82
6 C 277
7 S 278
7 W 10 42
7 R 12
7 W 29 86
7 R 26
7 W 18 43
7 R 19
7 W 139 17
7 W 18 0
7 W 19 88
7 W 14 74
7 W 3 81
7 W 196 33
7 W 74 55
7 R 17
7 W 5 77
7 R 25
7 R 201
7 W 3 56
7 W 232 71
7 R 18
7 R 11
7 W 13 33
7 R 28
7 R 5
7 W 217 66
7 C 278
7 S 279
7 R 1
7 W 237 54
7 R 218
7 W 30 100
7 W 212 36
7 W 20 96
7 W 42 13
7 R 16
7 W 26 84
7 R 234
7 C 279
1 S 280
1 W 5 57
1 W 2 33
1 W 196 68
1 R 207
1 W 24 63
1 W 111 96
1 W 132 23
1 R 12
1 R 143
1 W 22 17
1 W 16 9
1 W 216 9
1 W 1 68
1 R 19
1 W 191 96
1 W 29 85
1 R 220
1 C 280
6 S 281
6 W 8 91
6 W 24 41
6 W 132 10
6 R 25
6 W 13 98
6 W 34 97
6 R 105
6 R 5
6 R 15
6 W 14 41
6 R 16
6 W 7 58
6 W 6 66
6 R 10
6 W 18 4
6 W 21 5
6 W 243 48
6 R 100
6 R 88
6 R 2
6 W 93 38
6 W 116 11
6 R 8
6 C 281
5 S 282
5 W 12 86
5 R 30
5 R 52
5 W 105 87
5 W 3 70
5 R 8
5 R 76
5 W 1 73
5 R 222
5 R 3
5 R 4
5 R 7
5 W 0 83
5 W 189 89
5 R 167
5 R 14
5 R 10
5 R 17
5 W 146 72
5 R 8
5 R 10
5 R 9
5 R 1
5 R 5
5 W 9 26
5 R 23
5 R 24
5 R 53
5 W 231 84
5 W 144 87
5 C 282
8 S 283
8 W 26 70
8 W 166 9
8 W 3 38
8 R 49
8 W 13 52
8 R 6
8 R 53
8 W 29 89
8 R 195
8 W 1 91
8 W 139 55
8 R 19
8 W 11 62
8 R 4
8 R 69
8 C 283
2 S 284
2 W 4 56
2 R 26
2 R 23
2 R 0
2 W 87 45
2 W 16 41
2 R 69
2 R 0
2 R 30
2 R 31
2 W 2 41
2 R 83
2 R 3
2 R 16
2 R 17
2 W 22 13
2 C 284
3 S 285
3 W 0 26
3 R 131
3 W 47 66
3 R 112
3 W 185 63
3 R 17
3 R 74
3 R 8
3 R 10
3 W 166 36
3 W 8 15
3 R 86
3 R 6
3 W 1 61
3 R 162
3 R 0
3 W 30 39
3 W 38 51
3 R 28
3 C 285
4 S 286
4 W 4 95
4 R 17
4 R 8
4 R 15
4 R 240
4 W 12 16
4 R 22
4 R 14
4 W 65 93
4 R 217
4 W 0 29
4 C 286
0 S 287
0 W 144 78
0 R 3
0 R 15
0 W 12 96
0 W 253 52
0 W 29 80
0 R 12
0 W 4 46
0 W 28 30
0 R 18
0 R 3
0 R 26
0 R 54
0 W 10 92
0 R 248
0 R 6
0 R 100
0 R 1
0 C 287
1 S 288
1 W 171 19
1 R 7
1 R 205
1 R 144
1 R 225
1 W 11 1
1 W 175 13
1 W 211 14
1 W 53 60
1 W 12 73
1 R 173
1 R 25
1 R 5
1 W 193 69
1 R 9
1 R 27
1 C 288
4 S 289
4 R 25
4 R 33
4 R 254
4 R 112
4 R 154
4 W 2 89
4 W 8 57
4 R 222
4 W 12 78
4 R 21
4 W 26 55
4 R 171
4 W 222 8
4 R 7
4 W 104 53
4 W 0 55
4 C 289
8 S 290
8 R 20
8 R 29
8 W 21 3
8 R 23
8 R 21
8 R 8
8 W 200 37
8 W 211 50
8 W 22 96
8 W 26 99
8 W 29 68
8 W 134 1
8 R 25
8 W 8 10
8 W 32 20
8 R 2
8 R 53
8 W 31 69
8 R 3
8 R 22
8 W 90 48
8 R 13
8 R 225
8 R 24
8 C 290
5 S 291
5 W 97 20
5 R 170
5 W 195 84
5 W 30 66
5 W 209 36
5 R 11
5 R 3
5 W 113 22
5 W 20 13
5 R 125
5 R 2
5 W 26 61
5 R 131
5 R 11
5 W 31 79
5 W 2 28
5 W 15 92
5 R 176
5 W 2 66
5 R 6
5 R 13
5 R 20
5 W 211 19
5 R 9
5 R 156
5 W 221 13
5 R 18
5 R 72
5 R 23
5 C 291
0 S 292
0 R 5
0 W 13 30
0 W 26 37
0 W 9 24
0 R 253
0 W 139 7
0 W 7 26
0 W 172 90
0 W 2 40
0 W 30 23
0 W 15 40
0 W 17 55
0 W 30 23
0 R 27
0 R 20
0 C 292
6 S 293
6 W 25 26
6 W 20 25
6 W 191 99
6 R 214
6 R 20
6 R 162
6 R 205
6 R 3
6 W 12 82
6 R 5
6 W 241 87
6 R 207
6 W 88 88
6 W 93 34
6 W 226 41
6 R 17
6 R 1
6 W 24 1
6 R 5
6 R 9
6 W 6 50
6 W 26 82
6 R 20
6 R 16
6 R 138
6 W 11 70
6 R 125
6 W 2 72
6 C 293
3 S 294
3 R 20
3 W 5 89
3 W 21 93
3 R 17
3 R 19
3 W 14 13
3 W 42 74
3 W 6 14
3 R 35
3 W 41 19
3 R 55
3 W 18 42
3 R 97
3 R 28
3 R 6
3 W 17 80
3 R 145
3 W 10 81
3 R 1
3 R 19
3 R 9
3 R 15
3 R 50
3 C 294
7 S 295
7 W 184 4
7 R 21
7 R 26
7 W 143 43
7 W 140 12
7 W 144 69
7 R 220
7 W 18 17
7 W 27 1
7 W 13 67
7 W 63 4
7 R 29
7 R 14
7 R 23
7 R 28
7 R 122
7 W 24 51
7 W 30 37
7 R 3
7 W 254 6
7 R 106
7 W 22 60
7 R 15
7 R 130
7 C 295
2 S 296
2 W 175 82
2 R 7
2 W 4 39
2 W 21 55
2 R 175
2 R 2
2 R 238
2 W 28 45
2 R 16
2 W 7 51
2 W 169 5
2 R 155
2 W 9 94
2 R 175
2 R 5
2 W 66 6
2 R 27
2 C 296
6 S 297
6 W 202 59
6 R 32
6 W 0 49
6 R 7
6 R 86
6 W 5 97
6 R 9
6 R 31
6 W 15 20
6 R 19
6 R 23
6 W 28 58
6 R 10
6 W 10 43
6 W 23 73
6 R 6
6 R 2
6 R 30
6 R 23
6 R 17
6 R 139
6 W 25 7
6 R 155
6 W 190 42
6 R 182
6 W 143 71
6 C 297
1 S 298
1 R 130
1 W 11 18
1 R 19
1 W 27 24
1 W 220 8
1 W 70 20
1 R 54
1 W 5 28
1 R 13
1 R 23
1 R 16
1 R 27
1 W 89 51
1 R 214
1 R 18
1 W 28 75
1 W 141 9
1 R 0
1 W 5 62
1 R 87
1 R 9
1 W 14 46
1 W 38 77
1 R 253
1 W 5 25
1 R 9
1 C 298
2 S 299
2 R 237
2 R 238
2 R 31
2 W 0 29
2 W 8 74
2 R 1
2 R 10
2 R 27
2 W 73 4
2 W 239 54
2 R 11
2 R 11
2 R 144
2 R 3
2 W 18 71
2 W 201 60
2 R 3
2 R 119
2 W 14 72
2 C 299
3 S 300
3 W 134 4
3 W 5 23
3 W 12 91
3 W 7 4
3 R 12
3 W 31 24
3 R 231
3 W 7 26
3 W 167 39
3 W 1 94
3 W 17 94
3 R 19
3 R 11
3 W 24 36
3 R 51
3 R 192
3 R 25
3 R 235
3 R 1
3 W 21 82
3 W 215 37
3 C 300
4 S 301
4 R 213
4 R 18
4 R 178
4 W 26 99
4 W 133 32
4 W 1 8
4 W 3 44
4 R 75
4 W 81 25
4 W 28 24
4 R 14
4 C 301
0 S 302
0 R 191
0 W 8 98
0 W 21 17
0 W 242 2
0 R 32
0 W 161 57
0 R 26
0 R 1
0 W 57 28
0 R 38
0 R 192
0 C 302
5 S 303
5 R 35
5 R 99
5 R 23
5 W 28 64
5 W 179 67
5 W 22 26
5 R 4
5 W 112 2
5 R 112
5 W 26 95
5 R 2
5 R 27
5 W 5 67
5 R 243
5 R 31
5 W 37 43
5 R 16
5 R 29
5 W 10 78
5 C 303
7 S 304
7 R 7
7 R 54
7 R 36
7 W 16 46
7 R 204
7 R 186
7 R 16
7 R 7
7 R 15
7 W 0 26
7 R 254
7 W 22 53
7 R 199
7 W 1 62
7 R 24
7 W 187 100
7 W 28 59
7 W 17 76
7 W 2 56
7 W 207 53
7 R 235
7 R 31
7 W 6 100
7 W 53 70
7 R 178
7 W 94 72
7 C 304
8 S 305
8 R 20
8 W 13 27
8 W 31 54
8 R 222
8 R 0
8 W 25 81
8 W 11 3
8 R 62
8 R 8
8 W 27 15
8 W 13 100
8 R 12
8 W 23 11
8 R 188
8 R 2
8 W 237 66
8 W 26 32
8 R 22
8 W 6 61
8 R 26
8 W 2 18
8 W 104 82
8 W 131 26
8 R 2
8 R 23
8 R 145
8 C 305
2 S 306
2 R 9
2 W 124 73
2 W 2 38
2 R 3
2 W 18 78
2 W 255 23
2 R 2
2 R 192
2 R 6
2 R 0
2 R 19
2 W 28 17
2 W 152 88
2 W 5 28
2 W 13 17
2 R 73
2 R 161
2 W 56 30
2 R 7
2 C 306
1 S 307
1 W 235 37
1 R 26
1 R 16
1 W 23 68
1 W 18 44
1 W 26 33
1 W 85 72
1 W 53 24
1 R 31
1 W 2 23
1 R 151
1 R 24
1 W 132 100
1 R 94
1 W 9 54
1 W 185 20
1 W 13 10
1 W 24 79
1 W 15 50
1 R 27
1 R 31
1 R 78
1 W 255 6
1 C 307
3 S 308
3 W 89 18
3 W 134 41
3 W 30 92
3 W 5 98
3 W 28 75
3 W 23 40
3 W 9 52
3 R 8
3 R 28
3 R 116
3 W 229 56
3 R 5
3 W 23 0
3 R 232
3 C 308
5 S 309
5 R 12
5 W 95 95
5 W 26 100
5 W 14 70
5 R 115
5 W 146 33
5 W 58 39
5 W 1 76
5 R 13
5 R 26
5 W 24 13
5 W 21 99
5 R 229
5 W 16 64
5 W 9 72
5 R 30
5 R 12
5 W 202 57
5 W 11 71
5 W 168 64
5 W 19 96
5 W 15 32
5 R 31
5 W 115 61
5 W 9 20
5 W 129 72
5 W 25 42
5 R 100
5 W 131 83
5 W 12 64
5 W 134 93
5 C 309
8 S 310
8 W 0 71
8 W 13 86
8 W 187 36
8 R 2
8 W 19 19
8 R 13
8 W 16 32
8 W 112 59
8 R 12
8 R 125
8 R 25
8 W 4 5
8 W 5 46
8 W 11 15
8 W 13 11
8 W 28 6
8 R 29
8 W 28 34
8 R 31
8 R 185
8 R 9
8 W 5 36
8 C 310
6 S 311
6 R 16
6 W 9 57
6 R 121
6 R 116
6 W 28 19
6 W 7 29
6 W 10 57
6 W 16 90
6 W 10 91
6 R 147
6 W 17 95
6 R 0
6 W 5 89
6 W 198 62
6 W 11 75
6 W 3 32
6 W 26 43
6 W 160 76
6 W 27 58
6 W 31 37
6 R 16
6 W 27 7
6 W 168 96
6 W 14 58
6 W 8 91
6 R 108
6 R 5
6 C 311
4 S 312
4 W 6 90
4 R 113
4 R 12
4 W 11 29
4 R 29
4 W 3 50
4 R 16
4 W 174 15
4 R 14
4 R 14
4 W 5 10
4 R 23
4 C 312
0 S 313
0 W 42 14
0 R 20
0 R 23
0 R 15
0 W 19 55
0 R 147
0 W 2 68
0 W 61 2
0 W 21 35
0 W 22 53
0 R 28
0 R 17
0 R 31
0 R 0
0 R 8
0 R 30
0 W 7 42
0 W 3 98
0 R 130
0 C 313
7 S 314
7 R 150
7 W 4 75
7 R 235
7 R 151
7 W 227 90
7 W 117 69
7 R 20
7 W 5 11
7 R 13
7 W 21 28
7 W 241 82
7 W 179 72
7 R 11
7 W 3 57
7 R 6
7 W 23 100
7 W 6 56
7 R 239
7 R 187
7 R 20
7 W 20 13
7 W 20 73
7 R 170
7 W 11 98
7 R 0
7 W 8 4
7 C 314
5 S 315
5 R 134
5 R 55
5 R 152
5 W 68 87
5 R 204
5 R 6
5 W 220 54
5 W 221 57
5 W 222 77
5 R 155
5 R 66
5 W 179 29
5 R 6
5 W 116 26
5 W 163 29
5 W 90 16
5 R 6
5 R 101
5 R 21
5 W 169 20
5 W 26 83
5 C 315
4 S 316
4 W 29 92
4 W 5 86
4 R 23
4 W 139 47
4 W 249 40
4 W 19 99
4 R 7
4 R 28
4 R 245
4 W 107 23
4 W 131 16
4 W 49 73
4 W 48 93
4 R 70
4 W 231 69
4 W 197 28
4 W 31 74
4 R 0
4 W 6 48
4 W 16 97
4 W 20 34
4 W 4 91
4 W 3 90
4 W 14 79
4 R 236
4 R 21
4 W 238 20
4 W 31 2
4 W 40 97
4 W 20 22
4 R 245
4 W 157 26
4 C 316
0 S 317
0 R 18
0 W 142 34
0 R 45
0 W 24 62
0 W 74 42
0 W 3 38
0 W 27 78
0 W 11 100
0 W 9 62
0 R 112
0 W 205 96
0 W 3 38
0 R 159
0 R 9
0 R 10
0 W 22 19
0 R 6
0 W 186 8
0 R 30
0 W 4 80
0 W 21 4
0 C 317
7 S 318
7 W 228 38
7 R 19
7 R 7
7 W 7 3
7 R 19
7 W 0 38
7 W 0 41
7 R 11
7 R 111
7 R 22
7 W 96 30
7 R 38
7 W 192 65
7 R 18
7 W 251 72
7 R 196
7 W 15 49
7 R 190
7 W 129 62
7 R 192
7 R 25
7 W 21 10
7 W 31 62
7 W 27 92
7 R 138
7 W 9 24
7 W 184 70
7 R 1
7 W 20 96
7 R 192
7 R 84
7 W 26 39
7 C 318
3 S 319
3 R 142
3 R 24
3 W 19 43
3 R 184
3 W 124 50
3 R 4
3 R 21
3 R 221
3 R 137
3 W 21 26
3 R 2
3 R 4
3 R 11
3 R 200
3 W 17 61
3 R 8
3 R 16
3 W 80 11
3 W 0 53
3 R 142
3 R 14
3 W 12 42
3 R 213
3 R 23
3 W 251 68
3 W 26 5
3 R 26
3 R 11
3 C 319
6 S 320
6 R 9
6 W 13 93
6 W 23 50
6 R 15
6 W 112 18
6 R 15
6 R 29
6 R 24
6 W 17 74
6 W 12 94
6 R 116
6 R 22
6 R 175
6 W 112 32
6 R 14
6 W 17 86
6 W 25 52
6 W 0 80
6 R 215
6 W 11 34
6 W 22 93
6 W 145 72
6 R 2
6 R 237
6 R 231
6 W 4 63
6 W 206 29
6 W 21 66
6 W 28 51
6 R 5
6 W 182 91
6 C 320
8 S 321
8 W 11 12
8 W 31 96
8 W 24 85
8 W 245 23
8 W 26 69
8 W 17 64
8 W 216 9
8 R 15
8 R 12
8 R 249
8 R 13
8 R 10
8 R 138
8 R 30
8 W 87 55
8 R 231
8 W 2 16
8 W 209 86
8 R 20
8 R 1
8 W 23 27
8 C 321
1 S 322
1 W 107 58
1 R 13
1 R 20
1 R 31
1 W 6 0
1 W 30 58
1 R 60
1 R 13
1 R 23
1 W 31 84
1 R 23
1 W 21 90
1 R 28
1 W 21 43
1 R 60
1 R 25
1 C 322
2 S 323
2 R 118
2 R 7
2 W 7 34
2 R 9
2 R 189
2 W 31 83
2 R 124
2 W 11 84
2 R 78
2 W 253 5
2 C 323
2 S 324
2 R 1
2 R 5
2 R 29
2 W 22 96
2 R 24
2 R 31
2 W 2 76
2 W 12 53
2 W 7 60
2 W 26 8
2 W 25 89
2 R 31
2 W 19 36
2 W 197 5
2 R 17
2 R 131
2 R 84
2 R 164
2 W 159 91
2 W 27 23
2 R 17
2 W 138 78
2 W 18 83
2 R 12
2 R 180
2 R 176
2 W 14 37
2 W 57 59
2 C 324
7 S 325
7 W 67 67
7 W 63 23
7 W 12 1
7 W 29 37
7 W 30 86
7 W 4 20
7 R 24
7 W 24 42
7 W 79 56
7 W 249 29
7 R 28
7 W 29 78
7 W 62 22
7 R 31
7 W 3 7
7 R 2
7 R 4
7 R 14
7 R 87
7 C 325
3 S 326
3 R 22
3 R 18
3 W 76 2
3 W 10 71
3 W 5 100
3 W 228 12
3 R 99
3 W 144 29
3 W 4 90
3 R 118
3 W 22 90
3 R 5
3 R 8
3 C 326
5 S 327
5 W 21 0
5 R 3
5 W 251 26
5 R 191
5 R 20
5 R 27
5 W 179 49
5 W 127 70
5 W 20 61
5 R 58
5 R 5
5 W 30 81
5 R 20
5 W 236 19
5 R 17
5 W 31 39
5 R 15
5 W 94 82
5 W 26 63
5 W 21 62
5 R 25
5 W 194 44
5 W 24 100
5 W 4 64
5 C 327
1 S 328
1 W 3 65
1 W 4 83
1 W 208 43
1 W 76 60
1 W 203 17
1 W 166 19
1 W 29 75
1 W 163 82
1 R 8
1 W 28 7
1 R 19
1 R 4
1 W 23 37
1 R 149
1 W 110 20
1 W 26 51
1 R 29
1 R 12
1 R 14
1 W 23 42
1 R 11
1 W 124 98
1 W 92 39
1 W 28 72
1 W 0 84
1 R 23
1 R 21
1 R 25
1 C 328
6 S 329
6 R 39
6 R 206
6 W 8 8
6 R 16
6 W 43 33
6 W 4 97
6 W 23 38
6 W 71 29
6 R 22
6 W 31 62
6 R 27
6 W 23 68
6 R 29
6 W 213 17
6 R 27
6 R 123
6 R 118
6 W 111 98
6 R 1
6 W 81 37
6 W 7 56
6 R 22
6 W 106 71
6 W 11 15
6 W 4 41
6 R 18
6 W 88 18
6 R 218
6 R 18
6 W 17 30
6 C 329
4 S 330
4 R 22
4 W 4 53
4 R 20
4 W 245 0
4 R 216
4 W 7 6
4 R 106
4 W 170 18
4 R 7
4 W 14 38
4 R 205
4 C 330
8 S 331
8 W 17 3
8 W 21 72
8 R 13
8 W 44 63
8 R 24
8 W 4 82
8 W 8 98
8 R 185
8 W 39 98
8 R 14
8 R 28
8 R 3
8 R 3
8 W 18 30
8 C 331
0 S 332
0 W 148 17
0 R 19
0 W 66 74
0 W 170 91
0 R 2
0 W 143 15
0 R 2
0 W 13 64
0 R 3
0 R 125
0 R 28
0 R 5
0 W 17 43
0 W 162 27
0 R 27
0 W 42 71
0 W 9 12
0 R 27
0 W 20 61
0 W 23 58
0 R 8
0 R 176
0 R 147
0 R 4
0 W 22 84
0 W 206 87
0 R 196
0 R 26
0 W 24 33
0 R 10
0 R 1
0 R 19
0 C 332
5 S 333
5 W 100 0
5 R 10
5 W 234 7
5 W 1 21
5 R 7
5 R 7
5 R 134
5 W 18 6
5 R 6
5 R 6
5 W 20 29
5 W 18 99
5 R 23
5 R 5
5 R 77
5 W 20 97
5 R 115
5 R 61
5 W 14 16
5 W 118 92
5 R 7
5 W 4 39
5 W 17 91
5 W 254 42
5 R 202
5 W 25 25
5 W 24 24
5 W 24 96
5 W 25 6
5 R 15
5 W 218 35
5 C 333
6 S 334
6 W 21 64
6 W 73 95
6 W 25 4
6 W 31 29
6 W 19 81
6 R 10
6 R 22
6 R 10
6 W 26 44
6 W 27 40
6 C 334
4 S 335
4 R 64
4 W 19 3
4 R 15
4 R 117
4 R 8
4 R 185
4 R 251
4 R 13
4 W 24 46
4 R 130
4 R 82
4 W 76 20
4 R 8
4 W 54 15
4 R 9
4 W 126 74
4 W 132 29
4 W 117 67
4 W 27 82
4 R 63
4 R 3
4 R 21
4 W 204 82
4 W 6 32
4 W 20 95
4 C 335
3 S 336
3 W 218 0
3 W 3 44
3 W 198 36
3 W 4 17
3 W 168 12
3 W 18 18
3 R 130
3 W 30 63
3 R 25
3 R 12
3 R 21
3 R 20
3 R 37
3 W 72 67
3 R 20
3 W 12 45
3 R 6
3 W 146 46
3 R 180
3 R 21
3 R 24
3 R 14
3 W 19 60
3 R 252
3 W 79 11
3 W 195 31
3 W 9 2
3 C 336
7 S 337
7 W 0 59
7 W 24 30
7 R 14
7 R 29
7 W 7 41
7 R 7
7 W 125 67
7 W 80 67
7 R 24
7 W 12 65
7 R 27
7 W 20 89
7 W 22 40
7 R 193
7 R 10
7 W 132 93
7 R 66
7 W 26 76
7 R 89
7 R 23
7 R 5
7 W 21 73
7 W 8 23
7 W 240 22
7 R 27
7 R 6
7 W 18 62
7 W 17 19
7 R 26
7 R 135
7 R 22
7 W 26 1
7 C 337
8 S 338
8 R 28
8 R 3
8 W 14 75
8 W 28 74
8 R 0
8 R 88
8 R 19
8 W 6 33
8 W 28 11
8 W 34 82
8 W 17 56
8 R 1
8 R 95
8 W 17 95
8 R 7
8 R 222
8 W 14 2
8 R 14
8 W 30 57
8 R 9
8 R 10
8 R 5
8 W 27 50
8 C 338
0 S 339
0 W 12 3
0 R 165
0 R 234
0 W 15 9
0 W 6 70
0 W 4 80
0 R 139
0 R 131
0 R 155
0 W 185 72
0 R 1
0 W 28 89
0 W 102 92
0 W 27 26
0 W 205 2
0 R 227
0 R 27
0 W 0 81
0 W 181 45
0 C 339
2 S 340
2 W 23 77
2 W 24 48
2 R 27
2 W 9 16
2 R 21
2 W 253 88
2 R 228
2 R 50
2 W 12 18
2 R 74
2 W 9 42
2 R 175
2 W 25 89
2 R 21
2 R 20
2 R 225
2 W 8 30
2 R 117
2 R 4
2 W 140 22
2 W 161 14
2 R 123
2 R 181
2 R 3
2 R 32
2 W 152 77
2 W 6 39
2 W 25 32
2 W 29 38
2 W 9 49
2 C 340
1 S 341
1 W 43 48
1 W 16 97
1 R 8
1 W 83 42
1 R 22
1 W 2 37
1 W 10 52
1 R 150
1 W 232 4
1 W 4 27
1 W 18 75
1 R 134
1 R 240
1 W 3 14
1 W 27 20
1 R 24
1 W 16 1
1 R 1
1 W 11 98
1 W 27 25
1 R 29
1 W 20 83
1 R 17
1 R 145
1 R 9
1 R 14
1 W 23 19
1 C 341
3 S 342
3 W 15 88
3 R 14
3 R 159
3 R 20
3 W 22 31
3 W 136 94
3 R 4
3 R 16
3 W 14 57
3 W 80 79
3 R 0
3 R 30
3 W 6 48
3 W 22 78
3 C 342
0 S 343
0 W 15 48
0 W 191 35
0 W 22 70
0 R 10
0 R 230
0 W 191 61
0 R 26
0 W 20 37
0 R 54
0 W 15 65
0 R 22
0 R 96
0 R 6
0 W 16 100
0 R 26
0 R 16
0 W 31 85
0 W 6 91
0 R 245
0 W 165 37
0 R 0
0 W 62 12
0 R 18
0 W 22 46
0 R 252
0 R 14
0 R 25
0 C 343
1 S 344
1 W 2 72
1 W 29 42
1 R 181
1 W 31 2
1 W 26 61
1 R 23
1 R 9
1 R 14
1 R 51
1 R 28
1 R 108
1 W 29 19
1 W 81 38
1 R 162
1 R 14
1 W 122 18
1 W 7 34
1 W 138 70
1 W 21 75
1 R 22
1 R 30
1 R 21
1 C 344
2 S 345
2 R 12
2 R 138
2 W 249 27
2 W 70 38
2 W 18 97
2 R 227
2 R 16
2 W 13 7
2 W 20 100
2 R 1
2 W 4 33
2 R 0
2 W 0 78
2 W 167 33
2 C 345
4 S 346
4 R 7
4 R 2
4 W 14 34
4 W 93 100
4 R 0
4 R 18
4 W 6 8
4 R 2
4 R 31
4 R 21
4 W 40 10
4 W 20 42
4 W 24 45
4 C 346
7 S 347
7 R 15
7 W 133 66
7 R 14
7 R 20
7 W 2 7
7 R 27
7 R 18
7 R 1
7 R 15
7 R 22
7 W 21 91
7 R 89
7 R 25
7 R 147
7 R 126
7 R 12
7 W 58 98
7 W 0 25
7 W 23 3
7 W 0 33
7 R 7
7 R 163
7 R 45
7 W 9 42
7 R 18
7 W 121 94
7 R 117
7 R 26
7 W 1 1
7 W 132 66
7 C 347
8 S 348
8 W 111 15
8 W 16 85
8 R 200
8 W 141 94
8 W 4 31
8 R 7
8 W 0 6
8 R 43
8 W 72 84
8 W 11 4
8 W 76 92
8 R 17
8 R 17
8 W 26 62
8 R 120
8 R 228
8 W 24 14
8 R 109
8 W 14 9
8 W 231 99
8 W 194 36
8 W 203 80
8 W 7 44
8 W 10 96
8 W 61 23
8 R 20
8 R 22
8 R 30
8 R 16
8 R 9
8 W 227 98
8 C 348
5 S 349
5 W 1 98
5 W 28 88
5 W 26 96
5 R 18
5 R 102
5 R 153
5 W 153 78
5 R 14
5 W 10 33
5 W 181 80
5 R 30
5 R 24
5 W 10 15
5 R 14
5 W 16 74
5 W 13 54
5 R 17
5 W 103 76
5 R 14
5 R 17
5 W 172 29
5 W 7 34
5 R 55
5 R 5
5 R 65
5 R 5
5 R 2
5 W 9 45
5 W 23 91
5 R 12
5 W 9 14
5 C 349
6 S 350
6 W 17 3
6 W 22 62
6 R 13
6 W 22 27
6 W 27 70
6 W 115 61
6 R 15
6 R 66
6 R 15
6 R 10
6 W 55 75
6 R 2
6 R 240
6 W 12 10
6 R 15
6 R 6
6 R 54
6 R 26
6 W 34 14
6 W 0 71
6 C 350
7 S 351
7 R 19
7 R 137
7 W 55 24
7 R 3
7 R 93
7 W 62 52
7 W 45 34
7 R 15
7 W 13 76
7 W 23 67
7 W 103 31
7 W 191 96
7 R 4
7 W 0 61
7 W 241 34
7 R 31
7 W 209 48
7 W 43 0
7 W 145 84
7 W 0 71
7 R 7
7 W 7 39
7 R 3
7 R 4
7 W 30 96
7 R 212
7 C 351
0 S 352
0 W 13 45
0 R 5
0 W 5 28
0 R 0
0 W 20 65
0 W 16 12
0 W 4 93
0 W 10 71
0 W 205 22
0 R 69
0 W 14 86
0 R 6
0 W 31 49
0 W 13 43
0 W 247 44
0 R 4
0 R 191
0 R 199
0 W 47 22
0 W 3 82
0 W 83 59
0 R 150
0 R 19
0 R 23
0 W 17 24
0 C 352
1 S 353
1 W 9 20
1 R 229
1 W 11 13
1 R 28
1 W 18 74
1 W 68 27
1 W 118 94
1 R 15
1 W 140 52
1 W 5 13
1 R 219
1 W 2 97
1 W 12 36
1 R 13
1 R 0
1 W 7 20
1 C 353
5 S 354
5 W 8 34
5 W 53 29
5 W 11 28
5 W 40 47
5 W 232 93
5 R 16
5 W 134 1
5 R 113
5 R 8
5 R 14
5 W 26 50
5 R 152
5 W 4 92
5 R 18
5 R 26
5 W 9 30
5 C 354
6 S 355
6 R 4
6 W 30 100
6 W 14 31
6 R 51
6 R 2
6 R 5
6 R 1
6 R 17
6 R 87
6 R 158
6 R 22
6 R 13
6 W 5 83
6 W 28 96
6 R 5
6 W 5 21
6 R 167
6 R 1
6 W 134 20
6 W 23 26
6 R 4
6 R 2
6 R 51
6 C 355
3 S 356
3 W 29 70
3 W 41 31
3 R 64
3 W 156 99
3 W 8 71
3 R 83
3 W 195 36
3 R 26
3 R 13
3 R 2
3 R 155
3 W 19 20
3 W 21 96
3 W 29 15
3 W 12 23
3 W 39 58
3 W 20 94
3 W 39 86
3 R 155
3 R 16
3 R 21
3 W 18 16
3 R 2
3 W 20 69
3 W 29 34
3 W 16 9
3 W 29 3
3 R 145
3 R 16
3 W 29 13
3 W 183 24
3 C 356
2 S 357
2 W 231 1
2 W 27 10
2 R 10
2 W 13 25
2 R 40
2 R 12
2 W 31 93
2 W 3 20
2 R 13
2 W 122 42
2 W 22 56
2 R 30
2 R 157
2 C 357
4 S 358
4 W 188 64
4 R 3
4 R 3
4 R 15
4 W 24 91
4 W 21 75
4 R 2
4 W 12 31
4 R 14
4 W 13 7
4 R 1
4 W 168 61
4 R 8
4 W 14 94
4 R 4
4 W 5 4
4 R 118
4 C 358
8 S 359
8 W 28 99
8 R 2
8 R 198
8 W 2 35
8 R 29
8 R 49
8 W 24 5
8 W 21 30
8 W 31 91
8 W 214 100
8 R 14
8 W 15 44
8 R 141
8 R 149
8 R 21
8 R 28
8 W 115 34
8 R 30
8 W 114 11
8 W 23 48
8 W 7 99
8 R 5
8 W 30 29
8 R 11
8 W 24 0
8 W 17 96
8 W 19 23
8 W 3 61
8 W 12 100
8 R 18
8 C 359
3 S 360
3 R 65
3 W 12 0
3 R 5
3 W 31 58
3 W 6 10
3 W 100 90
3 W 19 74
3 R 31
3 W 22 71
3 R 18
3 C 360
5 S 361
5 R 166
5 W 29 21
5 R 62
5 W 23 84
5 R 16
5 W 28 44
5 R 5
5 W 21 73
5 R 56
5 R 7
5 R 3
5 R 5
5 R 29
5 W 18 13
5 R 129
5 R 95
5 W 122 83
5 W 15 6
5 R 13
5 W 0 1
5 W 30 75
5 W 71 52
5 R 2
5 W 55 57
5 W 19 91
5 R 7
5 C 361
6 S 362
6 W 8 47
6 W 23 61
6 W 142 33
6 R 234
6 W 10 55
6 R 154
6 R 1
6 R 78
6 W 12 80
6 R 5
6 W 242 44
6 W 50 12
6 R 10
6 W 8 98
6 W 26 51
6 W 4 65
6 W 3 54
6 W 30 73
6 R 16
6 W 50 1
6 W 250 70
6 R 0
6 C 362
8 S 363
8 R 19
8 R 25
8 R 220
8 R 242
8 W 22 6
8 R 28
8 W 22 6
8 R 129
8 R 192
8 R 21
8 W 18 85
8 R 9
8 C 363
0 S 364
0 R 1
0 W 62 42
0 R 110
0 R 13
0 W 2 2
0 W 37 19
0 W 11 14
0 W 14 15
0 W 10 25
0 R 1
0 W 10 25
0 W 45 70
0 R 0
0 W 14 39
0 W 21 62
0 R 18
0 R 48
0 R 3
0 R 29
0 R 21
0 R 1
0 R 38
0 W 0 52
0 C 364
2 S 365
2 W 18 30
2 W 2 60
2 W 15 4
2 W 94 39
2 R 20
2 R 198
2 R 13
2 R 173
2 R 4
2 R 12
2 W 98 9
2 W 4 58
2 W 15 27
2 W 26 52
2 R 88
2 R 227
2 R 116
2 W 12 94
2 W 90 64
2 W 26 26
2 W 8 91
2 R 23
2 W 217 77
2 W 7 25
2 W 11 28
2 W 17 88
2 W 26 67
2 R 133
2 R 1
2 W 15 67
2 C 365
1 S 366
1 R 31
1 R 4
1 W 30 72
1 R 174
1 W 0 59
1 R 151
1 R 197
1 R 31
1 W 23 95
1 W 99 96
1 R 246
1 R 20
1 W 11 69
1 R 2
1 W 11 96
1 C 366
7 S 367
7 R 63
7 R 12
7 R 1
7 W 216 50
7 W 231 35
7 W 111 36
7 R 22
7 R 9
7 W 173 72
7 W 219 2
7 R 24
7 R 79
7 R 15
7 R 90
7 C 367
4 S 368
4 W 6 89
4 W 60 51
4 R 249
4 R 22
4 R 150
4 R 25
4 R 21
4 W 30 75
4 R 133
4 W 3 75
4 W 14 60
4 R 239
4 R 24
4 C 368
1 S 369
1 W 26 4
1 W 1 54
1 W 22 38
1 W 47 75
1 R 18
1 R 22
1 W 23 81
1 W 28 49
1 R 25
1 W 58 73
1 W 153 43
1 R 17
1 R 0
1 W 38 25
1 C 369
5 S 370
5 W 16 28
5 R 13
5 R 115
5 R 68
5 R 21
5 R 1
5 R 7
5 W 20 67
5 R 15
5 R 9
5 W 171 33
5 R 57
5 W 217 60
5 R 18
5 R 175
5 R 232
5 W 206 80
5 W 15 13
5 W 7 39
5 W 22 80
5 R 200
5 R 140
5 C 370
3 S 371
3 W 80 20
3 W 216 98
3 W 46 18
3 W 10 7
3 W 8 8
3 W 24 64
3 R 139
3 R 24
3 W 245 73
3 R 163
3 R 4
3 W 31 65
3 R 30
3 W 227 67
3 R 6
3 W 18 63
3 R 7
3 W 31 41
3 C 371
0 S 372
0 W 52 22
0 W 181 97
0 R 7
0 R 31
0 W 197 99
0 W 6 14
0 W 139 59
0 W 2 9
0 W 18 37
0 R 175
0 R 13
0 W 253 36
0 C 372
2 S 373
2 W 18 6
2 R 5
2 R 243
2 R 15
2 W 219 4
2 R 26
2 W 185 83
2 W 18 71
2 W 11 89
2 W 18 1
2 W 21 32
2 W 8 22
2 W 19 0
2 W 6 79
2 W 4 96
2 R 4
2 R 7
2 R 41
2 R 20
2 W 12 95
2 R 13
2 W 12 76
2 C 373
7 S 374
7 R 22
7 R 21
7 W 2 18
7 R 26
7 R 17
7 W 21 7
7 W 153 27
7 R 165
7 W 25 91
7 W 159 70
7 R 25
7 R 22
7 W 18 19
7 R 8
7 W 1 68
7 W 21 76
7 R 30
7 W 28 97
7 R 9
7 W 17 70
7 W 1 48
7 R 22
7 R 22
7 W 20 2
7 W 23 53
7 W 219 54
7 R 2
7 C 374
8 S 375
8 R 221
8 R 6
8 W 0 68
8 W 0 85
8 R 209
8 R 191
8 R 29
8 R 187
8 R 214
8 W 0 57
8 R 15
8 R 8
8 W 8 85
8 W 14 85
8 W 0 60
8 W 12 48
8 W 31 55
8 R 17
8 R 25
8 W 24 54
8 W 141 11
8 W 24 70
8 W 248 77
8 R 6
8 W 2 18
8 W 16 9
8 R 117
8 C 375
6 S 376
6 R 0
6 R 28
6 R 14
6 W 37 84
6 R 13
6 R 126
6 W 2 77
6 R 11
6 R 3
6 R 29
6 R 134
6 R 23
6 C 376
4 S 377
4 W 20 58
4 R 37
4 W 3 25
4 W 28 77
4 R 27
4 R 59
4 R 29
4 R 85
4 R 79
4 R 10
4 R 14
4 R 1
4 W 225 58
4 R 76
4 R 27
4 W 154 25
4 W 196 53
4 R 14
4 R 26
4 R 17
4 W 23 36
4 W 9 32
4 W 14 12
4 W 76 98
4 R 85
4 R 15
4 R 5
4 R 26
4 R 14
4 C 377
2 S 378
2 R 133
2 W 128 93
2 R 1
2 R 29
2 R 97
2 R 22
2 R 8
2 W 217 72
2 W 6 22
2 R 86
2 R 33
2 W 6 75
2 W 6 83
2 R 17
2 W 15 6
2 W 23 97
2 W 1 29
2 W 1 26
2 W 22 38
2 R 19
2 C 378
8 S 379
8 W 2 36
8 R 10
8 W 193 16
8 R 8
8 W 192 62
8 R 3
8 W 91 31
8 W 92 96
8 R 1
8 R 176
8 R 2
8 R 31
8 R 100
8 W 0 81
8 R 10
8 R 1
8 W 20 89
8 W 3 72
8 R 207
8 W 21 51
8 C 379
6 S 380
6 R 88
6 R 18
6 R 119
6 R 22
6 R 0
6 R 87
6 W 215 86
6 R 21
6 R 9
6 R 28
6 R 14
6 C 380
5 S 381
5 R 151
5 W 5 34
5 W 210 40
5 R 195
5 R 203
5 W 230 24
5 W 239 17
5 W 138 88
5 W 28 59
5 W 31 64
5 R 12
5 W 31 49
5 W 5 61
5 W 8 8
5 W 11 0
5 W 8 1
5 W 31 70
5 R 120
5 W 26 6
5 R 242
5 C 381
0 S 382
0 W 16 18
0 W 12 69
0 R 9
0 R 4
0 W 16 45
0 R 20
0 W 28 28
0 R 106
0 R 107
0 R 4
0 W 20 76
0 R 28
0 W 4 16
0 W 30 85
0 W 26 37
0 W 14 65
0 R 25
0 R 61
0 R 26
0 W 22 37
0 W 3 18
0 C 382
1 S 383
1 W 23 34
1 W 20 99
1 R 10
1 R 27
1 W 12 73
1 R 21
1 W 0 64
1 R 41
1 R 231
1 R 26
1 R 0
1 R 126
1 W 84 45
1 R 15
1 W 19 55
1 W 223 48
1 R 91
1 R 14
1 R 101
1 W 10 7
1 R 46
1 R 19
1 R 1
1 R 25
1 W 24 21
1 R 2
1 R 95
1 W 19 66
1 R 22
1 W 3 62
1 R 9
1 C 383
7 S 384
7 W 69 63
7 R 29
7 R 115
7 R 7
7 R 6
7 R 230
7 R 26
7 W 20 70
7 R 9
7 W 1 36
7 R 223
7 W 29 7
7 W 19 5
7 R 13
7 W 8 81
7 W 19 80
7 R 32
7 W 16 44
7 R 140
7 R 1
7 W 19 21
7 W 27 56
7 W 22 41
7 W 14 57
7 R 8
7 C 384
4 S 385
4 R 6
4 W 102 46
4 R 213
4 W 22 70
4 W 1 6
4 R 20
4 W 230 56
4 R 64
4 R 25
4 W 129 35
4 R 123
4 R 111
4 R 18
4 R 12
4 R 8
4 W 140 95
4 R 151
4 R 138
4 W 14 99
4 W 9 53
4 W 15 1
4 W 27 53
4 W 118 53
4 R 17
4 R 27
4 R 25
4 W 12 82
4 R 9
4 C 385
3 S 386
3 R 4
3 R 31
3 W 18 36
3 W 181 38
3 W 25 81
3 R 12
3 W 11 60
3 W 19 5
3 W 165 92
3 R 191
3 R 26
3 R 145
3 W 50 9
3 R 11
3 W 10 16
3 R 30
3 W 21 57
3 W 249 47
3 W 12 27
3 C 386
2 S 387
2 W 1 15
2 W 10 75
2 W 71 95
2 W 117 4
2 W 10 55
2 R 9
2 R 145
2 R 161
2 R 182
2 W 134 16
2 W 124 59
2 R 25
2 W 6 8
2 R 5
2 W 73 4
2 R 11
2 R 19
2 R 125
2 R 159
2 R 29
2 R 247
2 W 97 40
2 W 146 4
2 R 9
2 R 28
2 R 24
2 W 16 4
2 W 17 9
2 R 1
2 W 9 55
2 C 387
8 S 388
8 R 18
8 W 231 68
8 W 9 99
8 W 40 97
8 R 39
8 W 24 68
8 W 213 58
8 W 17 26
8 R 34
8 W 244 21
8 R 220
8 R 75
8 R 48
8 W 7 56
8 W 217 68
8 R 137
8 W 6 96
8 W 61 69
8 W 146 26
8 R 113
8 W 144 1
8 R 40
8 W 19 9
8 R 3
8 C 388
5 S 389
5 W 64 69
5 R 96
5 R 15
5 R 155
5 W 1 7
5 W 22 91
5 R 89
5 W 48 62
5 W 31 45
5 W 0 59
5 W 12 37
5 R 6
5 W 123 57
5 R 5
5 W 9 69
5 R 17
5 C 389
4 S 390
4 R 107
4 R 30
4 W 46 80
4 R 22
4 R 21
4 W 29 57
4 W 5 28
4 W 3 16
4 W 83 95
4 R 50
4 C 390
0 S 391
0 R 23
0 R 6
0 R 18
0 W 8 17
0 R 31
0 R 241
0 W 205 87
0 R 206
0 R 113
0 W 170 50
0 W 12 49
0 W 128 16
0 R 46
0 R 163
0 R 244
0 R 9
0 W 23 13
0 R 179
0 R 5
0 W 11 58
0 R 114
0 R 2
0 R 124
0 C 391
1 S 392
1 R 18
1 W 9 1
1 R 7
1 R 9
1 W 16 86
1 W 6 25
1 W 12 92
1 R 0
1 W 18 62
1 W 16 100
1 W 23 97
1 R 252
1 W 14 56
1 R 19
1 R 153
1 R 95
1 R 158
1 W 21 58
1 W 8 49
1 W 30 69
1 R 184
1 R 0
1 C 392
3 S 393
3 R 24
3 W 2 68
3 W 7 72
3 R 27
3 R 127
3 W 133 46
3 W 29 67
3 R 8
3 W 17 5
3 W 242 40
3 W 27 32
3 R 246
3 R 240
3 R 50
3 W 2 65
3 R 3
3 R 3
3 W 128 93
3 W 26 40
3 C 393
6 S 394
6 W 27 39
6 W 18 77
6 W 29 42
6 R 3
6 R 153
6 R 26
6 W 15 51
6 R 18
6 W 110 0
6 W 0 27
6 R 189
6 W 19 98
6 W 3 59
6 W 1 31
6 R 15
6 R 26
6 W 20 42
6 W 15 5
6 W 6 65
6 R 29
6 R 22
6 W 1 32
6 W 172 73
6 W 5 88
6 W 248 28
6 R 27
6 R 85
6 W 237 26
6 R 29
6 R 38
6 C 394
7 S 395
7 R 191
7 W 250 23
7 W 18 19
7 W 213 37
7 R 25
7 W 228 28
7 W 188 23
7 R 15
7 R 18
7 R 225
7 R 6
7 R 21
7 R 9
7 R 89
7 R 0
7 W 1 70
7 R 0
7 R 203
7 W 71 30
7 R 19
7 W 61 10
7 W 12 3
7 R 5
7 W 2 94
7 C 395
3 S 396
3 R 22
3 R 22
3 R 26
3 R 7
3 W 112 12
3 R 125
3 W 3 29
3 W 163 91
3 W 4 45
3 R 18
3 R 7
3 W 195 57
3 R 9
3 W 21 69
3 W 31 10
3 R 107
3 W 179 34
3 R 80
3 W 147 7
3 W 11 37
3 R 11
3 R 55
3 W 84 69
3 C 396
2 S 397
2 W 6 94
2 W 5 33
2 W 27 9
2 W 161 84
2 R 23
2 R 25
2 R 193
2 W 29 40
2 R 208
2 W 6 89
2 R 139
2 W 1 86
2 R 222
2 W 26 20
2 R 22
2 W 176 100
2 R 177
2 R 1
2 R 29
2 W 15 61
2 W 208 61
2 R 160
2 R 225
2 R 11
2 C 397
1 S 398
1 R 207
1 W 165 31
1 R 56
1 W 22 75
1 W 11 69
1 W 0 40
1 W 196 100
1 R 5
1 W 6 77
1 W 26 12
1 W 92 43
1 W 126 22
1 W 14 95
1 R 18
1 W 12 28
1 W 213 27
1 C 398
4 S 399
4 R 13
4 W 13 16
4 R 18
4 W 97 59
4 W 158 44
4 R 10
4 R 30
4 W 27 34
4 W 20 4
4 W 29 55
4 R 129
4 R 11
4 W 31 59
4 W 3 90
4 R 27
4 R 15
4 W 1 57
4 W 9 55
4 W 92 14
4 C 399
8 S 400
8 W 174 7
8 W 31 68
8 R 74
8 R 26
8 R 28
8 R 46
8 R 5
8 W 20 38
8 W 150 28
8 W 10 19
8 W 2 72
8 R 13
8 W 21 39
8 R 119
8 R 5
8 R 247
8 W 49 78
8 R 26
8 R 1
8 R 3
8 R 110
8 W 228 46
8 W 6 16
8 W 168 4
8 R 136
8 W 50 93
8 W 17 72
8 R 182
8 R 2
8 C 400
6 S 401
6 R 139
6 W 6 86
6 W 253 32
6 R 6
6 R 139
6 W 243 75
6 W 28 72
6 W 21 38
6 R 7
6 R 26
6 R 25
6 R 5
6 W 202 27
6 W 20 42
6 W 10 35
6 W 198 28
6 R 23
6 R 12
6 C 401
7 S 402
7 W 7 89
7 R 21
7 W 133 56
7 R 6
7 W 205 83
7 W 68 9
7 R 173
7 W 13 64
7 R 215
7 W 23 15
7 W 4 46
7 R 4
7 W 12 89
7 R 4
7 R 132
7 R 2
7 W 23 51
7 R 22
7 R 11
7 W 24 13
7 W 2 11
7 W 20 66
7 W 19 32
7 R 3
7 W 2 64
7 R 117
7 R 207
7 R 152
7 R 4
7 W 25 38
7 R 17
7 R 135
7 C 402
5 S 403
5 R 4
5 R 81
5 R 9
5 W 124 67
5 W 10 4
5 W 2 91
5 R 6
5 R 233
5 R 68
5 W 28 40
5 W 220 2
5 C 403
0 S 404
0 R 4
0 R 42
0 W 3 3
0 R 4
0 R 111
0 R 206
0 W 8 7
0 W 15 83
0 R 176
0 W 14 60
0 R 220
0 W 71 19
0 R 174
0 W 22 29
0 R 4
0 W 27 44
0 R 21
0 R 241
0 W 6 16
0 R 193
0 W 16 36
0 R 175
0 R 221
0 W 22 38
0 R 19
0 W 4 78
0 W 14 30
0 W 79 41
0 W 27 53
0 R 57
0 R 30
0 R 107
0 C 404
0 S 405
0 R 2
0 W 139 82
0 R 241
0 W 11 13
0 R 176
0 R 30
0 W 11 42
0 R 239
0 W 13 89
0 W 149 96
0 R 13
0 W 13 66
0 W 218 69
0 W 22 10
0 W 192 58
0 W 2 33
0 W 20 18
0 W 31 78
0 W 31 62
0 C 405
4 S 406
4 W 210 66
4 W 31 8
4 R 245
4 W 31 18
4 R 197
4 W 2 31
4 R 169
4 R 139
4 W 89 60
4 W 107 18
4 W 2 22
4 R 3
4 R 20
4 W 106 65
4 W 8 93
4 W 149 22
4 R 2
4 W 141 0
4 R 20
4 W 16 19
4 R 28
4 R 15
4 R 9
4 C 406
8 S 407
8 R 20
8 W 15 73
8 R 13
8 W 4 70
8 R 75
8 R 26
8 W 27 11
8 W 1 60
8 W 12 95
8 W 4 0
8 W 5 70
8 R 19
8 R 180
8 W 11 86
8 R 80
8 W 158 64
8 R 70
8 R 7
8 R 26
8 R 14
8 W 115 21
8 R 66
8 C 407
7 S 408
7 W 31 59
7 W 35 27
7 R 25
7 R 20
7 R 30
7 R 9
7 R 23
7 W 2 31
7 W 15 57
7 R 175
7 C 408
2 S 409
2 W 21 34
2 W 84 36
2 W 106 50
2 R 30
2 W 21 98
2 R 25
2 W 29 21
2 R 105
2 W 118 15
2 W 5 14
2 R 8
2 W 17 94
2 R 30
2 W 17 22
2 W 244 41
2 R 24
2 W 24 76
2 R 122
2 C 409
6 S 410
6 R 16
6 R 78
6 W 16 20
6 R 25
6 W 12 92
6 R 26
6 R 13
6 W 8 40
6 R 13
6 R 11
6 R 4
6 W 2 91
6 R 55
6 W 22 96
6 W 69 45
6 R 119
6 R 66
6 R 181
6 R 28
6 W 131 66
6 R 12
6 W 21 5
6 C 410
1 S 411
1 W 255 87
1 R 31
1 R 4
1 W 30 67
1 R 96
1 W 12 69
1 W 4 20
1 R 135
1 R 189
1 R 27
1 R 3
1 C 411
3 S 412
3 W 21 7
3 R 57
3 W 0 53
3 R 5
3 R 2
3 R 17
3 R 142
3 R 13
3 R 141
3 R 46
3 R 4
3 R 134
3 R 220
3 W 31 2
3 R 13
3 W 26 2
3 R 24
3 W 220 13
3 W 184 55
3 W 116 79
3 W 27 59
3 W 7 51
3 R 174
3 R 151
3 W 114 97
3 W 181 97
3 R 23
3 W 13 54
3 W 5 97
3 W 6 43
3 R 10
3 W 196 96
3 C 412
5 S 413
5 W 27 22
5 W 127 85
5 W 12 93
5 W 6 18
5 W 23 73
5 R 48
5 R 31
5 R 12
5 R 26
5 W 21 100
5 W 158 81
5 R 29
5 W 18 38
5 W 8 6
5 W 11 33
5 W 139 16
5 R 66
5 R 229
5 W 15 94
5 W 94 55
5 R 215
5 W 18 53
5 R 5
5 R 10
5 R 12
5 W 6 14
5 W 0 45
5 C 413
1 S 414
1 R 57
1 R 175
1 R 21
1 R 12
1 R 7
1 R 31
1 R 176
1 W 13 19
1 R 25
1 R 38
1 R 29
1 R 11
1 R 3
1 W 12 15
1 R 58
1 R 30
1 W 233 0
1 W 25 36
1 R 17
1 W 16 39
1 W 15 23
1 R 31
1 R 19
1 R 5
1 W 208 93
1 W 23 14
1 R 5
1 R 251
1 C 414
2 S 415
2 W 1 37
2 R 5
2 W 21 34
2 W 26 72
2 R 32
2 R 14
2 R 1
2 W 1 32
2 W 1 84
2 R 26
2 W 23 70
2 R 11
2 W 25 41
2 R 15
2 R 11
2 R 30
2 R 16
2 W 22 37
2 W 23 76
2 R 18
2 W 25 73
2 W 178 99
2 W 28 24
2 R 28
2 R 27
2 R 31
2 C 415
8 S 416
8 R 31
8 R 214
8 W 30 53
8 R 169
8 W 5 17
8 W 55 25
8 W 15 59
8 R 19
8 R 75
8 W 13 26
8 R 24
8 R 31
8 W 2 5
8 R 84
8 C 416
4 S 417
4 R 5
4 R 143
4 W 73 88
4 R 3
4 R 21
4 R 118
4 W 204 73
4 R 195
4 R 4
4 W 177 36
4 R 99
4 W 8 59
4 C 417
5 S 418
5 W 12 11
5 W 30 19
5 R 215
5 W 27 15
5 R 132
5 R 23
5 R 29
5 R 187
5 R 3
5 R 15
5 R 175
5 R 4
5 W 70 78
5 R 0
5 R 28
5 W 89 62
5 R 60
5 W 178 3
5 W 24 34
5 W 17 52
5 W 28 45
5 W 81 24
5 R 18
5 W 3 74
5 R 19
5 W 4 55
5 R 153
5 R 110
5 C 418
0 S 419
0 W 195 47
0 R 67
0 R 6
0 R 2
0 R 50
0 R 12
0 W 6 95
0 R 28
0 W 14 6
0 R 225
0 R 116
0 W 184 61
0 W 6 37
0 W 27 30
0 R 3
0 C 419
6 S 420
6 W 12 11
6 W 0 60
6 W 242 76
6 W 16 28
6 W 29 53
6 R 10
6 R 142
6 W 215 52
6 W 31 28
6 W 4 67
6 W 224 23
6 R 28
6 R 31
6 W 24 41
6 R 227
6 R 219
6 W 19 71
6 R 10
6 W 98 68
6 C 420
7 S 421
7 W 1 28
7 R 24
7 R 149
7 W 23 14
7 W 0 24
7 W 16 31
7 R 4
7 W 5 82
7 W 249 76
7 W 127 12
7 W 95 54
7 R 144
7 R 20
7 R 30
7 W 3 81
7 R 76
7 W 132 72
7 R 15
7 W 208 36
7 R 12
7 W 142 21
7 W 148 89
7 R 59
7 W 245 36
7 R 24
7 R 6
7 W 124 82
7 W 159 92
7 R 6
7 R 5
7 W 8 5
7 R 172
7 C 421
3 S 422
3 R 17
3 W 8 4
3 W 187 53
3 R 22
3 R 7
3 W 161 12
3 R 27
3 R 26
3 W 5 95
3 R 28
3 R 18
3 R 20
3 W 18 53
3 W 249 72
3 W 25 68
3 W 6 13
3 W 19 63
3 R 9
3 W 10 24
3 W 232 20
3 W 13 82
3 W 17 86
3 R 1
3 W 23 40
3 C 422
6 S 423
6 W 21 20
6 R 4
6 W 77 67
6 W 80 90
6 R 255
6 W 27 34
6 W 1 83
6 W 0 64
6 W 9 33
6 W 229 64
6 R 30
6 W 111 94
6 R 15
6 R 188
6 R 237
6 W 3 0
6 W 22 34
6 R 189
6 R 21
6 R 2
6 W 42 95
6 R 2
6 W 83 31
6 W 181 37
6 R 209
6 C 423
4 S 424
4 R 32
4 W 5 42
4 R 179
4 W 23 75
4 R 128
4 R 26
4 R 113
4 W 197 23
4 R 12
4 R 31
4 R 159
4 W 29 86
4 W 13 94
4 R 75
4 W 9 37
4 R 1
4 R 25
4 W 180 48
4 W 6 22
4 C 424
3 S 425
3 W 147 59
3 R 16
3 R 3
3 R 25
3 W 128 56
3 R 0
3 R 0
3 W 15 1
3 R 34
3 W 21 28
3 W 20 47
3 W 13 56
3 R 17
3 R 22
3 R 8
3 R 98
3 R 207
3 R 105
3 R 4
3 W 233 81
3 W 16 83
3 C 425
1 S 426
1 R 210
1 W 52 34
1 W 240 50
1 R 12
1 W 72 27
1 R 25
1 R 11
1 W 35 81
1 R 121
1 R 6
1 R 56
1 R 194
1 R 6
1 W 14 41
1 W 47 100
1 R 18
1 W 22 49
1 R 14
1 W 27 50
1 W 13 96
1 C 426
5 S 427
5 R 21
5 R 107
5 W 133 57
5 R 30
5 R 16
5 R 88
5 W 165 69
5 W 15 75
5 W 7 20
5 W 45 93
5 R 13
5 W 10 10
5 W 26 20
5 R 217
5 C 427
8 S 428
8 R 97
8 R 132
8 W 231 60
8 R 87
8 R 150
8 R 238
8 W 30 18
8 W 13 43
8 W 208 46
8 R 3
8 R 10
8 W 10 17
8 R 12
8 W 3 68
8 W 199 91
8 C 428
7 S 429
7 W 16 25
7 W 14 18
7 W 19 34
7 R 238
7 R 31
7 R 9
7 W 20 3
7 W 30 30
7 W 7 80
7 R 13
7 R 198
7 W 5 14
7 R 29
7 R 28
7 R 26
7 C 429
0 S 430
0 R 91
0 R 2
0 W 2 98
0 W 5 39
0 R 135
0 R 29
0 R 22
0 W 18 51
0 R 138
0 W 11 13
0 W 5 97
0 W 9 12
0 W 1 56
0 W 83 15
0 W 161 25
0 W 19 82
0 R 99
0 W 18 36
0 R 14
0 W 17 94
0 W 182 96
0 C 430
2 S 431
2 W 191 5
2 W 60 26
2 R 16
2 R 93
2 R 25
2 W 12 0
2 R 237
2 R 3
2 W 193 86
2 W 22 74
2 W 5 52
2 R 6
2 R 23
2 R 119
2 W 53 88
2 W 28 62
2 R 139
2 R 249
2 R 169
2 W 123 84
2 R 187
2 R 2
2 W 162 46
2 R 25
2 W 6 51
2 W 20 88
2 R 228
2 W 202 67
2 W 30 10
2 C 431
5 S 432
5 W 28 61
5 W 20 19
5 R 73
5 W 135 32
5 R 112
5 R 60
5 R 8
5 R 3
5 W 8 97
5 W 178 9
5 R 84
5 W 4 92
5 W 17 33
5 W 16 27
5 W 8 8
5 W 17 73
5 W 167 1
5 R 25
5 R 26
5 W 19 85
5 W 0 88
5 R 57
5 R 1
5 R 219
5 R 234
5 C 432
8 S 433
8 R 115
8 R 54
8 R 154
8 W 80 7
8 W 2 93
8 W 2 8
8 W 5 26
8 R 8
8 R 113
8 R 166
8 R 21
8 W 131 34
8 R 14
8 W 75 99
8 W 27 37
8 W 145 32
8 W 248 99
8 R 12
8 W 25 31
8 W 232 36
8 R 31
8 W 7 40
8 R 36
8 R 14
8 W 28 63
8 R 244
8 W 64 46
8 R 8
8 W 158 17
8 R 96
8 W 0 100
8 C 433
2 S 434
2 R 109
2 R 17
2 R 169
2 W 46 69
2 W 157 81
2 W 1 64
2 W 7 81
2 R 111
2 W 21 3
2 R 5
2 W 28 2
2 R 26
2 R 1
2 W 9 9
2 W 10 12
2 W 19 18
2 R 6
2 R 31
2 W 17 54
2 R 30
2 W 206 40
2 R 0
2 R 249
2 R 7
2 R 1
2 R 10
2 R 12
2 R 199
2 W 186 70
2 W 11 74
2 C 434
1 S 435
1 R 14
1 R 26
1 R 2
1 W 73 47
1 R 10
1 R 153
1 W 6 76
1 W 31 62
1 W 1 7
1 R 197
1 R 7
1 R 79
1 R 23
1 R 22
1 R 152
1 W 171 82
1 R 149
1 W 174 91
1 R 24
1 R 251
1 W 215 9
1 W 10 89
1 W 23 77
1 C 435
0 S 436
0 W 156 73
0 R 6
0 W 28 65
0 R 22
0 W 29 15
0 W 2 14
0 W 129 62
0 W 7 21
0 R 22
0 W 24 53
0 W 9 74
0 R 3
0 W 14 68
0 W 127 6
0 W 27 33
0 W 140 2
0 R 145
0 W 216 85
0 R 12
0 W 19 90
0 W 31 70
0 R 12
0 W 9 74
0 W 246 48
0 R 20
0 R 61
0 R 17
0 R 175
0 R 4
0 R 78
0 W 97 94
0 R 233
0 C 436
7 S 437
7 R 21
7 R 121
7 W 32 6
7 R 132
7 R 15
7 R 5
7 W 4 15
7 W 154 94
7 R 13
7 W 21 7
7 C 437
3 S 438
3 R 136
3 R 105
3 R 171
3 R 4
3 R 3
3 R 147
3 W 0 71
3 W 58 52
3 R 168
3 R 17
3 R 23
3 W 23 37
3 W 17 52
3 R 30
3 W 169 98
3 W 52 53
3 R 189
3 R 23
3 W 210 87
3 R 211
3 W 28 78
3 C 438
4 S 439
4 W 25 11
4 W 9 20
4 R 27
4 R 17
4 W 106 84
4 W 12 74
4 W 21 91
4 W 25 26
4 R 92
4 W 216 54
4 R 17
4 R 28
4 W 17 77
4 R 44
4 W 23 72
4 C 439
6 S 440
6 W 31 20
6 R 2
6 R 29
6 W 239 5
6 R 11
6 R 7
6 R 39
6 W 21 45
6 W 20 52
6 W 12 25
6 R 9
6 W 19 9
6 W 23 62
6 W 143 78
6 R 10
6 R 153
6 R 3
6 R 0
6 W 84 7
6 R 64
6 W 49 11
6 R 21
6 W 25 29
6 W 147 95
6 W 6 29
6 W 2 82
6 W 5 3
6 W 80 5
6 C 440
5 S 441
5 W 172 55
5 W 68 56
5 W 17 73
5 W 3 49
5 W 105 75
5 W 17 4
5 R 4
5 R 60
5 R 27
5 R 148
5 W 26 49
5 R 12
5 W 0 64
5 W 199 37
5 W 0 13
5 W 105 52
5 C 441
1 S 442
1 R 53
1 R 109
1 R 85
1 W 22 56
1 R 17
1 W 196 97
1 W 0 29
1 W 3 91
1 W 9 69
1 R 13
1 R 23
1 W 214 69
1 W 27 79
1 R 24
1 R 199
1 W 122 33
1 W 13 6
1 R 174
1 W 23 50
1 R 200
1 W 8 40
1 R 48
1 R 16
1 W 23 73
1 R 243
1 R 8
1 R 52
1 R 128
1 C 442
7 S 443
7 W 31 19
7 W 36 42
7 R 139
7 R 224
7 R 11
7 R 27
7 R 17
7 W 10 83
7 R 14
7 W 9 46
7 W 28 43
7 R 253
7 R 168
7 W 12 77
7 R 23
7 R 26
7 W 25 24
7 W 127 76
7 W 31 91
7 W 131 46
7 W 28 75
7 C 443
4 S 444
4 W 36 27
4 R 29
4 R 220
4 W 188 10
4 W 24 13
4 W 24 86
4 R 29
4 R 9
4 W 28 61
4 W 243 12
4 W 194 78
4 W 11 79
4 W 238 62
4 R 184
4 R 4
4 C 444
2 S 445
2 R 8
2 R 188
2 R 0
2 W 19 47
2 R 26
2 W 3 15
2 R 3
2 W 50 48
2 R 23
2 R 3
2 W 240 20
2 R 11
2 W 165 89
2 W 11 90
2 W 220 27
2 W 14 63
2 W 20 35
2 R 46
2 W 26 73
2 W 5 55
2 R 14
2 R 9
2 C 445
3 S 446
3 W 77 34
3 W 200 76
3 W 105 90
3 W 216 34
3 W 25 26
3 R 20
3 R 17
3 W 109 59
3 W 11 57
3 R 16
3 C 446
0 S 447
0 W 24 41
0 R 214
0 W 170 62
0 W 15 38
0 R 205
0 W 13 81
0 R 16
0 W 31 1
0 R 0
0 R 16
0 W 3 43
0 W 167 3
0 R 175
0 R 221
0 W 3 33
0 R 246
0 R 81
0 R 66
0 R 21
0 R 119
0 R 12
0 W 240 47
0 R 5
0 W 182 93
0 R 26
0 R 62
0 R 22
0 W 25 86
0 W 232 93
0 C 447
8 S 448
8 R 11
8 R 21
8 W 24 27
8 W 9 99
8 W 11 58
8 W 11 93
8 R 1
8 W 12 17
8 R 18
8 R 11
8 W 28 18
8 R 55
8 W 11 44
8 W 215 23
8 R 9
8 R 27
8 W 91 85
8 C 448
6 S 449
6 W 31 89
6 W 185 99
6 R 14
6 R 1
6 R 25
6 W 30 9
6 W 14 80
6 W 16 83
6 R 150
6 W 30 59
6 W 14 13
6 R 14
6 R 62
6 R 24
6 W 24 34
6 R 35
6 R 18
6 R 68
6 R 27
6 R 8
6 R 103
6 W 93 82
6 C 449
