6
0-5 o
2 S 0
2 W 4 33
2 R 15
2 R 187
2 R 164
2 W 44 52
2 R 9
2 R 214
2 R 8
2 R 38
2 W 128 26
2 W 19 91
2 W 209 23
2 W 29 26
2 C 0
4 S 1
4 R 194
4 W 28 32
4 W 19 75
4 R 38
4 W 149 98
4 R 26
4 R 29
4 W 24 72
4 R 32
4 W 22 74
4 C 1
0 S 2
0 W 19 26
0 W 6 52
0 R 145
0 R 10
0 W 233 93
0 W 5 75
0 R 6
0 W 223 7
0 C 2
1 S 3
1 R 14
1 R 68
1 W 71 27
1 R 117
1 R 121
1 R 202
1 R 122
1 R 19
1 W 0 7
1 R 26
1 W 31 25
1 W 8 53
1 R 219
1 C 3
3 S 4
3 R 5
3 W 8 54
3 R 26
3 W 143 25
3 W 14 48
3 R 16
3 R 27
3 R 83
3 R 56
3 W 170 27
3 W 191 35
3 R 200
3 W 91 75
3 R 29
3 W 192 70
3 C 4
5 S 5
5 W 188 70
5 W 25 11
5 W 104 82
5 W 25 63
5 W 162 24
5 R 30
5 R 26
5 R 78
5 R 108
5 R 2
5 W 56 50
5 R 50
5 R 23
5 R 15
5 W 12 40
5 W 27 91
5 W 19 43
5 R 1
5 C 5
4 S 6
4 R 73
4 W 81 91
4 W 66 21
4 W 42 31
4 W 18 69
4 R 20
4 R 166
4 W 101 88
4 W 19 5
4 W 28 18
4 R 25
4 R 8
4 W 65 57
4 W 157 100
4 W 18 3
4 R 152
4 W 98 52
4 W 133 95
4 C 6
0 S 7
0 R 18
0 R 136
0 R 40
0 W 117 91
0 R 4
0 W 25 7
0 C 7
2 S 8
2 W 207 76
2 R 206
2 W 11 86
2 W 158 9
2 W 68 6
2 W 210 7
2 C 8
3 S 9
3 R 13
3 W 87 84
3 R 29
3 W 3 23
3 R 3
3 W 31 29
3 R 238
3 R 197
3 W 30 29
3 W 113 7
3 C 9
5 S 10
5 R 13
5 R 160
5 R 47
5 W 146 88
5 W 165 21
5 W 194 66
5 R 9
5 W 10 5
5 R 30
5 R 95
5 W 143 89
5 W 5 50
5 R 136
5 C 10
1 S 11
1 W 213 47
1 R 2
1 R 184
1 W 9 4
1 W 25 91
1 W 47 26
1 C 11
1 S 12
1 W 4 8
1 W 230 89
1 R 26
1 W 228 85
1 W 153 24
1 R 185
1 R 102
1 R 122
1 W 30 80
1 R 3
1 R 192
1 W 17 95
1 R 9
1 R 14
1 C 12
0 S 13
0 W 12 41
0 R 22
0 R 26
0 W 0 84
0 R 14
0 R 199
0 R 10
0 W 85 72
0 W 218 94
0 R 14
0 R 84
0 W 63 71
0 W 43 4
0 R 236
0 C 13
4 S 14
4 R 13
4 W 98 4
4 R 24
4 W 155 44
4 W 18 89
4 W 198 61
4 W 200 6
4 R 224
4 R 212
4 R 104
4 R 240
4 W 2 8
4 W 65 1
4 W 19 29
4 W 0 80
4 R 22
4 W 172 99
4 C 14
3 S 15
3 R 4
3 W 12 70
3 R 30
3 W 9 80
3 W 31 35
3 W 8 27
3 R 137
3 R 23
3 C 15
5 S 16
5 R 60
5 R 119
5 R 4
5 W 252 9
5 R 76
5 R 223
5 R 11
5 C 16
2 S 17
2 R 179
2 R 103
2 R 137
2 R 4
2 R 64
2 W 170 97
2 R 59
2 R 15
2 W 191 60
2 R 211
2 W 39 25
2 W 222 53
2 C 17
0 S 18
0 R 17
0 W 80 34
0 W 18 13
0 R 94
0 W 46 23
0 W 105 56
0 W 25 25
0 W 29 28
0 W 15 41
0 W 26 61
0 R 206
0 W 119 83
0 W 225 8
0 R 128
0 W 81 19
0 C 18
2 S 19
2 R 17
2 R 147
2 W 247 23
2 W 249 55
2 W 28 3
2 R 177
2 W 123 46
2 R 140
2 W 22 93
2 R 21
2 W 179 5
2 W 113 19
2 C 19
1 S 20
1 R 241
1 R 116
1 W 23 97
1 R 11
1 R 18
1 R 226
1 R 201
1 R 31
1 R 69
1 W 27 22
1 W 111 9
1 R 111
1 R 245
1 R 14
1 C 20
5 S 21
5 W 211 1
5 R 194
5 R 2
5 R 27
5 W 65 89
5 R 196
5 R 242
5 R 44
5 R 5
5 W 21 41
5 W 165 16
5 R 60
5 W 28 89
5 W 171 35
5 R 43
5 R 216
5 C 21
3 S 22
3 R 226
3 R 9
3 R 171
3 R 11
3 W 34 23
3 W 106 41
3 R 11
3 W 210 3
3 R 18
3 R 21
3 W 154 45
3 W 215 86
3 W 223 20
3 W 192 90
3 W 58 59
3 W 8 40
3 W 102 14
3 R 73
3 C 22
4 S 23
4 W 166 64
4 W 19 21
4 W 116 75
4 W 149 33
4 W 119 52
4 W 241 45
4 W 30 99
4 R 187
4 R 13
4 W 73 78
4 W 147 63
4 C 23
0 S 24
0 R 212
0 R 5
0 W 26 13
0 R 64
0 R 255
0 R 9
0 W 180 41
0 C 24
4 S 25
4 W 26 70
4 R 106
4 R 10
4 W 14 88
4 R 94
4 R 117
4 W 155 31
4 R 6
4 R 11
4 W 208 88
4 R 0
4 W 2 67
4 R 12
4 W 28 88
4 W 159 89
4 R 5
4 R 30
4 C 25
2 S 26
2 W 178 71
2 R 156
2 W 100 57
2 W 94 53
2 W 202 49
2 W 140 66
2 R 31
2 W 246 36
2 R 24
2 R 25
2 R 17
2 R 251
2 C 26
1 S 27
1 W 85 54
1 W 197 46
1 R 27
1 W 67 37
1 R 62
1 W 143 75
1 W 23 69
1 R 224
1 R 25
1 W 15 58
1 W 3 65
1 R 28
1 R 54
1 R 11
1 R 44
1 C 27
3 S 28
3 W 160 60
3 R 59
3 W 142 46
3 W 57 90
3 R 251
3 W 104 61
3 W 227 40
3 W 117 71
3 W 87 35
3 R 12
3 R 125
3 W 180 74
3 R 7
3 R 18
3 R 2
3 R 49
3 R 4
3 W 122 8
3 R 208
3 R 225
3 C 28
5 S 29
5 W 26 80
5 W 44 83
5 R 199
5 W 87 16
5 R 24
5 R 38
5 R 252
5 W 196 36
5 W 200 16
5 R 162
5 R 6
5 R 129
5 W 32 9
5 C 29
0 S 30
0 W 147 36
0 W 29 18
0 W 21 90
0 W 113 52
0 W 247 79
0 R 227
0 R 49
0 R 94
0 C 30
1 S 31
1 W 13 49
1 W 16 59
1 R 26
1 R 132
1 W 3 11
1 R 205
1 R 6
1 W 106 1
1 W 17 45
1 R 7
1 R 11
1 R 112
1 W 13 78
1 R 180
1 R 33
1 R 5
1 W 49 23
1 R 139
1 W 18 89
1 C 31
4 S 32
4 W 30 86
4 R 29
4 W 151 25
4 R 39
4 W 23 58
4 W 77 80
4 R 169
4 R 244
4 W 167 25
4 W 129 57
4 W 13 90
4 W 166 34
4 W 184 24
4 R 4
4 C 32
3 S 33
3 R 241
3 W 205 19
3 R 30
3 W 20 100
3 R 3
3 R 228
3 C 33
2 S 34
2 R 17
2 W 4 29
2 W 216 73
2 R 0
2 R 26
2 W 15 66
2 W 7 93
2 R 6
2 W 1 39
2 R 183
2 W 80 90
2 W 24 54
2 W 38 35
2 W 2 85
2 W 26 66
2 W 30 74
2 W 181 37
2 W 12 45
2 R 94
2 W 221 49
2 C 34
5 S 35
5 R 15
5 R 3
5 R 30
5 R 251
5 R 64
5 W 7 5
5 R 2
5 R 7
5 R 28
5 C 35
5 S 36
5 R 4
5 R 160
5 W 9 86
5 R 138
5 R 107
5 R 10
5 R 15
5 R 127
5 R 66
5 R 30
5 W 132 55
5 R 15
5 R 68
5 R 232
5 C 36
0 S 37
0 R 112
0 W 116 31
0 W 53 39
0 R 78
0 R 48
0 W 9 32
0 C 37
2 S 38
2 R 14
2 R 157
2 R 247
2 W 128 35
2 W 4 56
2 W 202 0
2 R 243
2 W 131 11
2 W 24 28
2 C 38
3 S 39
3 R 49
3 R 107
3 W 13 37
3 W 11 82
3 W 184 5
3 W 35 0
3 W 28 78
3 R 182
3 R 10
3 R 22
3 W 27 31
3 W 153 9
3 R 132
3 R 31
3 W 110 86
3 C 39
4 S 40
4 W 169 18
4 R 24
4 W 12 87
4 W 53 93
4 W 238 12
4 W 194 33
4 W 112 6
4 W 7 64
4 R 0
4 R 11
4 W 247 8
4 W 18 13
4 R 29
4 W 89 14
4 R 41
4 R 28
4 R 239
4 C 40
1 S 41
1 W 48 31
1 W 22 91
1 W 8 48
1 R 190
1 R 0
1 W 12 49
1 C 41
3 S 42
3 R 88
3 W 188 17
3 W 18 7
3 W 4 46
3 W 12 28
3 R 150
3 W 213 33
3 W 170 34
3 W 116 67
3 W 147 95
3 R 33
3 C 42
5 S 43
5 R 115
5 R 7
5 R 123
5 R 62
5 W 179 98
5 R 0
5 R 10
5 W 4 100
5 R 169
5 W 23 62
5 C 43
0 S 44
0 W 245 76
0 W 10 74
0 R 4
0 R 89
0 R 15
0 W 9 28
0 W 23 21
0 R 221
0 R 102
0 W 5 84
0 R 201
0 W 106 25
0 R 209
0 R 29
0 R 236
0 R 15
0 W 195 54
0 C 44
4 S 45
4 W 13 5
4 R 234
4 W 8 51
4 W 99 21
4 R 69
4 W 4 66
4 W 209 8
4 W 219 59
4 W 27 8
4 W 29 6
4 R 218
4 R 0
4 R 31
4 C 45
2 S 46
2 R 22
2 W 30 76
2 W 197 88
2 W 108 41
2 R 58
2 R 71
2 W 27 22
2 W 185 92
2 R 29
2 W 161 44
2 R 130
2 R 138
2 W 163 91
2 R 222
2 R 3
2 W 76 57
2 W 18 23
2 C 46
1 S 47
1 W 26 18
1 W 172 21
1 R 191
1 R 61
1 W 227 81
1 W 253 21
1 R 7
1 C 47
2 S 48
2 W 73 90
2 W 18 83
2 W 12 9
2 R 88
2 R 104
2 W 246 50
2 R 30
2 C 48
1 S 49
1 W 14 89
1 W 27 5
1 W 28 54
1 W 26 74
1 W 26 67
1 R 19
1 W 72 73
1 R 161
1 W 159 95
1 R 248
1 C 49
0 S 50
0 W 17 22
0 W 120 4
0 R 13
0 W 24 32
0 R 21
0 W 2 40
0 C 50
5 S 51
5 R 29
5 W 29 61
5 W 29 72
5 R 56
5 R 159
5 W 54 19
5 W 214 15
5 W 172 40
5 W 241 15
5 W 11 48
5 W 9 12
5 W 30 0
5 W 28 50
5 R 39
5 C 51
3 S 52
3 R 188
3 W 26 27
3 R 12
3 W 89 8
3 W 251 92
3 R 254
3 W 12 56
3 R 11
3 W 21 26
3 W 24 93
3 R 37
3 W 78 62
3 W 167 66
3 C 52
4 S 53
4 W 3 97
4 R 8
4 R 18
4 R 160
4 W 0 25
4 R 8
4 W 117 90
4 R 179
4 R 2
4 R 144
4 C 53
5 S 54
5 R 149
5 W 239 1
5 R 67
5 W 200 76
5 R 24
5 R 132
5 R 12
5 W 246 6
5 W 26 36
5 R 26
5 C 54
0 S 55
0 R 22
0 W 24 71
0 R 148
0 R 78
0 W 12 48
0 R 226
0 R 10
0 W 38 33
0 C 55
1 S 56
1 R 184
1 R 14
1 W 8 60
1 R 15
1 W 23 73
1 R 24
1 W 228 35
1 W 2 42
1 W 19 90
1 C 56
2 S 57
2 W 4 4
2 W 5 31
2 R 30
2 W 113 66
2 R 31
2 W 21 45
2 R 1
2 W 16 16
2 W 151 41
2 R 22
2 R 11
2 C 57
3 S 58
3 W 7 85
3 W 5 61
3 R 53
3 W 26 12
3 R 92
3 W 244 66
3 R 22
3 R 185
3 R 19
3 W 199 84
3 C 58
4 S 59
4 R 235
4 R 28
4 W 7 26
4 W 11 82
4 R 153
4 R 56
4 C 59
4 S 60
4 R 132
4 R 12
4 W 28 33
4 R 23
4 R 177
4 R 25
4 W 204 84
4 R 39
4 C 60
3 S 61
3 R 7
3 W 11 17
3 W 196 0
3 W 146 48
3 W 51 6
3 R 139
3 W 38 14
3 R 208
3 W 126 51
3 R 105
3 C 61
1 S 62
1 R 31
1 W 9 96
1 W 3 73
1 R 168
1 R 3
1 R 2
1 W 139 80
1 R 16
1 R 131
1 W 6 66
1 R 224
1 R 175
1 R 75
1 W 21 46
1 R 29
1 R 175
1 R 239
1 W 31 36
1 C 62
5 S 63
5 R 161
5 R 217
5 W 138 98
5 R 14
5 R 83
5 W 225 89
5 W 37 40
5 R 74
5 R 119
5 C 63
2 S 64
2 R 122
2 W 19 100
2 W 27 91
2 R 80
2 R 26
2 R 0
2 W 53 1
2 R 56
2 R 0
2 W 81 73
2 C 64
0 S 65
0 W 22 27
0 W 81 39
0 R 6
0 W 85 66
0 W 65 2
0 R 31
0 W 25 77
0 R 228
0 W 6 1
0 R 145
0 R 152
0 W 102 72
0 W 165 89
0 W 3 16
0 W 33 46
0 W 98 6
0 R 30
0 W 5 82
0 C 65
0 S 66
0 W 17 3
0 W 23 77
0 W 6 31
0 W 146 47
0 R 70
0 R 50
0 C 66
2 S 67
2 W 94 82
2 W 72 38
2 W 24 14
2 W 129 57
2 R 209
2 R 172
2 R 193
2 W 13 73
2 W 28 39
2 R 11
2 W 168 58
2 W 129 39
2 R 103
2 W 31 94
2 W 254 90
2 R 47
2 R 14
2 R 26
2 W 185 63
2 C 67
3 S 68
3 W 207 33
3 R 141
3 R 196
3 W 0 82
3 W 16 11
3 R 194
3 W 18 30
3 C 68
4 S 69
4 W 68 2
4 R 26
4 W 16 68
4 W 64 86
4 W 7 47
4 W 129 37
4 W 194 87
4 R 119
4 C 69
1 S 70
1 W 22 5
1 R 172
1 W 190 3
1 W 32 18
1 W 18 60
1 R 120
1 W 24 29
1 R 85
1 R 103
1 R 180
1 W 13 64
1 R 58
1 W 33 63
1 R 106
1 W 151 0
1 R 18
1 R 161
1 R 157
1 C 70
5 S 71
5 R 13
5 R 27
5 W 27 93
5 W 2 55
5 W 41 18
5 R 157
5 R 14
5 W 5 98
5 W 127 21
5 W 50 2
5 R 119
5 W 51 71
5 R 113
5 W 24 83
5 W 99 11
5 C 71
1 S 72
1 W 233 100
1 R 22
1 W 20 62
1 R 13
1 W 8 66
1 R 233
1 R 5
1 W 38 2
1 R 236
1 R 0
1 R 167
1 R 211
1 R 9
1 W 1 24
1 W 81 19
1 R 1
1 W 0 9
1 R 171
1 C 72
4 S 73
4 W 97 37
4 R 137
4 W 219 33
4 W 133 15
4 R 249
4 W 6 15
4 R 44
4 R 206
4 W 29 54
4 C 73
3 S 74
3 W 7 8
3 R 100
3 R 19
3 R 172
3 W 245 58
3 W 88 2
3 R 23
3 W 228 97
3 W 1 42
3 R 143
3 R 8
3 R 20
3 W 28 3
3 R 17
3 R 29
3 C 74
2 S 75
2 W 208 59
2 W 27 45
2 W 224 59
2 W 6 46
2 R 14
2 R 68
2 W 15 27
2 C 75
5 S 76
5 W 23 68
5 R 210
5 W 189 49
5 R 97
5 W 197 54
5 W 131 40
5 R 107
5 W 1 83
5 R 15
5 W 1 32
5 R 2
5 R 12
5 R 252
5 R 245
5 W 52 13
5 W 27 78
5 C 76
0 S 77
0 W 157 49
0 R 54
0 R 174
0 R 211
0 W 137 53
0 R 30
0 R 12
0 R 42
0 C 77
3 S 78
3 R 229
3 W 14 73
3 W 21 90
3 R 0
3 R 139
3 R 10
3 W 59 8
3 W 15 9
3 W 9 20
3 R 24
3 W 93 41
3 W 159 30
3 W 77 37
3 W 115 33
3 R 2
3 R 17
3 R 248
3 R 4
3 C 78
5 S 79
5 W 219 86
5 W 20 36
5 W 30 89
5 R 26
5 R 10
5 W 168 88
5 W 129 9
5 R 148
5 R 211
5 R 45
5 R 108
5 R 130
5 W 18 38
5 W 128 30
5 C 79
4 S 80
4 W 130 86
4 R 24
4 W 178 82
4 R 9
4 R 7
4 R 70
4 C 80
0 S 81
0 R 223
0 R 18
0 R 26
0 W 23 38
0 W 49 46
0 W 252 41
0 R 230
0 R 61
0 R 6
0 R 23
0 R 178
0 W 167 70
0 C 81
2 S 82
2 W 20 55
2 R 200
2 R 209
2 W 21 18
2 R 75
2 R 122
2 R 24
2 R 11
2 R 5
2 W 164 12
2 R 148
2 W 11 96
2 W 7 97
2 W 18 39
2 R 3
2 C 82
1 S 83
1 W 198 43
1 W 10 43
1 R 10
1 R 20
1 R 17
1 R 199
1 R 164
1 W 27 22
1 W 246 93
1 W 1 19
1 W 254 32
1 C 83
0 S 84
0 W 31 85
0 W 14 12
0 W 72 76
0 R 79
0 W 128 78
0 R 2
0 R 121
0 R 43
0 R 7
0 W 22 23
0 R 28
0 R 16
0 R 60
0 R 23
0 R 25
0 C 84
1 S 85
1 W 234 44
1 R 23
1 R 165
1 R 135
1 W 9 85
1 W 46 22
1 R 25
1 W 157 90
1 R 183
1 W 11 77
1 W 106 92
1 W 218 88
1 R 49
1 W 30 93
1 R 241
1 R 24
1 R 3
1 R 0
1 C 85
4 S 86
4 W 243 16
4 R 207
4 W 4 8
4 W 23 45
4 W 11 88
4 R 0
4 R 216
4 W 113 30
4 R 17
4 R 245
4 R 29
4 C 86
3 S 87
3 W 144 80
3 W 170 27
3 W 115 22
3 W 133 40
3 R 28
3 W 8 87
3 R 16
3 W 23 17
3 W 21 99
3 W 213 75
3 R 16
3 R 11
3 R 161
3 R 14
3 R 20
3 R 144
3 R 199
3 W 246 96
3 C 87
5 S 88
5 W 176 69
5 R 29
5 W 226 38
5 R 153
5 R 135
5 W 26 30
5 W 165 46
5 C 88
2 S 89
2 R 14
2 R 13
2 W 79 99
2 W 240 61
2 R 77
2 W 166 11
2 C 89
3 S 90
3 W 165 12
3 R 97
3 R 7
3 W 12 64
3 R 26
3 W 0 64
3 R 41
3 R 126
3 W 44 9
3 W 134 20
3 R 132
3 R 14
3 R 128
3 R 168
3 R 4
3 R 240
3 W 22 99
3 C 90
4 S 91
4 R 186
4 R 120
4 W 100 90
4 W 60 27
4 W 28 87
4 R 8
4 W 55 61
4 C 91
1 S 92
1 R 162
1 R 14
1 W 89 44
1 R 39
1 R 254
1 W 137 75
1 W 150 97
1 W 188 56
1 W 39 44
1 C 92
2 S 93
2 W 18 58
2 R 11
2 R 222
2 R 221
2 R 199
2 R 1
2 R 3
2 W 2 72
2 W 253 30
2 W 30 7
2 W 31 38
2 W 215 8
2 W 7 62
2 W 29 71
2 R 60
2 W 225 20
2 R 99
2 R 11
2 R 31
2 C 93
5 S 94
5 R 4
5 W 139 70
5 R 13
5 W 4 6
5 R 224
5 W 18 72
5 W 9 94
5 W 6 75
5 W 243 89
5 R 239
5 R 147
5 R 87
5 W 80 93
5 W 103 9
5 R 178
5 W 239 73
5 W 1 60
5 W 75 36
5 C 94
0 S 95
0 R 143
0 R 206
0 R 91
0 W 210 52
0 W 2 55
0 R 21
0 R 231
0 C 95
5 S 96
5 W 147 59
5 W 12 37
5 W 4 73
5 R 17
5 R 26
5 W 24 19
5 W 29 90
5 W 2 10
5 W 13 94
5 R 15
5 R 65
5 R 4
5 R 130
5 W 16 74
5 R 177
5 R 8
5 W 246 57
5 R 52
5 R 81
5 C 96
0 S 97
0 W 233 44
0 R 29
0 R 60
0 W 66 93
0 R 176
0 W 193 25
0 W 17 78
0 R 57
0 R 175
0 R 176
0 W 82 100
0 W 21 78
0 C 97
1 S 98
1 R 60
1 R 23
1 R 242
1 R 20
1 W 182 18
1 R 251
1 R 76
1 W 25 50
1 R 236
1 R 26
1 W 18 94
1 R 13
1 R 31
1 R 89
1 R 56
1 R 13
1 R 77
1 R 18
1 W 140 14
1 C 98
4 S 99
4 W 28 94
4 W 178 42
4 R 12
4 W 60 69
4 W 161 3
4 W 106 47
4 W 111 40
4 W 76 53
4 W 52 74
4 R 30
4 W 26 50
4 C 99
2 S 100
2 R 8
2 R 8
2 R 224
2 W 163 29
2 W 48 46
2 R 59
2 W 236 33
2 R 0
2 R 26
2 R 105
2 R 3
2 W 144 26
2 R 149
2 W 142 56
2 W 11 87
2 W 217 68
2 R 58
2 W 13 71
2 R 0
2 W 34 86
2 C 100
3 S 101
3 W 20 73
3 W 237 96
3 R 7
3 W 16 44
3 W 243 66
3 R 89
3 W 230 51
3 R 208
3 R 27
3 W 51 44
3 W 1 14
3 R 168
3 R 7
3 W 185 6
3 W 34 0
3 R 5
3 C 101
4 S 102
4 W 23 88
4 R 128
4 R 167
4 R 169
4 W 14 97
4 R 43
4 W 26 35
4 R 23
4 C 102
0 S 103
0 R 223
0 W 8 95
0 W 163 18
0 W 218 99
0 R 249
0 W 242 85
0 W 117 33
0 W 200 40
0 W 31 41
0 W 12 58
0 R 7
0 R 139
0 W 2 41
0 R 6
0 W 171 100
0 C 103
5 S 104
5 R 8
5 W 155 8
5 R 72
5 W 17 63
5 R 27
5 R 153
5 R 104
5 W 76 77
5 R 5
5 R 92
5 W 2 78
5 W 0 30
5 R 4
5 W 76 13
5 W 2 95
5 R 17
5 W 27 76
5 W 56 65
5 R 229
5 R 113
5 C 104
1 S 105
1 W 130 28
1 W 28 57
1 W 207 87
1 R 147
1 R 234
1 R 173
1 R 23
1 W 2 59
1 W 79 92
1 W 192 79
1 R 68
1 W 17 100
1 W 1 79
1 W 233 89
1 R 5
1 W 55 9
1 R 38
1 R 37
1 C 105
3 S 106
3 R 20
3 R 10
3 R 1
3 R 191
3 W 17 45
3 R 83
3 R 14
3 W 9 96
3 R 28
3 W 58 8
3 R 59
3 R 162
3 W 14 24
3 R 21
3 W 16 19
3 W 166 47
3 R 181
3 W 118 86
3 R 76
3 R 169
3 C 106
2 S 107
2 W 174 29
2 W 58 8
2 R 27
2 R 4
2 W 35 77
2 R 214
2 W 229 3
2 R 12
2 R 12
2 W 7 45
2 C 107
4 S 108
4 R 218
4 W 182 72
4 R 1
4 W 91 84
4 W 49 86
4 W 165 44
4 R 10
4 R 42
4 C 108
5 S 109
5 R 237
5 W 10 79
5 R 19
5 W 113 53
5 W 26 56
5 R 28
5 R 31
5 R 34
5 W 148 15
5 W 122 96
5 W 112 46
5 R 198
5 W 194 73
5 W 13 79
5 R 146
5 R 20
5 W 109 26
5 W 69 72
5 W 177 17
5 R 17
5 C 109
2 S 110
2 W 191 12
2 W 2 35
2 R 154
2 R 236
2 W 125 18
2 R 17
2 R 206
2 R 7
2 C 110
1 S 111
1 W 15 33
1 R 26
1 W 133 4
1 R 102
1 W 128 1
1 R 3
1 C 111
3 S 112
3 R 21
3 W 11 52
3 W 8 13
3 R 18
3 W 90 66
3 R 3
3 R 21
3 C 112
0 S 113
0 R 7
0 R 28
0 R 6
0 W 16 14
0 R 12
0 W 4 97
0 W 87 84
0 W 238 31
0 W 40 6
0 C 113
3 S 114
3 R 37
3 R 69
3 W 11 30
3 W 126 2
3 W 23 95
3 W 247 88
3 W 147 72
3 W 4 55
3 W 31 47
3 W 13 3
3 W 39 5
3 W 19 38
3 R 25
3 W 31 28
3 R 240
3 W 26 92
3 R 9
3 W 9 70
3 C 114
4 S 115
4 W 17 66
4 W 92 39
4 R 28
4 R 7
4 R 157
4 W 242 31
4 R 149
4 W 219 53
4 C 115
1 S 116
1 R 24
1 W 30 29
1 W 26 98
1 R 18
1 W 9 86
1 R 15
1 W 2 56
1 W 1 2
1 R 240
1 W 151 13
1 W 77 84
1 R 24
1 W 75 4
1 W 7 4
1 R 95
1 R 34
1 W 219 51
1 C 116
0 S 117
0 R 65
0 R 239
0 R 11
0 R 5
0 R 236
0 R 29
0 R 78
0 W 218 33
0 W 9 56
0 R 6
0 W 235 47
0 W 0 3
0 W 31 80
0 R 85
0 W 147 30
0 R 24
0 W 7 79
0 R 152
0 W 100 9
0 C 117
2 S 118
2 W 92 24
2 W 168 20
2 W 246 91
2 W 116 14
2 R 205
2 R 65
2 C 118
5 S 119
5 R 121
5 W 19 70
5 R 252
5 R 123
5 R 126
5 W 99 17
5 W 18 76
5 W 197 55
5 W 29 57
5 C 119
3 S 120
3 R 26
3 W 31 10
3 W 185 5
3 W 12 79
3 R 19
3 W 0 18
3 W 11 38
3 C 120
0 S 121
0 R 28
0 R 188
0 W 234 4
0 R 138
0 R 9
0 W 212 96
0 W 189 44
0 R 187
0 C 121
2 S 122
2 R 255
2 R 107
2 W 115 38
2 R 26
2 W 12 63
2 R 37
2 W 19 34
2 W 240 11
2 W 0 52
2 W 28 18
2 R 28
2 R 158
2 W 19 90
2 R 244
2 R 232
2 R 16
2 R 96
2 W 20 89
2 R 6
2 C 122
4 S 123
4 W 0 75
4 W 146 61
4 R 47
4 R 125
4 R 189
4 R 71
4 R 2
4 W 1 9
4 R 67
4 W 13 66
4 W 25 64
4 R 197
4 C 123
5 S 124
5 W 10 55
5 R 235
5 W 18 19
5 R 180
5 W 11 93
5 W 199 85
5 R 4
5 C 124
1 S 125
1 R 195
1 R 61
1 R 225
1 W 84 97
1 W 12 31
1 R 3
1 W 175 97
1 R 126
1 W 237 93
1 W 149 33
1 W 57 99
1 R 176
1 R 53
1 R 152
1 R 5
1 W 129 29
1 R 173
1 W 128 93
1 R 230
1 C 125
5 S 126
5 R 17
5 W 0 54
5 W 196 77
5 R 16
5 R 198
5 W 2 91
5 W 199 16
5 W 8 95
5 W 196 25
5 R 245
5 W 131 85
5 R 7
5 R 62
5 C 126
0 S 127
0 W 87 82
0 W 148 1
0 W 176 42
0 R 5
0 W 4 76
0 W 31 58
0 C 127
2 S 128
2 R 7
2 W 5 8
2 W 18 74
2 W 166 94
2 W 111 55
2 W 197 42
2 W 10 72
2 W 4 87
2 R 33
2 R 252
2 W 159 3
2 R 17
2 W 185 20
2 C 128
1 S 129
1 R 2
1 R 60
1 R 15
1 W 110 61
1 R 133
1 W 3 3
1 W 239 27
1 R 42
1 R 138
1 R 173
1 R 134
1 W 61 21
1 W 20 36
1 W 12 48
1 C 129
4 S 130
4 R 28
4 R 13
4 W 29 53
4 R 2
4 R 120
4 W 143 73
4 W 41 68
4 W 207 94
4 R 163
4 R 204
4 R 225
4 W 29 16
4 W 173 22
4 W 73 41
4 W 209 98
4 W 66 34
4 R 116
4 W 197 100
4 C 130
3 S 131
3 W 85 2
3 W 128 85
3 R 90
3 W 109 45
3 W 80 69
3 R 183
3 W 31 48
3 W 171 49
3 R 10
3 R 28
3 R 21
3 R 4
3 R 33
3 R 13
3 R 138
3 W 148 40
3 R 198
3 W 204 8
3 C 131
1 S 132
1 W 180 74
1 R 75
1 R 23
1 R 237
1 W 52 70
1 W 21 75
1 C 132
4 S 133
4 W 3 77
4 W 29 27
4 R 4
4 W 34 65
4 W 8 98
4 W 28 31
4 W 250 32
4 R 1
4 R 101
4 W 134 78
4 W 31 94
4 C 133
2 S 134
2 R 246
2 R 134
2 R 11
2 W 28 65
2 R 28
2 R 249
2 W 23 80
2 W 96 46
2 W 46 8
2 W 134 22
2 W 244 79
2 W 27 7
2 W 132 94
2 R 18
2 R 23
2 W 28 74
2 W 7 38
2 R 21
2 R 87
2 C 134
3 S 135
3 W 191 77
3 W 0 27
3 R 61
3 R 30
3 W 151 100
3 R 10
3 W 31 49
3 R 109
3 W 165 92
3 R 125
3 W 154 53
3 R 100
3 C 135
5 S 136
5 W 28 66
5 R 7
5 R 152
5 W 103 36
5 R 227
5 R 5
5 C 136
0 S 137
0 R 203
0 W 8 29
0 W 31 38
0 R 15
0 W 8 94
0 R 46
0 W 126 32
0 W 89 99
0 R 201
0 C 137
3 S 138
3 W 25 14
3 W 27 23
3 R 10
3 R 135
3 W 10 53
3 W 44 80
3 W 168 13
3 W 7 7
3 R 26
3 W 26 96
3 W 64 76
3 W 204 80
3 R 5
3 R 109
3 C 138
4 S 139
4 W 120 75
4 W 163 19
4 W 27 81
4 W 97 4
4 R 235
4 R 20
4 R 134
4 W 1 49
4 R 40
4 W 118 90
4 R 130
4 C 139
0 S 140
0 W 70 38
0 W 106 45
0 R 16
0 W 40 11
0 R 186
0 R 26
0 R 102
0 W 156 84
0 R 173
0 R 17
0 W 64 50
0 C 140
5 S 141
5 W 1 69
5 W 6 31
5 R 5
5 W 146 6
5 R 242
5 W 23 45
5 R 214
5 C 141
1 S 142
1 R 28
1 R 0
1 W 240 73
1 W 32 38
1 R 33
1 W 30 91
1 R 7
1 C 142
2 S 143
2 W 210 84
2 R 4
2 R 237
2 R 217
2 W 15 33
2 R 239
2 W 24 78
2 R 1
2 R 196
2 W 111 94
2 R 175
2 R 9
2 C 143
1 S 144
1 R 30
1 R 13
1 R 198
1 R 34
1 W 203 33
1 R 32
1 W 31 76
1 R 181
1 W 104 79
1 W 21 39
1 W 191 3
1 W 17 64
1 W 3 78
1 W 211 33
1 R 13
1 R 128
1 W 30 12
1 R 166
1 R 69
1 W 10 43
1 C 144
5 S 145
5 W 198 33
5 R 8
5 W 19 47
5 W 24 83
5 R 123
5 W 10 36
5 R 0
5 R 67
5 C 145
0 S 146
0 W 12 94
0 R 24
0 R 11
0 R 24
0 R 120
0 R 139
0 R 64
0 C 146
3 S 147
3 R 31
3 W 8 74
3 W 24 3
3 W 158 38
3 R 31
3 W 3 23
3 R 28
3 R 252
3 R 22
3 W 120 28
3 R 25
3 W 155 16
3 W 141 4
3 R 21
3 W 16 7
3 W 16 87
3 R 23
3 W 6 88
3 C 147
4 S 148
4 R 13
4 R 226
4 R 23
4 R 170
4 W 13 88
4 R 25
4 C 148
2 S 149
2 R 9
2 R 12
2 W 23 99
2 R 158
2 R 20
2 R 86
2 W 9 67
2 W 3 42
2 W 102 92
2 R 183
2 W 190 50
2 W 232 55
2 R 25
2 R 3
2 W 83 50
2 R 88
2 C 149
1 S 150
1 W 160 89
1 R 28
1 W 31 69
1 R 88
1 R 212
1 W 12 48
1 R 68
1 C 150
4 S 151
4 R 231
4 R 248
4 W 179 85
4 W 70 93
4 R 73
4 R 152
4 R 24
4 W 176 88
4 R 155
4 W 29 33
4 W 202 7
4 W 114 17
4 C 151
2 S 152
2 R 55
2 W 60 48
2 R 9
2 R 9
2 R 203
2 R 83
2 W 153 98
2 W 31 21
2 R 6
2 W 210 0
2 W 245 32
2 W 187 66
2 W 25 87
2 R 134
2 C 152
5 S 153
5 R 17
5 W 188 67
5 W 1 79
5 R 30
5 W 31 53
5 W 192 38
5 R 0
5 R 6
5 R 9
5 R 10
5 R 191
5 W 32 14
5 R 99
5 R 19
5 W 5 72
5 W 19 68
5 R 148
5 R 5
5 C 153
3 S 154
3 R 29
3 W 3 73
3 R 110
3 R 18
3 R 171
3 R 77
3 R 48
3 R 0
3 W 242 69
3 W 70 98
3 W 117 3
3 C 154
0 S 155
0 W 19 74
0 R 150
0 R 246
0 W 31 19
0 W 111 12
0 W 191 56
0 C 155
3 S 156
3 R 42
3 R 19
3 W 64 54
3 R 239
3 R 226
3 W 25 84
3 W 24 85
3 R 159
3 R 25
3 W 128 36
3 R 89
3 R 158
3 W 6 32
3 R 123
3 C 156
1 S 157
1 R 20
1 R 131
1 R 251
1 R 29
1 R 20
1 R 36
1 W 11 24
1 R 233
1 W 14 52
1 R 90
1 R 216
1 C 157
5 S 158
5 R 202
5 R 157
5 R 11
5 R 13
5 W 21 34
5 W 81 96
5 R 63
5 W 180 72
5 C 158
4 S 159
4 R 177
4 R 167
4 W 27 69
4 R 59
4 W 157 32
4 W 180 6
4 W 163 45
4 R 153
4 W 121 59
4 R 77
4 W 12 65
4 R 33
4 R 249
4 W 132 98
4 W 31 92
4 R 5
4 C 159
0 S 160
0 W 11 38
0 W 5 65
0 R 24
0 R 5
0 W 67 1
0 R 13
0 W 28 9
0 W 159 13
0 C 160
2 S 161
2 W 18 21
2 W 16 98
2 R 158
2 W 181 4
2 R 186
2 R 30
2 R 63
2 W 43 51
2 W 101 63
2 R 175
2 R 28
2 R 195
2 W 0 97
2 R 21
2 C 161
5 S 162
5 R 222
5 W 7 93
5 R 148
5 R 84
5 R 224
5 R 25
5 R 164
5 R 179
5 W 11 9
5 R 200
5 R 54
5 W 5 87
5 W 245 60
5 C 162
1 S 163
1 R 30
1 W 2 30
1 R 27
1 W 232 41
1 W 213 73
1 W 11 32
1 W 29 9
1 R 1
1 W 28 56
1 W 246 4
1 R 96
1 W 183 59
1 R 243
1 W 114 64
1 C 163
2 S 164
2 W 96 7
2 W 4 16
2 W 57 69
2 R 184
2 W 151 28
2 R 1
2 W 2 3
2 R 180
2 W 22 30
2 W 8 98
2 W 30 13
2 W 88 65
2 W 29 56
2 W 27 57
2 W 49 62
2 W 188 31
2 W 3 88
2 C 164
4 S 165
4 R 237
4 W 15 76
4 R 149
4 R 49
4 R 204
4 W 102 69
4 W 250 5
4 R 16
4 W 215 0
4 W 9 62
4 W 239 18
4 W 13 98
4 W 12 4
4 W 5 92
4 R 28
4 W 17 21
4 R 15
4 C 165
0 S 166
0 R 186
0 R 67
0 R 253
0 R 25
0 R 21
0 R 5
0 R 15
0 R 217
0 R 24
0 C 166
3 S 167
3 R 7
3 W 99 71
3 R 36
3 R 26
3 R 1
3 R 141
3 W 154 4
3 R 82
3 W 184 83
3 W 108 62
3 R 192
3 R 8
3 W 16 13
3 R 147
3 C 167
3 S 168
3 W 0 28
3 W 6 65
3 W 220 48
3 R 29
3 W 64 48
3 R 174
3 W 218 94
3 W 192 10
3 R 57
3 R 14
3 W 11 41
3 W 203 13
3 R 8
3 R 11
3 W 27 85
3 W 25 95
3 W 17 18
3 W 15 32
3 R 203
3 C 168
2 S 169
2 R 1
2 W 142 25
2 R 15
2 R 8
2 W 101 23
2 W 169 79
2 W 215 38
2 R 112
2 R 103
2 R 70
2 R 97
2 R 76
2 R 180
2 R 113
2 R 199
2 W 239 30
2 W 58 1
2 C 169
4 S 170
4 R 172
4 R 90
4 W 239 34
4 R 12
4 W 19 68
4 W 55 15
4 R 198
4 C 170
0 S 171
0 W 214 57
0 R 25
0 R 40
0 R 56
0 R 239
0 W 5 72
0 W 240 34
0 R 117
0 W 118 23
0 R 15
0 R 174
0 R 131
0 W 21 42
0 W 11 1
0 R 29
0 R 201
0 W 129 96
0 W 130 96
0 R 215
0 C 171
5 S 172
5 W 16 79
5 R 2
5 W 30 43
5 R 6
5 R 16
5 W 13 21
5 W 159 0
5 W 160 10
5 C 172
1 S 173
1 W 171 30
1 W 11 58
1 R 29
1 R 22
1 W 102 75
1 W 138 91
1 R 18
1 W 0 61
1 W 192 9
1 W 220 57
1 W 12 66
1 W 233 6
1 R 194
1 W 156 98
1 R 201
1 R 17
1 R 112
1 R 198
1 C 173
2 S 174
2 R 30
2 R 87
2 R 11
2 R 25
2 W 80 86
2 W 101 42
2 R 184
2 W 195 90
2 R 0
2 W 92 84
2 R 153
2 R 94
2 C 174
1 S 175
1 R 132
1 W 21 50
1 W 128 90
1 W 118 16
1 R 1
1 R 17
1 W 26 93
1 C 175
5 S 176
5 W 89 20
5 W 21 23
5 W 32 41
5 R 24
5 R 115
5 R 5
5 W 36 77
5 R 157
5 R 3
5 R 9
5 R 18
5 R 17
5 R 30
5 W 232 14
5 R 81
5 R 102
5 R 4
5 C 176
3 S 177
3 W 121 66
3 W 8 57
3 W 8 88
3 W 1 4
3 R 233
3 W 25 24
3 W 204 43
3 R 9
3 W 2 62
3 R 173
3 W 229 90
3 W 75 6
3 W 14 85
3 R 95
3 R 234
3 R 82
3 W 24 59
3 W 40 52
3 W 79 91
3 R 5
3 C 177
0 S 178
0 W 170 29
0 R 217
0 W 5 4
0 W 129 69
0 W 56 45
0 W 110 2
0 R 195
0 W 194 77
0 R 63
0 R 19
0 W 18 58
0 R 200
0 W 1 79
0 W 14 60
0 R 91
0 W 9 52
0 R 143
0 W 217 39
0 C 178
4 S 179
4 W 13 33
4 W 60 37
4 W 183 60
4 W 8 85
4 W 15 95
4 W 2 42
4 W 63 72
4 R 250
4 W 164 74
4 R 6
4 R 11
4 C 179
4 S 180
4 R 76
4 W 129 34
4 W 21 13
4 R 1
4 R 20
4 R 29
4 C 180
2 S 181
2 R 69
2 R 66
2 W 30 18
2 R 17
2 R 24
2 R 217
2 R 164
2 W 56 96
2 R 10
2 W 23 68
2 W 102 77
2 R 29
2 W 38 14
2 R 213
2 W 21 56
2 W 3 29
2 R 223
2 W 245 0
2 C 181
5 S 182
5 R 18
5 W 171 7
5 R 6
5 R 29
5 R 65
5 R 6
5 W 174 50
5 W 19 92
5 R 186
5 R 14
5 R 87
5 W 14 96
5 W 199 73
5 R 106
5 R 40
5 W 125 31
5 R 105
5 W 6 5
5 W 0 93
5 W 183 79
5 C 182
1 S 183
1 R 97
1 W 11 73
1 R 52
1 W 8 32
1 W 162 42
1 R 113
1 W 50 18
1 W 204 80
1 R 23
1 W 192 12
1 W 206 75
1 W 251 80
1 W 254 55
1 W 10 36
1 R 90
1 W 226 4
1 R 20
1 R 20
1 C 183
3 S 184
3 R 185
3 R 131
3 W 0 8
3 W 55 51
3 W 204 71
3 R 195
3 R 31
3 R 1
3 R 134
3 R 13
3 W 9 54
3 W 20 40
3 W 150 25
3 W 181 9
3 W 22 46
3 R 30
3 C 184
0 S 185
0 W 17 70
0 W 6 57
0 R 123
0 R 17
0 W 14 45
0 R 101
0 W 10 100
0 R 10
0 R 34
0 W 19 47
0 W 159 40
0 W 84 1
0 W 229 58
0 R 15
0 R 239
0 W 2 43
0 C 185
0 S 186
0 W 23 82
0 R 71
0 R 210
0 W 159 94
0 W 23 82
0 R 174
0 W 41 63
0 R 65
0 W 184 46
0 W 99 30
0 C 186
4 S 187
4 W 157 74
4 R 2
4 R 114
4 W 8 42
4 W 232 94
4 W 16 45
4 R 156
4 W 231 48
4 C 187
3 S 188
3 W 210 16
3 W 238 54
3 W 159 11
3 R 243
3 R 123
3 R 178
3 R 144
3 W 31 18
3 R 204
3 C 188
1 S 189
1 W 129 13
1 R 229
1 W 226 22
1 R 212
1 W 120 54
1 R 19
1 W 11 97
1 R 239
1 R 174
1 C 189
2 S 190
2 W 232 3
2 W 20 35
2 R 187
2 R 206
2 R 13
2 R 229
2 W 12 97
2 R 195
2 R 174
2 W 15 30
2 W 51 15
2 W 41 63
2 R 22
2 W 114 12
2 C 190
5 S 191
5 W 60 12
5 W 10 45
5 W 232 27
5 R 26
5 R 11
5 W 79 43
5 W 3 32
5 R 42
5 R 232
5 R 224
5 W 119 14
5 R 5
5 W 185 27
5 W 128 66
5 W 107 34
5 C 191
3 S 192
3 W 2 62
3 W 89 57
3 W 2 47
3 W 144 34
3 W 59 51
3 R 0
3 W 25 49
3 R 15
3 C 192
4 S 193
4 R 196
4 R 36
4 W 173 64
4 W 0 81
4 R 52
4 R 158
4 W 217 67
4 C 193
1 S 194
1 W 20 59
1 W 9 43
1 R 200
1 R 132
1 R 73
1 W 165 49
1 W 187 69
1 W 215 2
1 R 8
1 C 194
2 S 195
2 R 4
2 R 27
2 W 11 88
2 R 150
2 R 13
2 W 201 66
2 W 69 72
2 W 246 6
2 W 144 44
2 W 18 66
2 R 3
2 W 152 80
2 R 26
2 R 36
2 W 15 28
2 W 23 50
2 C 195
5 S 196
5 W 177 94
5 W 5 55
5 R 37
5 R 87
5 R 170
5 R 92
5 R 9
5 W 15 2
5 W 42 51
5 R 177
5 W 80 59
5 W 4 69
5 R 6
5 C 196
0 S 197
0 W 251 94
0 W 43 22
0 R 223
0 R 20
0 W 2 22
0 R 216
0 W 9 69
0 W 44 32
0 W 31 95
0 C 197
0 S 198
0 W 125 16
0 W 108 80
0 W 48 43
0 W 8 38
0 R 21
0 R 174
0 W 67 75
0 R 61
0 R 9
0 C 198
3 S 199
3 R 69
3 W 153 72
3 W 111 42
3 R 16
3 W 47 13
3 R 17
3 R 69
3 W 134 21
3 R 254
3 R 32
3 R 9
3 W 29 43
3 W 69 96
3 W 129 76
3 R 183
3 R 10
3 R 104
3 R 251
3 R 123
3 C 199
2 S 200
2 R 107
2 W 13 96
2 W 31 57
2 W 244 38
2 R 21
2 W 23 13
2 W 240 95
2 W 58 72
2 R 23
2 W 152 93
2 R 228
2 R 50
2 C 200
1 S 201
1 W 175 9
1 R 75
1 R 12
1 W 122 39
1 R 49
1 R 246
1 R 15
1 W 8 52
1 W 20 100
1 R 67
1 C 201
4 S 202
4 R 63
4 R 11
4 R 41
4 W 54 22
4 W 255 37
4 W 143 70
4 R 23
4 W 245 92
4 R 35
4 W 44 99
4 R 3
4 W 31 21
4 W 50 31
4 W 4 66
4 R 185
4 R 117
4 R 22
4 W 106 47
4 W 152 36
4 C 202
5 S 203
5 W 236 44
5 W 140 77
5 W 92 51
5 R 166
5 W 9 26
5 R 25
5 W 16 94
5 W 60 59
5 W 48 47
5 R 18
5 W 217 100
5 W 22 84
5 R 50
5 C 203
0 S 204
0 R 133
0 W 23 76
0 R 220
0 R 11
0 W 13 89
0 R 16
0 C 204
2 S 205
2 W 148 47
2 W 7 14
2 W 144 7
2 W 8 56
2 R 88
2 R 17
2 R 100
2 R 70
2 R 23
2 R 5
2 W 67 93
2 W 236 31
2 W 8 1
2 R 244
2 W 5 99
2 R 3
2 C 205
3 S 206
3 R 222
3 R 1
3 R 25
3 R 7
3 R 11
3 R 241
3 R 23
3 R 30
3 W 214 11
3 W 3 28
3 R 39
3 W 160 0
3 R 20
3 W 0 98
3 W 179 50
3 R 25
3 C 206
5 S 207
5 R 118
5 W 146 53
5 W 49 70
5 W 138 60
5 W 12 50
5 W 49 79
5 R 126
5 W 30 71
5 R 129
5 R 101
5 W 19 12
5 W 143 27
5 C 207
1 S 208
1 W 14 41
1 R 193
1 W 22 47
1 W 7 71
1 R 6
1 W 26 48
1 W 152 64
1 R 88
1 W 85 59
1 R 14
1 R 8
1 W 23 36
1 W 4 23
1 R 151
1 R 25
1 W 184 6
1 R 77
1 R 200
1 C 208
4 S 209
4 W 144 100
4 W 78 0
4 R 24
4 R 236
4 R 182
4 W 24 23
4 R 208
4 C 209
4 S 210
4 W 46 78
4 R 187
4 R 92
4 R 119
4 W 135 42
4 W 231 81
4 R 4
4 W 21 30
4 R 2
4 W 95 49
4 W 179 99
4 R 27
4 R 150
4 R 48
4 C 210
0 S 211
0 W 134 22
0 W 251 92
0 R 30
0 W 228 89
0 W 184 42
0 W 11 6
0 R 13
0 R 23
0 W 22 86
0 W 12 94
0 W 236 48
0 R 15
0 R 16
0 W 71 31
0 R 85
0 R 23
0 R 2
0 R 175
0 W 98 60
0 C 211
5 S 212
5 R 161
5 R 33
5 W 235 0
5 R 39
5 R 16
5 R 70
5 W 66 65
5 R 18
5 R 2
5 R 13
5 W 23 91
5 W 75 50
5 R 137
5 R 14
5 W 29 17
5 R 14
5 W 208 1
5 R 96
5 W 86 26
5 C 212
1 S 213
1 W 61 88
1 R 8
1 W 217 52
1 W 213 56
1 W 17 20
1 W 215 47
1 C 213
3 S 214
3 R 216
3 R 9
3 W 205 100
3 R 28
3 R 127
3 R 5
3 W 107 45
3 W 107 71
3 W 110 60
3 R 225
3 R 224
3 R 202
3 W 3 60
3 R 197
3 W 165 38
3 R 1
3 W 7 33
3 W 64 68
3 W 112 100
3 W 15 3
3 C 214
2 S 215
2 R 92
2 W 140 34
2 W 27 46
2 R 17
2 W 216 77
2 W 248 42
2 W 29 33
2 R 252
2 W 16 68
2 W 149 35
2 R 23
2 W 90 34
2 R 27
2 C 215
5 S 216
5 R 235
5 W 85 23
5 W 14 48
5 W 13 39
5 W 28 70
5 R 9
5 R 101
5 W 20 15
5 W 248 0
5 W 78 81
5 R 93
5 W 32 63
5 R 121
5 W 25 10
5 W 64 57
5 C 216
4 S 217
4 W 1 70
4 R 86
4 R 20
4 R 2
4 W 14 64
4 W 13 46
4 R 73
4 R 172
4 W 161 38
4 R 29
4 R 58
4 W 24 30
4 W 94 4
4 W 74 17
4 R 22
4 C 217
3 S 218
3 W 213 94
3 R 163
3 R 28
3 R 4
3 W 204 7
3 R 15
3 R 57
3 C 218
2 S 219
2 W 210 2
2 R 178
2 W 240 77
2 R 98
2 R 79
2 R 188
2 R 189
2 R 91
2 R 3
2 R 89
2 W 175 7
2 R 2
2 W 237 97
2 C 219
1 S 220
1 R 8
1 W 238 47
1 W 2 26
1 W 154 47
1 R 17
1 R 12
1 R 134
1 R 75
1 W 17 2
1 W 80 86
1 W 21 36
1 R 8
1 R 2
1 R 15
1 W 118 100
1 R 166
1 R 250
1 W 70 4
1 W 245 85
1 C 220
0 S 221
0 R 74
0 W 62 98
0 W 7 98
0 R 96
0 R 146
0 R 196
0 W 19 22
0 W 68 26
0 W 93 59
0 W 12 48
0 W 24 52
0 R 152
0 W 251 99
0 R 154
0 C 221
1 S 222
1 R 26
1 R 153
1 R 188
1 R 137
1 W 14 10
1 R 166
1 W 43 41
1 C 222
4 S 223
4 R 94
4 R 42
4 W 127 26
4 R 11
4 W 152 91
4 W 207 31
4 R 24
4 R 3
4 W 20 79
4 W 43 31
4 W 207 46
4 C 223
2 S 224
2 W 22 34
2 W 13 81
2 R 23
2 W 11 79
2 R 21
2 W 31 100
2 R 132
2 W 62 33
2 R 123
2 R 14
2 R 114
2 R 2
2 C 224
3 S 225
3 W 1 65
3 W 9 63
3 W 248 87
3 R 252
3 R 21
3 R 188
3 C 225
5 S 226
5 W 23 100
5 R 26
5 W 3 88
5 W 6 24
5 R 1
5 R 50
5 C 226
0 S 227
0 R 5
0 W 12 31
0 W 0 80
0 R 200
0 R 21
0 R 202
0 R 220
0 C 227
4 S 228
4 R 10
4 W 29 7
4 W 24 36
4 R 217
4 R 19
4 R 136
4 R 103
4 W 117 90
4 R 249
4 R 26
4 C 228
5 S 229
5 R 160
5 W 14 67
5 W 64 94
5 W 49 36
5 W 36 93
5 R 184
5 W 123 68
5 C 229
2 S 230
2 W 23 47
2 W 131 31
2 W 40 24
2 W 120 92
2 R 18
2 W 120 95
2 W 29 5
2 W 24 79
2 W 9 31
2 R 156
2 R 51
2 W 57 45
2 R 11
2 W 79 70
2 W 116 85
2 C 230
0 S 231
0 W 15 73
0 R 9
0 R 10
0 R 20
0 R 4
0 R 74
0 R 49
0 C 231
3 S 232
3 W 3 85
3 R 6
3 W 32 41
3 W 81 78
3 W 11 19
3 W 14 74
3 R 88
3 W 210 24
3 R 4
3 R 23
3 W 11 54
3 W 199 63
3 R 234
3 W 115 77
3 R 72
3 R 24
3 W 102 14
3 R 6
3 C 232
1 S 233
1 R 98
1 W 3 66
1 W 25 36
1 W 63 30
1 W 5 48
1 W 99 96
1 W 67 5
1 W 121 13
1 R 71
1 W 5 78
1 W 24 0
1 R 216
1 R 165
1 W 15 74
1 R 26
1 R 101
1 R 11
1 R 17
1 R 144
1 R 89
1 C 233
3 S 234
3 R 18
3 R 114
3 R 220
3 R 14
3 W 21 67
3 W 30 13
3 R 19
3 W 2 88
3 R 1
3 W 203 8
3 W 202 31
3 R 12
3 R 157
3 R 31
3 C 234
1 S 235
1 W 16 76
1 W 2 51
1 W 30 46
1 R 20
1 R 87
1 W 45 14
1 R 151
1 W 247 59
1 R 113
1 R 255
1 W 213 79
1 R 20
1 R 228
1 C 235
5 S 236
5 W 180 87
5 W 67 50
5 W 16 96
5 W 99 82
5 R 2
5 W 99 63
5 W 97 33
5 W 138 86
5 R 171
5 C 236
0 S 237
0 W 36 94
0 W 6 53
0 W 150 90
0 W 217 51
0 W 240 41
0 W 191 48
0 R 15
0 W 226 27
0 W 235 17
0 W 71 21
0 W 149 43
0 W 27 35
0 R 184
0 R 146
0 W 23 56
0 W 22 52
0 W 125 32
0 R 103
0 C 237
2 S 238
2 R 158
2 W 242 16
2 R 12
2 R 5
2 R 0
2 R 29
2 W 219 33
2 W 166 12
2 C 238
4 S 239
4 R 27
4 W 252 51
4 W 180 93
4 W 12 27
4 R 94
4 R 68
4 C 239
4 S 240
4 R 9
4 W 23 44
4 R 193
4 R 46
4 W 119 26
4 W 1 37
4 C 240
0 S 241
0 W 24 3
0 W 17 60
0 W 42 25
0 R 82
0 R 216
0 W 4 79
0 W 23 91
0 R 38
0 W 75 73
0 W 17 31
0 R 50
0 R 71
0 W 225 97
0 C 241
2 S 242
2 R 4
2 W 25 25
2 W 24 5
2 R 68
2 R 2
2 R 40
2 R 102
2 R 11
2 W 120 96
2 R 0
2 R 67
2 R 93
2 R 215
2 C 242
3 S 243
3 R 134
3 R 158
3 R 175
3 W 160 99
3 R 2
3 W 96 49
3 R 7
3 R 15
3 W 211 9
3 C 243
5 S 244
5 R 210
5 W 27 32
5 R 2
5 R 81
5 R 30
5 W 243 17
5 R 108
5 W 82 89
5 R 101
5 R 183
5 R 56
5 W 106 87
5 R 13
5 R 26
5 R 228
5 W 216 49
5 W 184 5
5 R 19
5 R 57
5 R 1
5 C 244
1 S 245
1 R 21
1 W 192 49
1 R 233
1 R 165
1 R 205
1 R 40
1 R 7
1 R 131
1 W 24 94
1 R 2
1 R 47
1 R 82
1 W 16 81
1 C 245
0 S 246
0 R 71
0 W 253 8
0 R 5
0 R 102
0 R 87
0 R 245
0 R 21
0 W 18 63
0 W 0 87
0 R 56
0 R 55
0 R 19
0 R 7
0 R 222
0 W 20 81
0 R 24
0 W 26 8
0 W 39 14
0 W 31 11
0 C 246
2 S 247
2 R 32
2 W 12 24
2 W 158 82
2 R 120
2 R 15
2 R 17
2 R 2
2 W 0 97
2 R 3
2 W 158 62
2 W 17 6
2 C 247
4 S 248
4 W 201 4
4 W 195 76
4 R 6
4 W 147 43
4 W 50 90
4 R 119
4 C 248
5 S 249
5 R 237
5 W 6 3
5 W 254 6
5 W 17 26
5 R 12
5 W 169 18
5 R 31
5 W 175 64
5 W 120 20
5 R 3
5 R 246
5 W 126 7
5 C 249
3 S 250
3 W 24 50
3 W 49 47
3 R 182
3 W 134 43
3 R 22
3 W 80 74
3 R 21
3 W 6 55
3 C 250
1 S 251
1 R 5
1 W 30 38
1 R 238
1 R 2
1 R 173
1 W 1 26
1 R 21
1 C 251
2 S 252
2 R 127
2 R 1
2 W 25 3
2 W 113 24
2 R 26
2 W 83 75
2 W 24 99
2 W 5 96
2 C 252
4 S 253
4 R 145
4 W 199 78
4 W 121 84
4 R 200
4 R 156
4 W 182 55
4 W 252 13
4 C 253
3 S 254
3 W 26 79
3 R 182
3 R 28
3 R 9
3 W 103 84
3 R 118
3 C 254
0 S 255
0 R 31
0 W 102 28
0 W 30 93
0 W 25 51
0 R 74
0 R 199
0 R 18
0 W 33 46
0 W 30 2
0 W 29 96
0 W 19 60
0 R 6
0 R 244
0 W 13 13
0 C 255
1 S 256
1 R 169
1 W 28 35
1 R 30
1 W 0 10
1 R 151
1 R 16
1 W 5 13
1 W 17 66
1 W 110 60
1 R 77
1 R 29
1 R 76
1 R 17
1 C 256
5 S 257
5 W 28 42
5 W 214 68
5 W 255 21
5 W 233 44
5 R 6
5 R 172
5 W 59 88
5 R 80
5 R 132
5 R 22
5 R 9
5 W 12 45
5 C 257
4 S 258
4 W 55 66
4 R 181
4 R 91
4 W 207 37
4 R 215
4 W 8 41
4 R 83
4 R 21
4 C 258
5 S 259
5 W 1 55
5 R 27
5 R 250
5 R 250
5 R 4
5 W 19 91
5 R 22
5 W 22 37
5 W 2 31
5 R 29
5 R 63
5 R 1
5 R 21
5 R 2
5 W 152 12
5 W 133 25
5 R 218
5 W 6 67
5 C 259
0 S 260
0 W 117 95
0 W 5 45
0 W 4 81
0 R 129
0 R 75
0 R 60
0 R 29
0 R 3
0 W 26 96
0 R 129
0 W 123 67
0 R 14
0 W 27 0
0 C 260
3 S 261
3 W 146 59
3 W 21 64
3 R 185
3 R 188
3 R 20
3 R 127
3 R 189
3 W 122 54
3 R 17
3 W 203 5
3 W 244 35
3 C 261
2 S 262
2 R 74
2 W 31 81
2 R 63
2 R 52
2 R 5
2 W 18 47
2 W 21 45
2 R 14
2 R 223
2 C 262
1 S 263
1 W 25 4
1 W 235 94
1 R 174
1 W 115 40
1 W 7 44
1 R 16
1 R 29
1 R 136
1 R 147
1 W 27 0
1 W 160 15
1 W 190 68
1 R 122
1 C 263
2 S 264
2 W 14 58
2 R 3
2 R 11
2 R 23
2 W 148 68
2 R 145
2 R 67
2 R 22
2 R 83
2 C 264
0 S 265
0 W 43 56
0 R 220
0 W 60 70
0 W 8 2
0 W 78 44
0 W 61 49
0 R 23
0 W 10 78
0 W 4 50
0 W 90 40
0 W 5 43
0 R 177
0 W 143 14
0 W 65 84
0 W 146 31
0 R 239
0 W 44 69
0 R 15
0 C 265
5 S 266
5 W 7 24
5 W 26 58
5 R 28
5 R 190
5 R 91
5 W 14 5
5 W 242 36
5 R 124
5 W 25 99
5 R 164
5 R 119
5 W 94 76
5 W 15 75
5 W 23 80
5 R 151
5 C 266
1 S 267
1 R 208
1 R 4
1 R 59
1 R 80
1 R 15
1 R 16
1 R 6
1 W 82 30
1 W 7 36
1 R 28
1 W 11 52
1 R 24
1 R 129
1 W 30 93
1 C 267
4 S 268
4 R 246
4 R 123
4 W 154 46
4 W 62 27
4 W 58 0
4 R 117
4 W 249 45
4 C 268
3 S 269
3 W 26 46
3 W 136 58
3 R 15
3 R 1
3 R 13
3 W 62 73
3 C 269
3 S 270
3 R 78
3 W 3 29
3 R 24
3 W 13 80
3 W 2 47
3 R 20
3 R 20
3 R 85
3 R 200
3 R 168
3 R 5
3 W 12 22
3 R 78
3 W 104 5
3 R 33
3 W 109 10
3 R 38
3 C 270
1 S 271
1 R 16
1 R 150
1 W 39 46
1 W 239 8
1 R 42
1 R 111
1 W 20 88
1 W 184 76
1 R 58
1 W 249 26
1 W 192 82
1 R 12
1 R 246
1 W 213 56
1 W 13 39
1 R 69
1 R 88
1 R 246
1 C 271
0 S 272
0 R 52
0 R 228
0 W 24 62
0 W 29 49
0 R 232
0 R 207
0 W 17 9
0 R 22
0 R 219
0 R 245
0 R 26
0 R 19
0 W 117 65
0 W 8 20
0 C 272
2 S 273
2 R 2
2 R 23
2 R 7
2 W 6 96
2 R 195
2 W 191 94
2 R 14
2 R 87
2 W 58 22
2 R 232
2 C 273
5 S 274
5 W 203 38
5 W 25 49
5 R 173
5 W 13 51
5 R 58
5 W 60 24
5 R 1
5 W 7 92
5 W 207 83
5 W 23 34
5 R 10
5 R 4
5 W 81 40
5 W 19 53
5 W 91 99
5 R 25
5 R 85
5 R 21
5 C 274
4 S 275
4 W 0 31
4 W 31 64
4 W 14 39
4 W 18 71
4 R 0
4 R 227
4 R 70
4 R 216
4 R 6
4 R 7
4 C 275
5 S 276
5 R 212
5 W 235 2
5 R 28
5 W 114 12
5 R 23
5 R 152
5 R 60
5 W 45 6
5 R 135
5 W 81 7
5 W 57 59
5 R 215
5 R 14
5 R 22
5 R 12
5 W 27 17
5 W 149 93
5 W 168 36
5 W 29 66
5 R 186
5 C 276
1 S 277
1 R 70
1 R 193
1 R 8
1 W 36 89
1 R 77
1 W 13 39
1 R 1
1 W 179 42
1 R 21
1 W 49 45
1 W 24 37
1 C 277
3 S 278
3 R 11
3 W 6 51
3 W 7 67
3 R 133
3 W 95 43
3 R 29
3 W 122 45
3 W 199 92
3 R 26
3 R 6
3 W 182 33
3 R 1
3 W 219 35
3 W 189 79
3 W 18 86
3 W 6 56
3 W 190 24
3 C 278
2 S 279
2 R 238
2 R 71
2 R 25
2 R 32
2 R 54
2 R 10
2 W 4 61
2 R 238
2 W 0 37
2 W 11 71
2 R 251
2 R 58
2 R 14
2 W 137 79
2 R 128
2 W 65 65
2 W 76 65
2 R 161
2 W 78 13
2 C 279
4 S 280
4 W 128 24
4 R 242
4 W 139 88
4 W 143 50
4 W 14 85
4 R 155
4 W 10 19
4 R 148
4 W 3 56
4 R 200
4 W 30 52
4 R 246
4 C 280
0 S 281
0 W 192 73
0 W 12 74
0 R 240
0 R 211
0 R 20
0 R 127
0 R 1
0 R 130
0 R 216
0 W 21 13
0 W 178 6
0 W 3 22
0 R 252
0 R 13
0 R 37
0 R 23
0 R 6
0 W 31 75
0 R 110
0 C 281
2 S 282
2 R 23
2 R 21
2 R 25
2 R 24
2 R 253
2 R 30
2 R 20
2 R 5
2 W 82 31
2 W 12 42
2 R 24
2 W 48 86
2 R 141
2 W 226 3
2 W 73 70
2 W 23 50
2 C 282
5 S 283
5 W 132 59
5 R 6
5 W 177 18
5 R 27
5 R 214
5 R 175
5 R 10
5 W 12 16
5 R 169
5 W 220 84
5 W 98 9
5 W 69 65
5 R 38
5 R 82
5 R 15
5 W 125 61
5 C 283
3 S 284
3 R 16
3 W 24 93
3 W 164 44
3 W 38 82
3 R 12
3 R 226
3 W 154 9
3 R 20
3 W 208 27
3 W 0 13
3 R 126
3 C 284
0 S 285
0 W 180 77
0 W 100 81
0 R 181
0 R 232
0 W 1 22
0 W 6 100
0 W 21 72
0 R 2
0 W 224 51
0 R 236
0 R 20
0 W 24 57
0 R 73
0 W 66 81
0 R 27
0 W 215 35
0 C 285
4 S 286
4 W 11 82
4 W 159 88
4 W 2 82
4 W 23 85
4 W 212 58
4 R 149
4 R 17
4 R 208
4 R 123
4 R 123
4 C 286
1 S 287
1 R 97
1 W 110 3
1 W 120 85
1 W 100 35
1 R 8
1 W 34 45
1 W 1 65
1 W 21 39
1 R 217
1 W 29 90
1 R 89
1 W 110 74
1 R 0
1 W 15 34
1 R 248
1 R 9
1 R 239
1 W 22 41
1 C 287
5 S 288
5 W 207 20
5 R 116
5 R 1
5 W 3 30
5 W 27 6
5 R 5
5 R 30
5 W 25 82
5 R 9
5 C 288
1 S 289
1 R 119
1 R 29
1 W 3 6
1 R 25
1 R 29
1 R 152
1 R 24
1 R 10
1 R 187
1 R 22
1 W 102 89
1 W 25 22
1 W 4 46
1 R 19
1 W 15 10
1 C 289
2 S 290
2 R 177
2 R 24
2 R 240
2 R 56
2 R 228
2 R 26
2 W 20 45
2 W 220 45
2 R 0
2 W 26 94
2 R 215
2 C 290
3 S 291
3 R 0
3 W 16 52
3 W 17 76
3 R 178
3 R 155
3 R 113
3 R 53
3 R 112
3 R 236
3 W 124 64
3 W 246 3
3 R 2
3 W 9 56
3 W 1 24
3 W 173 53
3 R 31
3 R 13
3 C 291
4 S 292
4 W 236 51
4 W 192 23
4 W 4 98
4 R 184
4 W 27 33
4 R 177
4 W 82 26
4 R 69
4 W 20 11
4 W 165 42
4 R 2
4 R 243
4 R 30
4 W 7 66
4 R 23
4 C 292
0 S 293
0 W 12 79
0 R 25
0 W 18 11
0 R 99
0 W 189 85
0 W 25 10
0 R 19
0 W 9 7
0 W 28 24
0 R 30
0 R 16
0 W 57 8
0 R 12
0 W 231 52
0 W 165 70
0 R 167
0 W 253 61
0 R 38
0 R 59
0 R 17
0 C 293
1 S 294
1 R 193
1 R 14
1 R 78
1 R 149
1 R 5
1 R 9
1 R 25
1 R 59
1 R 19
1 W 22 38
1 R 14
1 R 5
1 W 209 47
1 C 294
0 S 295
0 W 168 68
0 W 122 20
0 R 0
0 W 11 40
0 R 22
0 W 127 14
0 C 295
4 S 296
4 W 1 94
4 W 14 22
4 R 16
4 W 82 77
4 R 105
4 R 208
4 W 105 44
4 R 139
4 R 159
4 W 237 95
4 W 212 2
4 W 18 63
4 R 60
4 R 2
4 R 23
4 W 29 5
4 R 30
4 C 296
2 S 297
2 W 3 89
2 W 15 31
2 R 63
2 R 110
2 R 125
2 W 21 38
2 R 223
2 W 3 73
2 R 181
2 R 27
2 W 25 36
2 W 47 8
2 R 74
2 R 233
2 R 135
2 R 248
2 C 297
3 S 298
3 R 99
3 W 22 72
3 R 49
3 W 42 96
3 W 28 26
3 R 9
3 C 298
5 S 299
5 W 16 73
5 W 118 82
5 R 21
5 W 40 42
5 R 13
5 W 22 62
5 W 68 45
5 W 22 44
5 W 178 47
5 R 18
5 C 299
5 S 300
5 W 148 27
5 W 19 20
5 W 91 94
5 R 14
5 R 29
5 W 83 37
5 R 7
5 W 15 57
5 R 222
5 R 144
5 R 175
5 W 165 62
5 R 11
5 W 8 76
5 C 300
2 S 301
2 R 9
2 R 39
2 W 226 47
2 W 127 51
2 R 59
2 R 9
2 W 106 13
2 C 301
3 S 302
3 R 52
3 R 1
3 R 182
3 R 31
3 R 127
3 R 16
3 W 26 32
3 W 1 3
3 W 133 5
3 R 15
3 W 198 21
3 R 255
3 R 85
3 R 11
3 C 302
0 S 303
0 W 38 11
0 R 178
0 W 1 46
0 W 52 55
0 W 11 53
0 R 181
0 W 47 33
0 W 60 90
0 R 9
0 W 47 13
0 R 27
0 W 3 83
0 C 303
4 S 304
4 R 15
4 R 2
4 R 189
4 W 103 95
4 R 4
4 W 170 22
4 R 254
4 R 197
4 R 26
4 R 26
4 R 195
4 R 43
4 W 15 99
4 W 21 66
4 R 66
4 W 149 12
4 R 239
4 W 12 70
4 C 304
1 S 305
1 W 0 75
1 W 20 57
1 R 20
1 R 96
1 R 234
1 W 15 93
1 W 132 41
1 R 185
1 R 19
1 R 92
1 R 192
1 R 165
1 R 0
1 R 25
1 R 10
1 W 24 16
1 C 305
1 S 306
1 W 143 67
1 R 4
1 W 200 17
1 R 146
1 W 144 88
1 W 215 99
1 W 11 87
1 R 18
1 W 136 9
1 R 117
1 R 27
1 R 213
1 W 101 46
1 R 58
1 W 27 20
1 C 306
2 S 307
2 W 4 67
2 R 178
2 W 152 97
2 R 193
2 W 162 62
2 R 1
2 R 19
2 W 29 89
2 W 16 61
2 W 100 35
2 W 67 51
2 W 24 90
2 W 171 81
2 R 76
2 W 212 38
2 W 14 0
2 R 73
2 C 307
0 S 308
0 W 25 84
0 W 19 4
0 R 49
0 W 53 11
0 R 145
0 W 174 76
0 W 212 7
0 R 28
0 W 124 79
0 R 78
0 C 308
3 S 309
3 R 84
3 R 91
3 R 165
3 W 106 82
3 W 2 53
3 W 112 70
3 W 97 21
3 R 108
3 R 191
3 R 107
3 C 309
4 S 310
4 R 7
4 R 13
4 W 208 37
4 R 1
4 R 3
4 W 24 80
4 W 1 72
4 C 310
5 S 311
5 R 29
5 R 28
5 W 240 21
5 W 222 72
5 W 151 0
5 W 93 44
5 W 183 52
5 R 119
5 R 76
5 W 14 79
5 W 171 77
5 R 174
5 C 311
5 S 312
5 R 16
5 R 155
5 W 102 77
5 R 85
5 W 31 71
5 R 0
5 W 2 68
5 W 243 100
5 C 312
2 S 313
2 W 31 16
2 W 115 25
2 R 184
2 W 254 44
2 W 83 41
2 R 11
2 W 114 12
2 W 87 4
2 R 182
2 W 166 55
2 R 69
2 R 241
2 C 313
1 S 314
1 W 225 44
1 R 86
1 W 19 58
1 R 30
1 R 140
1 R 251
1 C 314
3 S 315
3 W 30 5
3 W 46 70
3 W 2 37
3 R 254
3 R 23
3 W 107 8
3 W 10 22
3 W 130 86
3 W 207 32
3 R 22
3 W 4 3
3 R 180
3 W 28 4
3 R 28
3 W 176 85
3 W 148 21
3 C 315
0 S 316
0 W 159 58
0 W 20 6
0 R 139
0 R 21
0 R 31
0 R 5
0 R 20
0 W 10 62
0 R 131
0 W 74 77
0 R 83
0 W 7 16
0 W 17 42
0 C 316
4 S 317
4 R 254
4 R 36
4 R 2
4 W 22 37
4 R 40
4 W 180 69
4 W 56 2
4 W 110 56
4 W 21 62
4 R 27
4 R 5
4 W 150 97
4 W 0 78
4 R 74
4 W 195 15
4 R 54
4 W 138 30
4 R 11
4 W 14 50
4 C 317
4 S 318
4 R 17
4 W 141 81
4 R 194
4 W 12 89
4 W 154 99
4 W 17 92
4 W 8 78
4 C 318
5 S 319
5 R 152
5 R 21
5 R 6
5 W 20 88
5 W 80 90
5 R 118
5 W 118 19
5 W 84 15
5 W 20 82
5 W 155 26
5 R 223
5 W 10 85
5 R 46
5 W 7 16
5 R 4
5 R 1
5 C 319
2 S 320
2 R 228
2 R 126
2 W 32 45
2 W 25 86
2 W 21 73
2 R 28
2 W 77 34
2 R 1
2 W 27 50
2 R 4
2 R 29
2 R 239
2 W 4 43
2 W 250 54
2 W 23 63
2 R 117
2 W 176 59
2 C 320
1 S 321
1 W 137 41
1 R 22
1 W 15 45
1 W 99 18
1 W 30 8
1 R 165
1 W 22 16
1 R 30
1 R 3
1 W 84 60
1 C 321
0 S 322
0 W 18 32
0 R 25
0 W 15 65
0 W 17 15
0 R 91
0 R 64
0 W 46 10
0 C 322
3 S 323
3 R 32
3 W 24 20
3 W 191 70
3 W 31 7
3 W 16 4
3 R 62
3 R 169
3 R 107
3 W 151 80
3 R 186
3 W 58 57
3 R 0
3 R 22
3 W 29 70
3 R 11
3 C 323
3 S 324
3 W 4 76
3 R 59
3 W 251 8
3 R 107
3 W 3 33
3 R 227
3 R 28
3 W 57 90
3 W 31 44
3 R 79
3 W 252 59
3 W 31 99
3 W 0 30
3 R 95
3 R 5
3 R 135
3 W 19 24
3 R 10
3 W 33 62
3 C 324
2 S 325
2 W 0 58
2 R 165
2 R 139
2 R 251
2 R 9
2 W 213 27
2 R 88
2 W 32 19
2 C 325
0 S 326
0 R 10
0 R 127
0 R 157
0 W 80 83
0 W 21 14
0 W 227 15
0 W 144 84
0 W 191 94
0 R 19
0 C 326
4 S 327
4 R 163
4 R 19
4 W 179 8
4 W 193 84
4 R 6
4 R 26
4 C 327
5 S 328
5 R 61
5 W 77 72
5 W 239 35
5 W 11 60
5 R 80
5 W 97 21
5 R 23
5 W 24 38
5 R 64
5 R 171
5 W 228 90
5 R 108
5 W 32 54
5 W 11 75
5 W 18 29
5 W 4 83
5 R 29
5 C 328
1 S 329
1 W 125 47
1 R 177
1 W 226 77
1 R 2
1 R 78
1 W 60 24
1 W 9 46
1 W 18 84
1 W 252 4
1 R 34
1 W 28 0
1 R 31
1 R 214
1 W 115 51
1 R 1
1 W 4 77
1 C 329
2 S 330
2 W 30 28
2 R 239
2 R 1
2 R 81
2 W 200 51
2 W 31 34
2 R 146
2 W 16 22
2 R 250
2 W 10 77
2 W 0 36
2 C 330
4 S 331
4 W 189 22
4 W 29 0
4 W 6 52
4 R 127
4 W 19 85
4 R 136
4 R 74
4 W 31 59
4 R 247
4 W 3 13
4 W 17 20
4 R 16
4 C 331
1 S 332
1 R 205
1 W 77 37
1 W 254 45
1 W 24 88
1 R 31
1 W 140 35
1 W 25 28
1 W 131 59
1 R 14
1 R 106
1 W 10 5
1 R 232
1 R 15
1 W 64 40
1 W 146 88
1 W 27 14
1 R 24
1 C 332
5 S 333
5 R 24
5 W 8 89
5 W 16 0
5 R 4
5 R 42
5 R 105
5 W 236 86
5 R 214
5 R 155
5 R 87
5 W 25 94
5 W 121 91
5 W 148 37
5 W 9 43
5 W 46 90
5 C 333
3 S 334
3 W 149 81
3 R 252
3 W 30 86
3 W 20 60
3 W 235 9
3 W 27 16
3 W 26 49
3 W 42 14
3 W 99 62
3 W 116 92
3 R 85
3 W 42 28
3 R 2
3 W 104 100
3 W 172 31
3 R 57
3 W 213 18
3 C 334
0 S 335
0 R 226
0 W 14 3
0 W 18 71
0 R 3
0 W 39 88
0 R 151
0 W 18 38
0 R 45
0 W 230 36
0 R 5
0 W 14 20
0 R 91
0 R 0
0 R 27
0 W 62 2
0 R 174
0 C 335
5 S 336
5 R 101
5 R 16
5 W 120 91
5 R 11
5 W 2 38
5 R 46
5 R 224
5 W 169 16
5 R 241
5 W 9 2
5 C 336
2 S 337
2 R 147
2 R 37
2 R 6
2 R 251
2 W 25 20
2 R 10
2 R 87
2 R 130
2 R 140
2 R 103
2 W 70 15
2 C 337
1 S 338
1 R 14
1 R 111
1 R 206
1 R 36
1 R 7
1 R 49
1 W 153 24
1 R 14
1 R 229
1 W 227 38
1 W 17 27
1 R 20
1 W 8 6
1 W 121 77
1 R 18
1 W 6 83
1 R 96
1 R 101
1 W 242 33
1 C 338
4 S 339
4 R 63
4 W 29 29
4 W 7 39
4 W 38 59
4 W 1 43
4 R 0
4 W 230 63
4 W 32 13
4 W 141 79
4 R 11
4 C 339
0 S 340
0 R 10
0 R 11
0 R 138
0 R 20
0 R 165
0 W 240 88
0 R 89
0 W 75 90
0 R 49
0 W 227 70
0 R 5
0 W 62 72
0 W 8 99
0 R 161
0 R 17
0 C 340
3 S 341
3 W 27 61
3 W 7 88
3 R 20
3 R 20
3 W 5 33
3 W 199 37
3 R 50
3 R 0
3 R 27
3 R 124
3 W 1 0
3 W 13 19
3 R 29
3 R 213
3 C 341
4 S 342
4 W 17 65
4 R 152
4 W 23 70
4 R 179
4 R 16
4 R 33
4 W 12 44
4 W 81 0
4 W 5 53
4 W 87 55
4 W 1 78
4 R 13
4 W 0 76
4 W 213 32
4 W 39 46
4 R 206
4 W 180 70
4 R 69
4 R 29
4 C 342
3 S 343
3 R 140
3 R 71
3 W 167 14
3 W 11 57
3 R 0
3 W 30 14
3 W 225 45
3 R 194
3 R 9
3 W 7 15
3 R 5
3 R 11
3 R 195
3 W 116 11
3 W 83 1
3 R 16
3 R 91
3 R 123
3 W 29 38
3 W 134 14
3 C 343
0 S 344
0 R 163
0 W 227 72
0 W 120 31
0 R 130
0 W 30 35
0 W 11 34
0 W 179 42
0 C 344
1 S 345
1 W 26 17
1 W 15 18
1 R 146
1 R 22
1 R 11
1 W 132 89
1 R 199
1 R 22
1 W 95 92
1 W 106 98
1 C 345
2 S 346
2 W 27 21
2 R 23
2 R 188
2 R 47
2 W 231 38
2 W 73 80
2 R 204
2 C 346
5 S 347
5 W 23 81
5 R 23
5 W 14 64
5 W 26 3
5 R 20
5 W 9 87
5 W 116 89
5 R 126
5 W 13 26
5 W 69 87
5 W 13 32
5 R 0
5 R 20
5 R 240
5 W 14 48
5 R 53
5 R 2
5 W 113 61
5 C 347
