7
0-6 o
3 S 0
3 R 134
3 R 30
3 W 186 93
3 W 185 93
3 R 70
3 W 255 92
3 R 69
3 R 22
3 W 196 80
3 W 26 38
3 R 97
3 W 83 32
3 W 113 95
3 R 14
3 W 254 64
3 W 255 7
3 W 220 8
3 C 0
6 S 1
6 W 23 1
6 W 141 91
6 W 43 36
6 W 51 12
6 R 160
6 R 223
6 W 202 26
6 C 1
2 S 2
2 W 57 26
2 W 147 92
2 W 42 38
2 W 12 49
2 R 44
2 R 9
2 R 27
2 W 25 70
2 R 14
2 R 187
2 W 150 91
2 C 2
0 S 3
0 W 241 56
0 R 6
0 R 176
0 R 48
0 W 220 53
0 R 180
0 C 3
1 S 4
1 R 48
1 R 120
1 R 116
1 R 52
1 R 136
1 W 59 57
1 R 111
1 R 238
1 W 16 19
1 W 17 2
1 C 4
5 S 5
5 W 1 91
5 W 19 69
5 W 29 82
5 R 65
5 R 14
5 R 133
5 W 22 34
5 W 42 82
5 C 5
4 S 6
4 R 119
4 R 28
4 W 27 4
4 W 22 51
4 W 15 32
4 W 240 88
4 W 73 13
4 R 6
4 W 122 36
4 R 254
4 W 25 9
4 W 190 54
4 W 29 75
4 C 6
1 S 7
1 W 18 90
1 W 28 27
1 R 205
1 W 217 83
1 R 86
1 W 119 21
1 R 31
1 R 43
1 R 0
1 R 22
1 R 60
1 R 2
1 R 191
1 W 7 74
1 R 96
1 C 7
4 S 8
4 W 237 41
4 R 20
4 W 16 66
4 R 18
4 W 107 4
4 R 83
4 W 11 0
4 C 8
0 S 9
0 W 21 73
0 W 222 52
0 R 187
0 W 22 68
0 R 119
0 R 9
0 W 161 63
0 R 173
0 W 239 16
0 C 9
3 S 10
3 W 89 39
3 R 127
3 W 128 78
3 W 84 100
3 W 31 49
3 W 56 95
3 R 90
3 R 226
3 R 175
3 W 24 20
3 W 130 82
3 C 10
2 S 11
2 R 171
2 R 16
2 R 201
2 R 4
2 W 22 95
2 R 37
2 R 29
2 W 5 1
2 W 193 68
2 W 228 88
2 R 84
2 R 132
2 C 11
5 S 12
5 W 156 1
5 W 177 71
5 W 18 98
5 W 41 88
5 W 15 87
5 R 68
5 W 1 50
5 R 46
5 W 242 52
5 C 12
6 S 13
6 W 33 87
6 W 213 32
6 R 10
6 W 26 12
6 R 59
6 W 164 32
6 W 13 10
6 W 50 73
6 W 0 42
6 W 21 74
6 W 48 94
6 R 231
6 W 8 96
6 W 21 50
6 W 158 86
6 W 181 50
6 R 8
6 C 13
6 S 14
6 W 28 91
6 R 40
6 W 95 95
6 R 142
6 W 124 24
6 R 184
6 W 237 75
6 W 84 29
6 W 76 54
6 W 190 98
6 R 100
6 W 178 42
6 R 8
6 R 3
6 R 4
6 W 6 59
6 W 171 17
6 R 28
6 W 99 51
6 R 1
6 C 14
2 S 15
2 R 16
2 W 57 78
2 R 25
2 R 91
2 W 57 8
2 W 106 100
2 C 15
5 S 16
5 W 185 74
5 R 79
5 R 26
5 W 28 52
5 R 118
5 R 164
5 W 94 99
5 W 113 72
5 W 249 86
5 R 42
5 C 16
0 S 17
0 R 188
0 W 16 40
0 R 54
0 R 140
0 W 39 28
0 R 22
0 W 22 21
0 R 98
0 W 28 29
0 W 31 19
0 W 32 93
0 W 39 57
0 R 222
0 W 196 42
0 C 17
3 S 18
3 R 23
3 W 251 36
3 R 114
3 R 10
3 R 48
3 W 19 98
3 R 194
3 R 31
3 W 70 2
3 W 138 35
3 W 206 68
3 W 3 98
3 W 155 83
3 W 0 38
3 C 18
1 S 19
1 W 167 87
1 W 29 16
1 W 190 37
1 R 4
1 R 18
1 W 184 71
1 R 9
1 R 21
1 W 174 68
1 R 16
1 W 81 73
1 C 19
4 S 20
4 R 27
4 W 85 25
4 R 223
4 W 121 71
4 R 32
4 R 28
4 W 7 0
4 C 20
4 S 21
4 W 241 78
4 R 5
4 W 28 54
4 W 195 65
4 W 3 9
4 W 86 48
4 R 89
4 R 5
4 R 3
4 W 12 56
4 R 215
4 W 250 10
4 R 188
4 C 21
0 S 22
0 R 31
0 W 27 7
0 R 131
0 W 139 66
0 W 219 71
0 R 31
0 W 131 15
0 W 123 30
0 R 250
0 R 7
0 R 30
0 W 28 80
0 W 30 2
0 W 21 29
0 C 22
6 S 23
6 R 16
6 W 2 88
6 W 46 56
6 W 18 83
6 R 15
6 R 176
6 W 23 16
6 R 89
6 R 17
6 R 21
6 R 137
6 R 27
6 R 159
6 W 86 94
6 W 49 97
6 R 47
6 W 31 9
6 W 14 22
6 R 58
6 C 23
2 S 24
2 R 120
2 W 241 87
2 W 12 45
2 R 25
2 R 42
2 R 241
2 W 156 43
2 R 66
2 R 0
2 R 22
2 W 77 91
2 W 246 45
2 R 12
2 W 25 72
2 W 10 73
2 C 24
5 S 25
5 W 6 56
5 R 40
5 W 100 90
5 W 187 42
5 W 4 51
5 W 89 58
5 W 189 64
5 R 186
5 R 249
5 R 85
5 W 7 77
5 C 25
3 S 26
3 W 15 64
3 R 99
3 W 253 25
3 W 2 32
3 W 78 92
3 W 202 60
3 R 175
3 W 182 33
3 W 233 7
3 R 196
3 W 11 30
3 R 173
3 W 26 4
3 W 161 20
3 W 69 1
3 R 9
3 R 14
3 C 26
1 S 27
1 W 25 22
1 W 63 88
1 R 22
1 R 223
1 R 21
1 W 135 99
1 R 143
1 W 175 2
1 R 245
1 W 21 71
1 R 52
1 R 228
1 W 60 63
1 R 10
1 W 225 24
1 R 155
1 W 181 95
1 C 27
0 S 28
0 W 69 79
0 R 55
0 R 40
0 W 24 49
0 W 89 56
0 R 28
0 C 28
3 S 29
3 R 0
3 R 30
3 W 235 90
3 W 7 19
3 R 39
3 R 207
3 W 52 4
3 R 4
3 W 248 1
3 W 26 46
3 R 2
3 R 250
3 W 81 33
3 W 16 30
3 W 6 12
3 W 20 39
3 C 29
6 S 30
6 R 19
6 W 39 74
6 W 218 79
6 W 71 21
6 W 213 88
6 W 83 91
6 R 4
6 W 118 78
6 C 30
4 S 31
4 W 18 25
4 R 140
4 R 31
4 R 23
4 W 247 74
4 W 0 35
4 R 129
4 R 15
4 R 189
4 W 14 39
4 W 33 96
4 R 16
4 R 238
4 R 1
4 C 31
1 S 32
1 W 76 24
1 W 67 62
1 R 89
1 W 196 77
1 W 189 0
1 W 238 45
1 C 32
5 S 33
5 R 26
5 R 24
5 R 21
5 R 7
5 W 207 23
5 W 134 66
5 W 140 83
5 W 59 73
5 W 137 83
5 R 84
5 R 47
5 R 173
5 R 116
5 W 140 71
5 R 237
5 C 33
2 S 34
2 W 38 48
2 R 213
2 R 84
2 W 156 0
2 W 15 45
2 R 18
2 C 34
5 S 35
5 R 11
5 R 102
5 W 20 8
5 W 244 28
5 W 82 17
5 R 131
5 W 31 3
5 W 13 67
5 R 117
5 C 35
0 S 36
0 R 243
0 R 88
0 W 162 14
0 R 4
0 W 26 68
0 R 17
0 R 37
0 R 18
0 W 0 65
0 W 207 43
0 W 255 6
0 W 31 83
0 W 159 5
0 C 36
2 S 37
2 R 249
2 W 84 29
2 W 25 3
2 W 29 30
2 R 188
2 W 46 37
2 W 12 48
2 R 191
2 W 10 54
2 R 1
2 W 217 2
2 W 245 65
2 W 14 88
2 W 21 58
2 W 31 35
2 R 255
2 R 20
2 R 222
2 W 78 8
2 C 37
4 S 38
4 W 27 16
4 W 114 57
4 W 205 94
4 W 155 89
4 R 7
4 R 107
4 R 18
4 W 173 70
4 R 26
4 W 220 1
4 W 166 25
4 R 9
4 R 179
4 R 25
4 W 119 93
4 C 38
3 S 39
3 W 19 29
3 R 24
3 R 0
3 W 26 14
3 R 8
3 W 245 96
3 W 25 74
3 R 24
3 W 29 83
3 R 13
3 C 39
6 S 40
6 R 188
6 R 29
6 R 0
6 R 77
6 R 0
6 W 72 47
6 R 1
6 R 111
6 C 40
1 S 41
1 W 188 23
1 W 209 45
1 W 133 7
1 W 72 35
1 R 11
1 R 83
1 W 8 77
1 R 15
1 R 15
1 W 235 93
1 R 18
1 R 157
1 W 190 22
1 W 219 65
1 R 167
1 W 1 24
1 C 41
1 S 42
1 R 15
1 W 14 30
1 R 23
1 W 222 40
1 W 29 87
1 R 35
1 C 42
3 S 43
3 R 11
3 R 145
3 W 26 47
3 R 16
3 W 26 87
3 W 24 76
3 R 116
3 W 17 1
3 W 250 94
3 R 250
3 W 7 26
3 R 177
3 R 138
3 C 43
6 S 44
6 W 149 91
6 R 20
6 W 11 23
6 W 20 1
6 R 88
6 R 237
6 R 18
6 R 141
6 C 44
2 S 45
2 R 140
2 R 25
2 R 68
2 W 17 89
2 R 139
2 R 21
2 R 11
2 W 28 95
2 W 26 24
2 R 91
2 R 65
2 W 136 27
2 R 2
2 W 27 19
2 W 21 86
2 W 170 91
2 C 45
0 S 46
0 R 103
0 W 41 9
0 W 24 76
0 W 10 29
0 R 27
0 W 124 61
0 R 6
0 W 3 87
0 W 12 29
0 C 46
5 S 47
5 W 243 23
5 W 83 64
5 W 13 91
5 W 133 17
5 W 5 62
5 W 11 55
5 R 144
5 W 241 53
5 W 3 36
5 C 47
4 S 48
4 W 41 15
4 R 16
4 W 27 71
4 W 24 69
4 W 20 44
4 W 74 11
4 W 19 80
4 W 84 53
4 W 159 74
4 W 135 83
4 C 48
3 S 49
3 W 253 67
3 R 94
3 R 7
3 W 7 36
3 W 24 13
3 R 21
3 R 136
3 R 24
3 R 27
3 R 76
3 R 27
3 R 178
3 R 162
3 R 192
3 R 50
3 W 18 7
3 C 49
0 S 50
0 R 67
0 W 77 23
0 W 187 40
0 W 154 10
0 W 163 59
0 W 10 6
0 C 50
2 S 51
2 R 132
2 W 134 52
2 W 209 14
2 R 43
2 R 3
2 W 16 8
2 W 148 14
2 W 53 100
2 R 216
2 R 49
2 R 197
2 W 219 74
2 R 66
2 C 51
6 S 52
6 R 3
6 W 208 32
6 R 22
6 W 149 48
6 W 219 84
6 W 247 85
6 W 129 4
6 R 2
6 R 41
6 C 52
1 S 53
1 W 23 98
1 W 13 34
1 R 3
1 W 148 10
1 R 220
1 R 108
1 R 210
1 W 219 63
1 R 66
1 W 39 97
1 R 12
1 W 70 46
1 W 25 56
1 W 3 42
1 R 137
1 W 23 9
1 W 94 59
1 W 61 23
1 R 10
1 C 53
5 S 54
5 R 24
5 R 185
5 W 26 25
5 R 89
5 W 236 0
5 R 159
5 R 175
5 W 31 44
5 R 20
5 R 95
5 C 54
4 S 55
4 W 181 62
4 W 14 6
4 R 12
4 W 16 94
4 W 106 90
4 W 17 33
4 W 102 84
4 W 156 87
4 W 54 71
4 W 54 95
4 R 151
4 W 133 45
4 W 229 94
4 W 25 76
4 R 246
4 R 20
4 W 20 17
4 R 18
4 C 55
5 S 56
5 R 156
5 R 87
5 W 28 81
5 R 151
5 W 207 45
5 W 21 76
5 W 20 1
5 C 56
1 S 57
1 R 20
1 W 27 28
1 R 4
1 W 208 15
1 R 43
1 W 183 65
1 R 169
1 W 2 60
1 R 38
1 W 31 3
1 R 13
1 C 57
0 S 58
0 W 34 83
0 W 40 58
0 W 251 64
0 R 22
0 W 125 77
0 W 192 33
0 W 24 27
0 R 212
0 W 11 86
0 W 155 47
0 W 25 28
0 R 127
0 W 52 67
0 R 29
0 C 58
2 S 59
2 R 138
2 W 139 10
2 R 35
2 W 102 30
2 W 186 51
2 R 97
2 R 212
2 R 23
2 W 8 15
2 R 178
2 W 25 80
2 R 155
2 R 6
2 R 18
2 R 75
2 R 8
2 C 59
3 S 60
3 R 28
3 W 11 72
3 R 20
3 W 50 65
3 W 0 27
3 W 86 2
3 W 204 50
3 R 21
3 R 108
3 W 146 47
3 W 213 70
3 C 60
4 S 61
4 W 26 33
4 R 158
4 W 22 81
4 R 16
4 R 25
4 W 112 64
4 W 28 91
4 R 21
4 W 105 98
4 W 4 96
4 R 142
4 W 0 78
4 C 61
6 S 62
6 R 64
6 W 98 85
6 R 217
6 W 242 83
6 W 26 90
6 R 38
6 W 207 73
6 R 9
6 R 50
6 R 243
6 R 172
6 W 1 8
6 W 254 81
6 R 3
6 W 190 19
6 R 194
6 C 62
3 S 63
3 W 16 64
3 W 110 89
3 R 204
3 R 172
3 W 240 46
3 W 98 10
3 W 136 77
3 R 30
3 R 30
3 C 63
0 S 64
0 R 21
0 W 62 99
0 R 181
0 W 103 34
0 W 86 1
0 R 16
0 W 30 95
0 R 12
0 W 15 25
0 R 153
0 W 18 79
0 R 94
0 R 106
0 R 203
0 R 160
0 R 44
0 R 0
0 W 7 22
0 C 64
5 S 65
5 R 18
5 W 12 29
5 W 236 48
5 R 19
5 W 29 87
5 W 195 29
5 W 158 34
5 R 0
5 W 61 4
5 R 241
5 W 163 43
5 W 66 4
5 W 64 86
5 R 5
5 W 5 16
5 R 129
5 R 71
5 C 65
1 S 66
1 R 7
1 W 31 66
1 W 28 31
1 W 27 86
1 R 232
1 W 220 85
1 W 242 58
1 W 3 10
1 R 12
1 R 10
1 R 22
1 R 9
1 R 27
1 W 28 94
1 R 218
1 W 18 60
1 W 2 93
1 C 66
4 S 67
4 W 31 25
4 R 147
4 R 4
4 W 14 38
4 R 34
4 W 22 30
4 R 38
4 W 8 6
4 R 176
4 W 181 71
4 R 35
4 R 167
4 C 67
6 S 68
6 R 5
6 W 6 64
6 W 12 47
6 W 22 15
6 R 8
6 W 29 38
6 W 179 60
6 R 75
6 W 231 23
6 W 255 43
6 R 245
6 R 253
6 R 4
6 R 22
6 W 117 93
6 R 2
6 R 20
6 R 182
6 C 68
2 S 69
2 W 17 60
2 W 31 95
2 W 82 72
2 R 97
2 R 19
2 R 59
2 W 15 44
2 R 107
2 R 15
2 W 128 83
2 W 101 63
2 W 14 93
2 W 30 33
2 R 213
2 R 1
2 R 47
2 W 46 19
2 R 169
2 R 26
2 C 69
4 S 70
4 W 19 28
4 R 209
4 W 92 80
4 R 24
4 W 23 37
4 R 16
4 C 70
1 S 71
1 W 134 57
1 R 24
1 R 62
1 W 194 98
1 W 13 80
1 W 231 23
1 R 175
1 C 71
6 S 72
6 R 66
6 W 26 13
6 W 121 17
6 W 11 100
6 W 135 35
6 W 25 5
6 R 5
6 R 127
6 W 19 87
6 W 234 35
6 R 6
6 W 8 87
6 R 128
6 R 83
6 R 196
6 W 29 98
6 C 72
0 S 73
0 W 121 54
0 R 226
0 R 18
0 W 18 67
0 R 24
0 R 164
0 W 20 99
0 W 20 42
0 W 7 34
0 R 14
0 R 30
0 R 87
0 R 92
0 W 195 91
0 R 22
0 W 75 56
0 R 177
0 W 53 19
0 W 45 16
0 C 73
3 S 74
3 R 159
3 R 0
3 R 111
3 W 139 79
3 R 9
3 W 4 73
3 W 25 5
3 R 154
3 R 21
3 R 171
3 W 29 64
3 W 6 15
3 W 4 67
3 W 90 65
3 W 143 65
3 C 74
5 S 75
5 W 255 78
5 W 73 44
5 R 179
5 R 7
5 W 121 33
5 W 39 53
5 R 142
5 W 209 49
5 W 25 13
5 R 16
5 R 128
5 W 137 31
5 R 139
5 W 11 31
5 R 227
5 W 136 3
5 C 75
2 S 76
2 W 56 67
2 W 18 76
2 R 178
2 R 52
2 W 14 35
2 R 13
2 R 182
2 C 76
3 S 77
3 W 27 70
3 R 151
3 R 231
3 W 17 20
3 R 1
3 W 185 81
3 W 8 64
3 W 17 22
3 W 178 24
3 R 17
3 R 71
3 C 77
4 S 78
4 W 17 43
4 W 65 7
4 W 15 18
4 W 32 33
4 R 231
4 R 4
4 W 79 49
4 R 62
4 R 2
4 R 102
4 W 5 36
4 W 142 69
4 R 20
4 R 135
4 W 86 15
4 R 118
4 R 24
4 R 43
4 W 251 56
4 C 78
5 S 79
5 W 199 59
5 R 125
5 R 210
5 W 123 17
5 R 20
5 R 119
5 W 25 7
5 W 20 29
5 C 79
1 S 80
1 R 59
1 R 3
1 R 26
1 R 64
1 R 16
1 W 185 9
1 W 28 44
1 W 160 75
1 R 61
1 W 17 77
1 R 163
1 R 117
1 C 80
0 S 81
0 W 9 99
0 W 150 83
0 W 12 18
0 R 30
0 W 11 94
0 R 11
0 R 10
0 W 78 85
0 W 171 25
0 R 97
0 W 26 6
0 C 81
6 S 82
6 R 192
6 R 14
6 W 115 48
6 W 14 100
6 W 166 73
6 R 17
6 R 28
6 R 22
6 W 100 31
6 W 116 73
6 R 20
6 W 77 48
6 R 16
6 R 231
6 C 82
2 S 83
2 R 233
2 W 141 23
2 R 193
2 W 94 88
2 R 174
2 R 179
2 W 30 29
2 W 2 89
2 W 237 7
2 W 133 74
2 W 29 0
2 W 31 72
2 R 70
2 W 12 19
2 W 9 17
2 C 83
2 S 84
2 R 6
2 W 15 92
2 R 86
2 W 18 70
2 R 15
2 R 5
2 W 221 52
2 R 26
2 W 27 1
2 C 84
1 S 85
1 R 145
1 W 21 36
1 W 37 23
1 R 199
1 W 224 60
1 R 139
1 R 208
1 W 220 16
1 W 82 77
1 R 65
1 W 142 32
1 R 76
1 W 3 56
1 W 58 71
1 R 253
1 R 240
1 R 209
1 W 23 34
1 C 85
3 S 86
3 R 180
3 R 86
3 R 166
3 W 174 68
3 R 4
3 R 196
3 R 77
3 R 130
3 W 2 26
3 R 110
3 C 86
5 S 87
5 R 15
5 W 7 85
5 W 49 18
5 W 56 9
5 R 29
5 W 74 77
5 R 67
5 R 90
5 C 87
0 S 88
0 W 37 20
0 W 121 25
0 W 17 32
0 W 1 15
0 R 10
0 W 14 35
0 R 96
0 W 14 37
0 R 6
0 W 8 49
0 R 20
0 W 49 12
0 W 30 4
0 W 18 77
0 R 31
0 R 226
0 W 189 24
0 C 88
4 S 89
4 R 95
4 W 170 18
4 R 151
4 W 227 28
4 R 183
4 W 230 70
4 W 83 28
4 R 160
4 W 206 65
4 R 142
4 C 89
6 S 90
6 R 10
6 W 2 58
6 R 15
6 W 27 69
6 W 25 68
6 W 115 69
6 R 0
6 W 27 25
6 C 90
5 S 91
5 W 75 19
5 W 140 42
5 W 5 4
5 R 82
5 W 52 73
5 R 14
5 R 149
5 W 84 56
5 R 16
5 R 13
5 W 179 1
5 W 198 12
5 R 10
5 W 107 69
5 W 67 54
5 W 122 30
5 R 232
5 C 91
2 S 92
2 W 22 32
2 W 199 64
2 R 158
2 R 250
2 R 207
2 W 25 63
2 W 221 6
2 W 106 89
2 W 29 65
2 R 207
2 W 211 15
2 C 92
0 S 93
0 R 14
0 W 31 14
0 W 100 60
0 W 2 65
0 R 242
0 R 1
0 W 204 53
0 W 52 54
0 R 18
0 W 96 23
0 W 71 50
0 W 25 32
0 C 93
6 S 94
6 W 3 39
6 W 17 5
6 W 22 11
6 R 16
6 R 21
6 W 97 56
6 R 210
6 W 113 2
6 R 155
6 R 172
6 R 21
6 W 1 59
6 R 61
6 C 94
1 S 95
1 W 173 80
1 R 63
1 R 142
1 R 125
1 R 241
1 W 3 71
1 W 111 92
1 R 7
1 W 111 35
1 R 22
1 R 4
1 W 15 76
1 W 30 40
1 C 95
3 S 96
3 W 14 28
3 W 154 22
3 W 198 69
3 W 253 55
3 W 232 95
3 R 169
3 W 178 26
3 W 83 66
3 R 202
3 R 31
3 W 0 90
3 R 158
3 W 10 65
3 W 20 7
3 W 31 59
3 W 7 29
3 R 179
3 C 96
4 S 97
4 R 69
4 R 21
4 W 121 8
4 W 50 13
4 R 0
4 R 5
4 R 26
4 R 13
4 C 97
0 S 98
0 R 4
0 R 30
0 W 243 32
0 R 29
0 W 29 54
0 R 241
0 R 26
0 R 8
0 R 17
0 R 193
0 R 22
0 W 8 45
0 R 14
0 C 98
6 S 99
6 W 43 24
6 R 163
6 R 11
6 R 168
6 R 16
6 R 84
6 R 4
6 W 83 88
6 W 13 84
6 W 29 84
6 C 99
4 S 100
4 R 190
4 W 3 50
4 R 84
4 W 8 25
4 R 114
4 W 27 65
4 W 194 90
4 C 100
5 S 101
5 W 141 11
5 R 180
5 W 174 89
5 W 3 94
5 W 13 89
5 W 230 97
5 W 187 89
5 R 15
5 R 31
5 C 101
1 S 102
1 W 19 25
1 W 4 98
1 W 5 8
1 R 86
1 R 97
1 W 29 47
1 W 103 84
1 W 27 88
1 R 174
1 W 168 50
1 R 13
1 W 13 0
1 W 15 12
1 W 141 14
1 C 102
2 S 103
2 R 29
2 R 20
2 W 77 90
2 W 157 61
2 R 24
2 W 154 89
2 W 16 71
2 W 95 94
2 W 220 42
2 W 88 91
2 R 130
2 W 27 56
2 W 4 28
2 W 12 8
2 R 201
2 W 17 35
2 W 85 35
2 W 161 7
2 R 1
2 C 103
3 S 104
3 R 151
3 R 29
3 R 183
3 W 35 10
3 W 5 86
3 W 96 14
3 R 177
3 W 26 88
3 R 136
3 W 15 83
3 R 2
3 R 12
3 W 17 74
3 R 59
3 W 18 34
3 C 104
5 S 105
5 W 23 72
5 W 27 22
5 R 10
5 W 1 31
5 W 14 36
5 R 156
5 R 28
5 W 168 41
5 W 10 0
5 R 22
5 R 15
5 W 10 94
5 R 28
5 R 13
5 R 250
5 C 105
4 S 106
4 W 5 46
4 W 93 91
4 R 226
4 W 125 61
4 R 12
4 W 5 49
4 R 222
4 W 247 5
4 W 29 61
4 R 109
4 R 109
4 R 14
4 R 184
4 R 72
4 R 84
4 R 29
4 W 191 46
4 W 9 19
4 W 99 42
4 C 106
3 S 107
3 R 228
3 W 230 58
3 R 149
3 R 134
3 R 168
3 R 156
3 W 140 92
3 C 107
6 S 108
6 W 26 86
6 R 15
6 W 219 41
6 W 16 14
6 R 114
6 W 242 10
6 C 108
0 S 109
0 W 38 74
0 W 119 10
0 W 28 58
0 W 6 24
0 R 7
0 W 166 22
0 R 19
0 R 20
0 W 138 25
0 R 128
0 W 28 3
0 R 188
0 R 12
0 R 0
0 C 109
2 S 110
2 R 30
2 R 16
2 R 21
2 R 69
2 W 32 48
2 R 20
2 W 180 5
2 W 35 29
2 W 87 42
2 R 59
2 W 170 82
2 C 110
1 S 111
1 R 98
1 R 8
1 W 5 63
1 W 14 60
1 R 32
1 W 158 67
1 R 127
1 R 24
1 W 25 4
1 R 1
1 C 111
0 S 112
0 R 214
0 W 12 3
0 W 31 99
0 R 171
0 W 244 21
0 R 14
0 R 110
0 R 14
0 W 2 85
0 R 2
0 W 217 87
0 R 141
0 C 112
3 S 113
3 R 7
3 R 176
3 W 32 53
3 W 166 5
3 W 201 97
3 R 24
3 W 135 24
3 R 5
3 R 41
3 R 51
3 R 0
3 W 26 24
3 C 113
2 S 114
2 R 30
2 W 248 57
2 R 159
2 R 12
2 R 72
2 W 31 19
2 W 124 45
2 W 86 2
2 W 21 31
2 W 29 68
2 C 114
1 S 115
1 R 20
1 W 18 15
1 R 26
1 R 99
1 R 2
1 R 4
1 W 215 36
1 W 235 76
1 C 115
6 S 116
6 W 55 58
6 W 21 88
6 R 47
6 R 131
6 R 15
6 W 21 16
6 W 229 13
6 R 3
6 R 22
6 W 163 79
6 R 6
6 R 17
6 W 25 34
6 C 116
5 S 117
5 W 3 33
5 R 17
5 R 159
5 W 29 69
5 R 185
5 R 72
5 R 26
5 W 15 3
5 R 8
5 W 113 20
5 R 1
5 C 117
4 S 118
4 R 29
4 R 18
4 R 27
4 R 24
4 R 114
4 R 98
4 W 61 52
4 W 19 93
4 R 23
4 C 118
3 S 119
3 W 133 35
3 R 23
3 R 244
3 W 21 44
3 R 41
3 R 194
3 R 1
3 R 16
3 R 168
3 W 53 23
3 W 18 52
3 W 114 20
3 W 255 55
3 R 153
3 C 119
0 S 120
0 R 4
0 R 23
0 W 178 73
0 W 47 11
0 R 139
0 W 220 35
0 W 51 24
0 W 123 98
0 W 200 45
0 W 184 65
0 W 237 27
0 R 241
0 R 57
0 R 168
0 W 182 59
0 R 17
0 W 8 21
0 R 23
0 W 125 77
0 W 220 71
0 C 120
5 S 121
5 W 8 25
5 R 20
5 R 7
5 W 9 96
5 R 5
5 R 106
5 R 147
5 C 121
4 S 122
4 W 208 75
4 W 75 74
4 W 222 46
4 R 219
4 W 22 65
4 R 129
4 R 183
4 R 132
4 R 1
4 W 67 37
4 W 5 46
4 W 6 53
4 R 28
4 C 122
2 S 123
2 W 113 19
2 W 9 99
2 W 10 42
2 W 123 60
2 R 19
2 W 118 7
2 W 18 95
2 W 4 1
2 R 119
2 R 71
2 R 189
2 R 4
2 W 85 91
2 R 224
2 R 100
2 W 141 76
2 R 154
2 W 15 40
2 W 90 69
2 R 165
2 C 123
1 S 124
1 W 21 9
1 R 15
1 R 226
1 W 74 9
1 W 22 36
1 R 30
1 W 23 5
1 W 23 22
1 R 238
1 W 15 76
1 R 121
1 R 4
1 R 22
1 R 173
1 C 124
6 S 125
6 R 53
6 W 168 3
6 W 41 36
6 W 25 49
6 R 28
6 R 98
6 W 6 16
6 W 8 36
6 R 27
6 W 211 12
6 W 120 87
6 C 125
2 S 126
2 R 90
2 W 108 59
2 W 10 64
2 R 29
2 R 41
2 W 175 97
2 R 103
2 R 31
2 R 27
2 W 10 36
2 W 30 35
2 R 36
2 R 31
2 W 6 51
2 R 198
2 C 126
6 S 127
6 W 14 55
6 W 5 80
6 W 96 47
6 R 166
6 W 15 77
6 R 124
6 R 28
6 R 89
6 R 17
6 W 47 69
6 R 17
6 W 9 89
6 R 28
6 W 26 55
6 C 127
4 S 128
4 R 250
4 W 44 30
4 W 21 34
4 W 43 32
4 R 94
4 W 248 32
4 W 13 28
4 W 193 56
4 R 232
4 R 213
4 W 29 81
4 R 13
4 W 149 24
4 R 255
4 R 57
4 C 128
5 S 129
5 W 4 51
5 W 98 92
5 R 23
5 R 104
5 W 252 22
5 R 28
5 W 16 16
5 C 129
1 S 130
1 R 193
1 W 111 31
1 W 20 19
1 R 246
1 W 28 38
1 W 100 44
1 R 196
1 W 2 38
1 R 106
1 R 25
1 R 20
1 W 214 51
1 W 151 76
1 C 130
0 S 131
0 R 25
0 R 141
0 W 25 85
0 R 10
0 R 21
0 R 18
0 W 18 11
0 R 169
0 R 19
0 W 49 89
0 C 131
3 S 132
3 R 4
3 R 204
3 R 186
3 R 3
3 R 36
3 R 73
3 R 61
3 W 23 45
3 W 198 77
3 W 245 87
3 W 85 4
3 W 16 22
3 R 40
3 C 132
1 S 133
1 W 77 32
1 R 136
1 W 19 34
1 W 159 34
1 R 201
1 W 146 91
1 R 187
1 R 25
1 R 71
1 W 108 99
1 W 113 59
1 W 28 28
1 W 75 32
1 R 251
1 W 145 11
1 R 14
1 R 28
1 W 60 51
1 C 133
5 S 134
5 R 97
5 R 153
5 R 7
5 R 10
5 W 186 18
5 R 17
5 R 123
5 W 1 18
5 W 140 47
5 W 5 52
5 W 31 33
5 R 1
5 W 178 43
5 W 11 8
5 R 69
5 W 17 55
5 R 228
5 W 2 84
5 W 15 76
5 W 4 5
5 C 134
0 S 135
0 W 240 39
0 R 32
0 W 51 55
0 W 235 76
0 W 126 2
0 R 118
0 R 30
0 R 37
0 R 64
0 R 4
0 R 11
0 R 197
0 R 3
0 W 2 72
0 R 217
0 W 25 95
0 R 23
0 R 125
0 W 7 98
0 C 135
4 S 136
4 W 16 99
4 W 151 99
4 W 119 15
4 R 27
4 W 20 37
4 R 15
4 R 22
4 R 13
4 R 77
4 R 188
4 W 71 83
4 R 152
4 W 19 99
4 R 11
4 W 29 67
4 R 24
4 C 136
3 S 137
3 R 246
3 R 0
3 R 39
3 R 134
3 W 28 7
3 R 10
3 W 45 11
3 W 157 31
3 W 10 95
3 W 192 86
3 R 27
3 R 106
3 W 25 82
3 R 154
3 W 12 54
3 W 7 33
3 C 137
6 S 138
6 W 151 17
6 W 127 60
6 R 141
6 W 9 61
6 R 8
6 R 7
6 W 7 8
6 W 155 36
6 R 14
6 W 7 48
6 R 31
6 R 60
6 R 140
6 W 0 96
6 C 138
2 S 139
2 R 22
2 W 129 20
2 W 17 59
2 W 26 5
2 W 15 5
2 R 3
2 C 139
4 S 140
4 W 24 73
4 R 109
4 W 87 42
4 W 23 52
4 W 14 39
4 R 226
4 R 98
4 C 140
2 S 141
2 W 226 49
2 W 204 90
2 W 25 93
2 R 67
2 W 226 76
2 W 249 7
2 R 15
2 W 53 94
2 R 167
2 R 219
2 W 11 81
2 R 252
2 C 141
1 S 142
1 R 20
1 W 45 14
1 R 228
1 R 72
1 R 12
1 R 221
1 R 141
1 W 20 73
1 R 24
1 R 94
1 R 37
1 R 90
1 R 214
1 C 142
3 S 143
3 W 134 53
3 R 24
3 R 109
3 R 14
3 W 250 94
3 W 247 33
3 R 1
3 R 12
3 W 58 24
3 W 97 2
3 R 212
3 R 203
3 R 28
3 C 143
6 S 144
6 W 5 47
6 R 98
6 W 46 44
6 W 58 32
6 R 127
6 R 7
6 W 79 33
6 W 0 8
6 W 178 10
6 C 144
0 S 145
0 R 13
0 W 13 87
0 R 4
0 W 114 47
0 W 69 19
0 W 66 82
0 R 72
0 R 22
0 C 145
5 S 146
5 W 196 64
5 R 203
5 W 13 50
5 W 135 50
5 R 9
5 W 4 15
5 W 88 10
5 W 182 17
5 W 75 61
5 R 247
5 R 232
5 W 226 91
5 R 151
5 C 146
3 S 147
3 W 21 81
3 W 18 62
3 R 25
3 W 28 57
3 R 46
3 R 210
3 W 20 7
3 W 41 14
3 R 9
3 R 24
3 W 202 95
3 R 201
3 W 204 93
3 R 7
3 R 121
3 R 160
3 W 24 40
3 W 61 43
3 W 8 6
3 R 174
3 C 147
6 S 148
6 W 15 80
6 W 29 0
6 W 17 84
6 W 31 92
6 R 13
6 W 148 94
6 W 216 11
6 R 195
6 W 1 32
6 R 93
6 W 30 88
6 W 88 66
6 W 211 11
6 W 208 40
6 R 117
6 W 8 74
6 R 211
6 W 88 19
6 C 148
5 S 149
5 R 79
5 R 2
5 W 190 69
5 R 20
5 R 15
5 R 22
5 R 3
5 W 31 40
5 W 215 28
5 R 91
5 W 23 84
5 R 22
5 R 3
5 W 2 94
5 C 149
2 S 150
2 R 70
2 R 157
2 R 57
2 R 206
2 W 6 48
2 W 10 96
2 W 103 23
2 R 45
2 W 5 58
2 W 2 29
2 W 125 73
2 W 81 93
2 R 9
2 W 238 43
2 W 15 69
2 W 0 90
2 R 26
2 W 11 0
2 W 0 70
2 C 150
0 S 151
0 R 203
0 W 223 98
0 W 2 11
0 R 16
0 R 39
0 R 18
0 R 24
0 R 13
0 W 234 44
0 W 27 38
0 R 30
0 W 83 94
0 R 182
0 R 151
0 W 198 33
0 W 30 18
0 C 151
4 S 152
4 R 226
4 R 18
4 W 114 51
4 W 148 86
4 R 19
4 R 189
4 W 193 16
4 W 6 60
4 R 23
4 R 48
4 W 250 97
4 R 34
4 C 152
1 S 153
1 W 242 31
1 W 2 11
1 R 19
1 W 222 53
1 R 63
1 R 14
1 W 164 95
1 R 120
1 R 161
1 C 153
2 S 154
2 R 205
2 R 224
2 W 31 96
2 R 98
2 R 6
2 W 10 13
2 R 29
2 R 12
2 W 19 19
2 W 56 16
2 R 185
2 W 23 27
2 C 154
0 S 155
0 R 93
0 R 19
0 R 119
0 R 44
0 R 12
0 W 85 48
0 W 162 16
0 W 43 29
0 W 92 44
0 W 26 43
0 C 155
4 S 156
4 W 65 81
4 W 12 79
4 W 228 21
4 W 90 81
4 R 21
4 W 27 47
4 W 222 32
4 R 161
4 R 240
4 W 156 3
4 R 186
4 W 226 68
4 R 229
4 W 174 27
4 R 132
4 R 183
4 W 2 47
4 W 114 47
4 R 2
4 C 156
3 S 157
3 R 32
3 W 209 2
3 W 93 96
3 W 198 63
3 W 88 57
3 R 12
3 R 6
3 R 19
3 R 254
3 R 29
3 R 216
3 W 188 94
3 R 13
3 W 228 94
3 W 3 42
3 R 25
3 W 231 6
3 C 157
1 S 158
1 W 75 82
1 R 97
1 R 31
1 W 249 40
1 W 229 40
1 R 104
1 W 132 43
1 C 158
6 S 159
6 W 84 52
6 R 10
6 W 48 39
6 R 141
6 W 29 40
6 R 23
6 R 204
6 R 15
6 R 7
6 R 107
6 W 92 22
6 W 20 49
6 W 10 14
6 R 26
6 R 20
6 W 124 85
6 R 19
6 W 59 17
6 W 183 34
6 C 159
5 S 160
5 W 24 14
5 W 113 36
5 R 83
5 R 50
5 R 25
5 W 93 90
5 W 216 66
5 W 51 47
5 R 8
5 W 163 45
5 W 253 45
5 W 40 24
5 W 96 23
5 R 132
5 W 6 64
5 W 6 41
5 W 134 55
5 W 30 21
5 C 160
1 S 161
1 R 234
1 R 106
1 R 17
1 R 1
1 W 78 2
1 R 17
1 R 11
1 R 3
1 R 6
1 R 104
1 W 10 60
1 W 38 3
1 W 2 9
1 W 28 96
1 R 1
1 R 11
1 C 161
2 S 162
2 R 54
2 W 181 26
2 R 3
2 R 215
2 W 17 34
2 R 132
2 C 162
5 S 163
5 W 85 35
5 W 31 63
5 R 164
5 W 11 10
5 W 230 97
5 W 1 83
5 R 4
5 W 148 72
5 R 10
5 W 85 31
5 R 70
5 R 63
5 R 24
5 R 13
5 R 246
5 R 38
5 R 112
5 C 163
6 S 164
6 R 1
6 R 35
6 R 12
6 W 152 4
6 R 214
6 W 8 79
6 W 111 14
6 W 213 60
6 C 164
0 S 165
0 R 200
0 R 80
0 R 31
0 R 8
0 R 138
0 W 76 24
0 R 5
0 W 208 91
0 W 15 59
0 W 180 40
0 W 12 61
0 R 125
0 C 165
4 S 166
4 R 25
4 W 190 73
4 W 143 31
4 W 163 74
4 R 31
4 W 192 36
4 W 71 10
4 W 174 23
4 C 166
3 S 167
3 W 11 4
3 W 18 11
3 W 190 98
3 R 158
3 W 2 66
3 R 11
3 W 28 66
3 W 30 22
3 R 6
3 R 81
3 W 14 96
3 W 112 52
3 R 2
3 W 34 17
3 W 230 77
3 W 4 22
3 C 167
3 S 168
3 W 22 48
3 W 7 85
3 R 142
3 R 238
3 W 15 22
3 R 200
3 R 113
3 R 17
3 W 119 42
3 R 12
3 R 27
3 R 19
3 W 19 73
3 R 111
3 W 235 80
3 W 120 5
3 W 117 42
3 W 184 6
3 R 55
3 R 157
3 C 168
2 S 169
2 R 99
2 R 93
2 W 155 41
2 W 19 68
2 R 157
2 W 46 1
2 W 182 23
2 W 94 71
2 R 74
2 W 20 76
2 R 34
2 W 30 7
2 W 7 7
2 R 10
2 W 242 84
2 R 66
2 W 247 76
2 C 169
5 S 170
5 R 142
5 W 111 86
5 R 9
5 R 233
5 W 27 45
5 W 3 28
5 W 103 36
5 W 2 63
5 R 124
5 W 125 25
5 W 195 73
5 R 1
5 R 187
5 W 229 41
5 W 193 49
5 W 243 40
5 W 1 50
5 R 42
5 C 170
4 S 171
4 W 0 7
4 R 21
4 R 90
4 R 27
4 R 227
4 R 100
4 R 34
4 C 171
0 S 172
0 R 0
0 W 156 66
0 W 57 2
0 R 14
0 W 22 31
0 R 23
0 W 83 86
0 W 227 20
0 W 26 41
0 W 78 20
0 W 237 14
0 W 2 88
0 W 30 93
0 W 24 84
0 W 152 84
0 R 88
0 C 172
6 S 173
6 W 38 8
6 W 107 35
6 W 164 100
6 W 253 22
6 R 206
6 R 2
6 R 18
6 R 6
6 W 223 1
6 W 12 86
6 R 156
6 W 175 33
6 C 173
1 S 174
1 W 249 53
1 R 157
1 W 244 67
1 W 30 71
1 W 16 97
1 W 216 17
1 R 157
1 W 4 96
1 R 244
1 R 12
1 R 4
1 W 11 94
1 R 68
1 R 229
1 W 13 5
1 R 70
1 C 174
3 S 175
3 R 229
3 R 126
3 R 83
3 W 135 81
3 R 8
3 W 133 99
3 W 39 39
3 W 21 63
3 W 6 50
3 R 24
3 R 111
3 W 142 0
3 C 175
2 S 176
2 W 153 0
2 R 25
2 R 24
2 R 95
2 R 4
2 R 192
2 W 6 86
2 C 176
1 S 177
1 W 6 83
1 R 23
1 R 211
1 R 87
1 W 208 59
1 W 240 39
1 W 121 0
1 W 8 74
1 R 246
1 W 25 85
1 C 177
6 S 178
6 W 129 68
6 W 240 82
6 W 13 98
6 R 4
6 R 158
6 R 0
6 R 8
6 R 19
6 R 200
6 R 194
6 W 133 14
6 W 69 36
6 W 148 79
6 C 178
4 S 179
4 W 113 96
4 W 85 21
4 R 9
4 W 0 40
4 R 216
4 W 28 33
4 R 6
4 R 65
4 W 191 46
4 R 116
4 C 179
0 S 180
0 R 113
0 W 149 11
0 R 4
0 R 31
0 W 149 40
0 W 25 74
0 C 180
5 S 181
5 W 99 1
5 R 152
5 R 94
5 W 221 69
5 R 63
5 R 115
5 R 129
5 W 7 61
5 W 17 45
5 R 79
5 W 58 50
5 W 89 87
5 R 21
5 W 115 0
5 R 105
5 C 181
5 S 182
5 R 139
5 R 2
5 W 97 57
5 W 22 15
5 W 245 61
5 W 169 6
5 C 182
1 S 183
1 W 122 54
1 W 22 74
1 W 12 50
1 R 2
1 R 178
1 W 1 97
1 W 31 29
1 R 13
1 W 101 68
1 W 18 76
1 W 175 19
1 C 183
6 S 184
6 W 69 78
6 R 93
6 R 11
6 R 124
6 R 139
6 R 223
6 C 184
4 S 185
4 W 243 51
4 R 241
4 R 219
4 W 103 23
4 W 31 48
4 R 10
4 W 18 39
4 W 13 13
4 W 25 52
4 R 178
4 W 177 42
4 R 165
4 W 29 69
4 W 30 29
4 R 225
4 R 148
4 R 51
4 C 185
2 S 186
2 R 31
2 R 198
2 R 76
2 R 240
2 R 198
2 R 49
2 R 205
2 R 6
2 C 186
3 S 187
3 R 207
3 W 16 14
3 W 28 23
3 W 135 84
3 R 9
3 W 44 90
3 W 221 36
3 W 205 8
3 W 14 16
3 W 24 64
3 W 20 34
3 R 12
3 C 187
0 S 188
0 W 122 7
0 R 116
0 R 23
0 R 166
0 W 66 47
0 W 227 81
0 W 8 23
0 R 252
0 R 103
0 W 10 56
0 R 93
0 R 47
0 R 19
0 R 150
0 R 31
0 W 107 47
0 W 157 85
0 R 149
0 R 4
0 W 13 84
0 C 188
4 S 189
4 W 66 64
4 R 29
4 R 221
4 W 125 36
4 W 27 1
4 W 12 36
4 W 22 22
4 W 118 40
4 C 189
0 S 190
0 R 83
0 R 15
0 W 23 39
0 R 5
0 W 11 7
0 W 31 7
0 R 133
0 R 13
0 W 25 88
0 R 4
0 R 31
0 W 180 19
0 W 10 35
0 W 11 90
0 W 46 60
0 R 156
0 W 3 2
0 R 157
0 C 190
5 S 191
5 W 1 78
5 W 25 83
5 W 105 60
5 R 110
5 W 99 1
5 W 110 77
5 W 252 9
5 W 6 74
5 C 191
3 S 192
3 W 80 72
3 R 25
3 W 8 49
3 W 1 21
3 W 31 60
3 W 38 47
3 R 217
3 R 96
3 R 73
3 W 44 49
3 W 26 4
3 C 192
1 S 193
1 R 27
1 W 25 75
1 R 69
1 W 11 83
1 W 208 72
1 W 29 94
1 C 193
6 S 194
6 R 239
6 R 30
6 W 208 30
6 R 152
6 W 77 55
6 W 58 38
6 R 70
6 W 21 64
6 R 10
6 W 13 23
6 C 194
2 S 195
2 W 60 85
2 W 97 94
2 W 236 46
2 W 255 24
2 R 15
2 R 238
2 R 10
2 C 195
1 S 196
1 R 234
1 R 24
1 W 187 46
1 W 112 86
1 R 53
1 R 33
1 W 137 66
1 W 28 23
1 W 16 11
1 W 23 58
1 R 14
1 R 68
1 W 105 56
1 R 209
1 R 131
1 W 18 31
1 R 152
1 W 247 20
1 W 29 97
1 C 196
4 S 197
4 W 254 3
4 R 116
4 R 4
4 R 168
4 W 154 53
4 R 161
4 W 126 45
4 R 194
4 W 28 75
4 R 9
4 W 5 14
4 R 20
4 R 30
4 W 47 51
4 R 23
4 W 16 90
4 W 151 82
4 R 120
4 W 20 52
4 R 102
4 C 197
6 S 198
6 R 233
6 R 7
6 R 27
6 R 207
6 W 7 83
6 R 237
6 R 21
6 W 203 29
6 W 7 64
6 W 19 87
6 R 27
6 W 7 30
6 R 9
6 C 198
5 S 199
5 W 39 85
5 R 192
5 W 11 21
5 R 51
5 R 3
5 W 154 27
5 R 80
5 C 199
0 S 200
0 R 31
0 W 79 84
0 W 26 18
0 R 0
0 W 235 29
0 R 252
0 R 220
0 W 159 63
0 W 33 0
0 R 19
0 R 109
0 R 33
0 W 157 51
0 W 77 41
0 R 255
0 C 200
3 S 201
3 R 232
3 W 158 4
3 W 197 48
3 W 5 92
3 R 157
3 W 153 12
3 R 86
3 W 9 95
3 R 118
3 W 55 54
3 W 115 61
3 R 215
3 R 255
3 R 3
3 R 188
3 R 242
3 C 201
2 S 202
2 W 22 50
2 R 21
2 R 252
2 R 9
2 W 12 89
2 R 186
2 R 31
2 C 202
1 S 203
1 R 2
1 R 178
1 R 162
1 R 30
1 W 60 21
1 W 23 31
1 R 6
1 R 37
1 W 40 32
1 R 16
1 R 254
1 R 6
1 W 3 25
1 C 203
2 S 204
2 R 26
2 R 19
2 W 18 34
2 W 184 89
2 R 133
2 R 202
2 W 30 39
2 W 40 5
2 W 31 63
2 R 206
2 W 127 54
2 W 168 19
2 W 93 57
2 W 163 22
2 W 201 46
2 W 200 78
2 C 204
3 S 205
3 R 12
3 W 217 36
3 W 16 5
3 W 119 0
3 W 241 39
3 R 187
3 R 250
3 W 10 69
3 W 210 84
3 W 229 77
3 R 17
3 R 207
3 R 166
3 W 230 20
3 R 13
3 R 201
3 R 10
3 W 1 64
3 C 205
0 S 206
0 R 30
0 W 100 35
0 R 22
0 R 112
0 R 22
0 R 187
0 R 40
0 W 2 96
0 W 80 90
0 W 13 96
0 W 10 53
0 W 130 73
0 W 20 60
0 W 198 52
0 C 206
6 S 207
6 W 10 79
6 R 43
6 W 194 56
6 R 25
6 R 221
6 R 180
6 R 244
6 W 61 48
6 W 20 42
6 R 197
6 R 228
6 W 29 81
6 W 55 23
6 W 111 4
6 W 28 53
6 R 145
6 R 33
6 W 218 90
6 R 22
6 W 231 71
6 C 207
5 S 208
5 R 26
5 W 11 64
5 R 183
5 W 26 18
5 R 58
5 R 21
5 W 5 27
5 R 143
5 W 32 14
5 W 225 10
5 R 31
5 W 38 27
5 R 1
5 R 26
5 R 143
5 R 2
5 R 167
5 C 208
4 S 209
4 R 135
4 W 150 49
4 R 11
4 W 185 27
4 R 73
4 W 4 1
4 C 209
6 S 210
6 W 119 6
6 W 145 85
6 R 12
6 W 113 55
6 W 3 43
6 W 78 57
6 R 0
6 R 29
6 W 255 72
6 W 80 48
6 W 0 10
6 R 28
6 W 147 84
6 W 133 87
6 C 210
2 S 211
2 R 133
2 R 42
2 W 251 62
2 W 187 34
2 W 189 3
2 R 180
2 R 79
2 R 22
2 R 7
2 R 15
2 W 51 10
2 R 8
2 C 211
4 S 212
4 W 28 68
4 R 231
4 W 173 45
4 W 16 27
4 W 105 92
4 W 152 35
4 W 224 54
4 W 197 75
4 W 110 87
4 R 247
4 W 184 45
4 W 247 63
4 R 3
4 R 39
4 W 50 51
4 C 212
0 S 213
0 W 35 71
0 R 121
0 R 237
0 R 4
0 W 234 100
0 R 29
0 R 173
0 R 5
0 R 18
0 R 10
0 R 139
0 W 65 36
0 C 213
5 S 214
5 W 111 67
5 R 172
5 R 5
5 R 4
5 R 25
5 R 4
5 R 25
5 R 17
5 W 30 76
5 R 152
5 R 26
5 R 101
5 R 2
5 R 120
5 W 4 100
5 R 50
5 C 214
3 S 215
3 R 158
3 R 9
3 W 18 7
3 R 19
3 W 26 61
3 W 102 75
3 W 50 66
3 W 20 9
3 R 14
3 R 199
3 R 2
3 W 225 32
3 W 7 39
3 R 107
3 R 225
3 W 20 10
3 W 78 95
3 R 193
3 W 6 13
3 W 13 25
3 C 215
1 S 216
1 R 154
1 W 137 78
1 R 119
1 R 47
1 R 164
1 R 184
1 C 216
3 S 217
3 R 10
3 R 91
3 W 3 30
3 W 19 6
3 R 24
3 W 247 90
3 W 1 34
3 R 248
3 R 9
3 R 54
3 W 31 46
3 W 31 51
3 R 14
3 R 217
3 W 205 84
3 R 221
3 C 217
4 S 218
4 W 11 42
4 W 29 78
4 R 106
4 W 156 41
4 W 201 40
4 W 153 24
4 R 42
4 C 218
5 S 219
5 W 244 25
5 R 3
5 R 35
5 R 236
5 W 74 41
5 R 179
5 W 11 80
5 W 227 45
5 R 175
5 R 255
5 W 230 68
5 R 185
5 R 20
5 R 4
5 W 1 25
5 R 8
5 W 255 59
5 R 3
5 W 54 72
5 R 162
5 C 219
6 S 220
6 R 245
6 W 27 92
6 R 119
6 W 246 81
6 R 170
6 R 16
6 C 220
1 S 221
1 R 6
1 W 30 6
1 R 109
1 R 127
1 R 109
1 W 182 66
1 W 151 27
1 R 201
1 R 213
1 W 23 16
1 W 205 7
1 C 221
2 S 222
2 W 2 10
2 W 11 92
2 W 6 96
2 R 115
2 R 6
2 W 240 89
2 R 22
2 W 213 72
2 W 220 44
2 C 222
0 S 223
0 R 145
0 W 30 41
0 R 164
0 W 5 34
0 W 50 6
0 W 14 19
0 W 249 76
0 R 102
0 W 18 85
0 W 9 13
0 W 21 72
0 R 0
0 R 29
0 R 101
0 R 8
0 W 171 100
0 C 223
1 S 224
1 R 21
1 R 92
1 R 9
1 W 43 46
1 R 51
1 R 24
1 W 254 69
1 R 25
1 C 224
4 S 225
4 R 0
4 W 12 7
4 W 5 77
4 R 255
4 W 204 20
4 R 23
4 W 113 25
4 R 157
4 W 77 19
4 R 237
4 R 26
4 R 8
4 C 225
2 S 226
2 W 129 38
2 W 127 87
2 R 81
2 R 165
2 R 58
2 R 139
2 R 37
2 R 18
2 W 18 36
2 W 192 63
2 W 254 19
2 W 23 15
2 R 238
2 W 14 30
2 R 181
2 W 246 56
2 W 99 67
2 R 9
2 R 31
2 R 12
2 C 226
6 S 227
6 R 88
6 R 91
6 R 9
6 W 90 76
6 R 16
6 W 8 69
6 W 172 21
6 R 27
6 W 200 6
6 R 204
6 R 95
6 R 138
6 R 245
6 R 223
6 W 64 21
6 W 20 55
6 W 200 68
6 R 203
6 W 110 25
6 W 109 91
6 C 227
5 S 228
5 W 212 60
5 W 14 78
5 R 192
5 W 128 48
5 R 147
5 R 9
5 W 98 66
5 R 125
5 W 120 50
5 R 26
5 R 190
5 W 182 94
5 W 30 70
5 W 246 34
5 W 199 28
5 W 41 33
5 W 6 70
5 R 12
5 R 233
5 W 7 40
5 C 228
3 S 229
3 W 77 23
3 W 19 81
3 R 191
3 R 12
3 R 19
3 R 59
3 W 73 5
3 W 165 65
3 W 23 58
3 W 163 38
3 W 21 36
3 R 40
3 W 163 24
3 C 229
0 S 230
0 R 155
0 W 204 77
0 W 3 63
0 R 247
0 W 149 74
0 W 233 6
0 W 119 48
0 R 156
0 C 230
6 S 231
6 W 171 95
6 W 30 24
6 W 219 75
6 R 59
6 R 22
6 W 69 72
6 R 20
6 W 6 86
6 R 30
6 W 117 54
6 R 196
6 W 6 8
6 R 30
6 W 146 96
6 W 16 5
6 W 247 33
6 R 27
6 R 206
6 R 42
6 R 197
6 C 231
2 S 232
2 W 6 40
2 W 31 54
2 W 125 80
2 W 94 42
2 R 218
2 R 22
2 W 173 56
2 R 136
2 R 144
2 R 23
2 R 124
2 W 26 99
2 R 80
2 W 48 69
2 W 14 81
2 W 12 83
2 R 18
2 C 232
1 S 233
1 R 8
1 R 18
1 W 53 86
1 W 255 31
1 R 22
1 W 27 83
1 R 149
1 C 233
3 S 234
3 W 23 44
3 R 49
3 W 105 71
3 R 23
3 W 182 0
3 R 182
3 R 18
3 R 33
3 R 11
3 W 98 90
3 W 6 64
3 W 149 0
3 C 234
0 S 235
0 R 162
0 W 10 23
0 W 245 77
0 R 254
0 R 0
0 W 44 69
0 W 247 2
0 C 235
4 S 236
4 R 8
4 W 113 43
4 R 1
4 W 153 77
4 W 22 93
4 R 246
4 R 30
4 R 61
4 R 28
4 R 98
4 R 125
4 R 90
4 W 21 69
4 W 26 69
4 R 141
4 C 236
5 S 237
5 R 249
5 R 166
5 R 80
5 W 227 85
5 R 220
5 W 53 73
5 R 57
5 R 118
5 R 135
5 R 95
5 R 152
5 R 132
5 W 62 24
5 W 60 1
5 R 185
5 W 18 33
5 W 146 58
5 R 206
5 W 33 18
5 C 237
0 S 238
0 W 8 99
0 W 10 19
0 W 1 12
0 R 248
0 R 101
0 R 202
0 C 238
3 S 239
3 R 3
3 R 26
3 R 5
3 R 27
3 W 18 10
3 R 141
3 W 218 10
3 R 2
3 R 105
3 W 247 0
3 R 237
3 R 173
3 C 239
2 S 240
2 R 20
2 R 216
2 W 15 17
2 R 2
2 W 7 48
2 W 97 39
2 W 15 0
2 R 207
2 R 54
2 R 140
2 W 22 20
2 R 16
2 W 29 100
2 W 239 48
2 R 26
2 R 17
2 C 240
6 S 241
6 R 22
6 R 5
6 W 220 2
6 R 218
6 R 8
6 R 81
6 W 221 100
6 W 213 29
6 R 64
6 R 44
6 R 203
6 R 8
6 R 24
6 W 64 86
6 W 0 48
6 W 26 33
6 R 23
6 W 248 19
6 W 243 53
6 W 6 73
6 C 241
4 S 242
4 W 203 20
4 R 213
4 W 0 85
4 R 25
4 R 28
4 W 21 9
4 W 89 23
4 R 19
4 W 235 94
4 R 228
4 R 168
4 W 97 73
4 R 31
4 W 31 36
4 R 30
4 W 63 89
4 R 225
4 W 89 77
4 R 89
4 C 242
5 S 243
5 R 2
5 R 97
5 W 191 0
5 W 99 47
5 R 8
5 W 160 23
5 C 243
1 S 244
1 R 170
1 W 131 41
1 W 10 9
1 R 171
1 R 34
1 R 218
1 R 225
1 W 4 60
1 W 226 82
1 R 19
1 R 67
1 R 48
1 R 168
1 R 247
1 R 97
1 C 244
0 S 245
0 W 9 24
0 W 22 11
0 W 25 42
0 W 49 40
0 W 189 69
0 W 88 38
0 W 92 4
0 R 60
0 W 180 9
0 W 236 7
0 W 28 47
0 W 31 97
0 R 169
0 R 5
0 W 222 11
0 R 141
0 R 26
0 C 245
1 S 246
1 W 67 85
1 W 235 93
1 R 28
1 R 63
1 R 11
1 W 180 61
1 W 28 86
1 R 6
1 R 13
1 R 158
1 R 208
1 R 69
1 W 29 57
1 W 21 37
1 W 19 46
1 R 0
1 R 76
1 R 207
1 R 184
1 C 246
6 S 247
6 R 8
6 R 75
6 R 53
6 W 1 78
6 W 153 43
6 W 4 74
6 W 177 61
6 W 22 35
6 R 52
6 C 247
5 S 248
5 W 209 39
5 R 229
5 W 150 54
5 R 27
5 R 10
5 W 161 79
5 R 138
5 W 30 58
5 W 224 17
5 W 25 22
5 R 32
5 R 20
5 C 248
3 S 249
3 R 22
3 R 45
3 R 88
3 R 171
3 R 134
3 W 156 49
3 W 17 81
3 R 202
3 W 11 80
3 W 162 6
3 W 152 12
3 W 24 31
3 R 250
3 R 244
3 R 222
3 W 218 38
3 W 41 1
3 R 66
3 W 0 91
3 W 168 53
3 C 249
4 S 250
4 R 137
4 W 7 10
4 W 6 5
4 W 2 8
4 R 230
4 R 36
4 W 50 16
4 W 15 66
4 R 90
4 R 18
4 W 170 74
4 R 75
4 R 224
4 R 5
4 C 250
2 S 251
2 R 56
2 W 68 54
2 W 210 92
2 W 196 69
2 R 7
2 W 235 46
2 W 241 64
2 R 211
2 C 251
6 S 252
6 R 70
6 R 8
6 R 60
6 W 26 100
6 W 131 49
6 R 19
6 R 3
6 W 44 5
6 R 85
6 W 171 14
6 W 81 59
6 C 252
1 S 253
1 W 31 58
1 R 22
1 R 213
1 R 45
1 R 2
1 R 83
1 W 9 74
1 C 253
2 S 254
2 W 106 5
2 R 60
2 W 10 14
2 W 43 48
2 R 14
2 R 16
2 R 230
2 R 26
2 R 242
2 W 0 37
2 R 13
2 R 86
2 W 39 2
2 R 1
2 R 37
2 R 192
2 R 8
2 W 139 83
2 C 254
3 S 255
3 R 21
3 R 110
3 R 2
3 R 19
3 W 92 9
3 W 56 56
3 C 255
4 S 256
4 R 198
4 R 158
4 W 233 38
4 R 206
4 W 120 68
4 R 14
4 R 53
4 R 112
4 R 58
4 R 21
4 R 61
4 W 5 100
4 W 66 3
4 W 11 65
4 R 110
4 W 12 0
4 W 14 68
4 W 9 23
4 C 256
0 S 257
0 R 10
0 W 43 67
0 R 30
0 R 131
0 R 157
0 R 9
0 R 42
0 W 101 99
0 R 9
0 W 3 93
0 R 18
0 C 257
5 S 258
5 R 153
5 W 12 85
5 R 80
5 W 10 36
5 R 123
5 W 30 16
5 R 219
5 R 198
5 R 151
5 C 258
5 S 259
5 R 3
5 R 253
5 R 30
5 W 184 6
5 W 243 45
5 W 86 76
5 R 59
5 R 17
5 C 259
1 S 260
1 R 0
1 W 130 34
1 W 106 7
1 W 193 43
1 R 240
1 W 14 58
1 W 118 39
1 R 6
1 R 37
1 C 260
0 S 261
0 R 98
0 R 23
0 R 218
0 W 134 76
0 W 190 69
0 R 29
0 R 13
0 W 7 22
0 R 17
0 R 0
0 R 172
0 W 95 49
0 R 151
0 R 203
0 R 51
0 W 255 17
0 W 186 25
0 R 105
0 W 17 19
0 C 261
4 S 262
4 R 14
4 W 58 75
4 R 137
4 W 131 75
4 W 144 94
4 W 29 13
4 R 18
4 R 29
4 R 40
4 C 262
6 S 263
6 W 5 70
6 R 31
6 R 101
6 W 237 49
6 W 14 14
6 R 16
6 R 2
6 R 124
6 C 263
2 S 264
2 W 29 100
2 W 209 44
2 W 7 73
2 W 159 97
2 W 22 26
2 R 131
2 W 18 4
2 R 15
2 R 158
2 R 29
2 W 167 42
2 W 40 9
2 R 7
2 W 4 65
2 W 114 64
2 W 190 74
2 R 27
2 R 5
2 R 1
2 W 7 27
2 C 264
3 S 265
3 R 163
3 W 127 61
3 W 229 4
3 W 182 2
3 R 115
3 R 8
3 R 26
3 W 21 24
3 C 265
1 S 266
1 R 27
1 W 5 25
1 R 0
1 W 24 52
1 W 104 8
1 W 207 50
1 W 222 68
1 W 17 63
1 R 25
1 W 174 62
1 R 8
1 R 67
1 R 3
1 W 17 60
1 R 164
1 W 111 98
1 R 147
1 W 7 25
1 W 157 44
1 C 266
5 S 267
5 R 159
5 W 31 16
5 W 4 40
5 W 22 89
5 R 24
5 W 29 75
5 W 3 68
5 W 138 95
5 R 136
5 R 128
5 R 236
5 R 70
5 W 43 34
5 R 94
5 C 267
0 S 268
0 W 78 22
0 W 22 16
0 W 174 84
0 W 10 67
0 R 185
0 W 108 75
0 W 42 26
0 R 251
0 R 11
0 W 122 66
0 W 1 39
0 R 3
0 W 23 97
0 W 17 63
0 R 26
0 R 95
0 C 268
4 S 269
4 R 49
4 R 194
4 W 21 51
4 W 91 96
4 R 26
4 W 27 46
4 W 251 59
4 W 53 25
4 W 24 98
4 R 28
4 W 127 27
4 R 97
4 R 201
4 R 113
4 C 269
3 S 270
3 W 65 93
3 W 244 90
3 W 78 100
3 R 20
3 R 159
3 R 0
3 W 67 42
3 R 30
3 R 77
3 R 13
3 R 76
3 W 234 91
3 W 15 38
3 R 102
3 W 35 28
3 W 28 62
3 R 28
3 W 152 91
3 W 141 89
3 C 270
2 S 271
2 R 83
2 R 43
2 W 79 6
2 R 130
2 R 184
2 W 9 47
2 R 96
2 R 6
2 R 108
2 R 20
2 R 244
2 W 54 78
2 W 57 2
2 R 29
2 W 131 39
2 R 26
2 C 271
6 S 272
6 R 116
6 R 207
6 R 181
6 W 216 85
6 W 24 56
6 R 116
6 W 200 42
6 R 31
6 W 9 22
6 W 120 82
6 R 30
6 W 4 66
6 W 2 28
6 R 19
6 W 80 26
6 R 28
6 C 272
0 S 273
0 W 152 0
0 R 10
0 W 23 94
0 W 16 63
0 W 63 98
0 R 60
0 W 16 2
0 C 273
3 S 274
3 R 15
3 R 210
3 R 132
3 R 13
3 R 210
3 W 20 73
3 R 15
3 W 43 89
3 W 38 41
3 W 22 40
3 W 184 12
3 W 29 12
3 W 67 83
3 R 30
3 R 18
3 C 274
1 S 275
1 R 51
1 R 5
1 W 63 59
1 R 81
1 R 26
1 W 210 95
1 R 21
1 R 246
1 R 47
1 W 1 32
1 R 77
1 W 1 76
1 R 221
1 C 275
2 S 276
2 R 17
2 R 0
2 W 113 81
2 R 31
2 W 14 21
2 W 163 16
2 W 10 7
2 R 120
2 R 19
2 W 121 15
2 W 6 3
2 W 143 50
2 W 44 55
2 W 40 24
2 R 77
2 C 276
4 S 277
4 R 252
4 W 151 58
4 W 5 52
4 W 132 0
4 W 148 1
4 W 31 78
4 W 197 67
4 W 23 36
4 W 18 45
4 W 228 70
4 W 15 18
4 C 277
5 S 278
5 R 134
5 W 201 39
5 W 221 85
5 R 89
5 R 47
5 R 20
5 R 78
5 R 250
5 C 278
6 S 279
6 W 217 80
6 R 182
6 R 137
6 R 21
6 W 22 85
6 R 19
6 R 3
6 C 279
5 S 280
5 R 16
5 R 23
5 W 28 55
5 W 20 93
5 R 26
5 W 85 79
5 R 144
5 W 121 47
5 R 3
5 R 191
5 W 13 54
5 W 122 99
5 W 4 47
5 W 201 33
5 R 23
5 W 133 46
5 C 280
6 S 281
6 R 51
6 R 249
6 W 31 63
6 W 23 1
6 W 157 48
6 R 134
6 W 11 22
6 R 101
6 R 13
6 R 163
6 W 9 17
6 R 7
6 R 162
6 R 4
6 W 209 75
6 R 82
6 R 58
6 R 19
6 W 198 91
6 C 281
2 S 282
2 W 78 40
2 R 133
2 R 196
2 R 6
2 W 234 100
2 W 235 20
2 R 45
2 W 143 22
2 R 34
2 R 21
2 W 16 49
2 R 16
2 W 6 97
2 C 282
4 S 283
4 W 12 33
4 R 59
4 R 234
4 W 107 8
4 W 198 81
4 R 101
4 W 179 92
4 R 25
4 W 9 70
4 W 30 12
4 W 0 79
4 R 27
4 W 230 30
4 C 283
1 S 284
1 R 143
1 R 0
1 R 56
1 W 104 35
1 W 24 11
1 R 227
1 W 59 72
1 R 183
1 R 197
1 W 3 57
1 C 284
3 S 285
3 W 50 74
3 R 166
3 W 122 44
3 W 10 76
3 R 175
3 W 37 93
3 W 12 99
3 W 51 81
3 R 72
3 W 0 18
3 W 7 18
3 R 74
3 R 201
3 W 173 35
3 W 231 3
3 R 24
3 W 11 30
3 R 243
3 W 25 15
3 C 285
0 S 286
0 W 65 74
0 W 140 42
0 W 5 95
0 R 127
0 W 19 68
0 R 4
0 W 81 2
0 W 18 57
0 C 286
6 S 287
6 R 233
6 R 160
6 R 163
6 R 4
6 R 41
6 R 210
6 R 30
6 W 13 24
6 W 11 63
6 R 30
6 R 192
6 W 84 42
6 W 39 32
6 W 181 74
6 R 0
6 R 10
6 R 255
6 R 2
6 R 13
6 C 287
3 S 288
3 W 127 31
3 R 143
3 W 100 65
3 W 18 100
3 W 6 22
3 W 14 0
3 W 221 69
3 W 135 22
3 W 170 79
3 R 17
3 R 24
3 R 17
3 R 20
3 W 36 23
3 C 288
4 S 289
4 R 246
4 R 1
4 W 100 17
4 W 65 28
4 W 16 94
4 R 31
4 R 57
4 W 15 78
4 W 16 71
4 R 11
4 W 3 48
4 W 134 98
4 C 289
5 S 290
5 R 206
5 W 213 81
5 R 102
5 W 173 39
5 R 215
5 R 62
5 R 9
5 R 178
5 R 5
5 W 143 46
5 R 9
5 W 75 93
5 R 215
5 R 206
5 W 30 92
5 C 290
1 S 291
1 W 42 70
1 W 72 30
1 R 17
1 W 76 40
1 R 18
1 W 227 12
1 W 29 77
1 R 31
1 R 234
1 W 23 84
1 R 14
1 R 24
1 R 138
1 R 29
1 W 0 63
1 R 12
1 C 291
2 S 292
2 R 55
2 W 3 19
2 R 15
2 W 9 39
2 W 218 70
2 R 105
2 R 240
2 R 58
2 R 7
2 R 19
2 R 10
2 W 32 65
2 C 292
0 S 293
0 R 183
0 W 209 97
0 W 63 14
0 W 28 97
0 R 15
0 W 37 35
0 W 193 91
0 W 84 96
0 W 27 53
0 R 19
0 W 22 21
0 W 183 8
0 R 202
0 W 222 52
0 R 15
0 W 131 99
0 R 3
0 W 56 20
0 C 293
2 S 294
2 W 68 13
2 R 184
2 R 131
2 W 11 1
2 W 226 87
2 R 26
2 W 101 22
2 R 10
2 R 9
2 R 221
2 R 9
2 W 210 57
2 R 57
2 C 294
0 S 295
0 R 18
0 W 23 21
0 W 6 65
0 R 68
0 W 253 39
0 W 213 7
0 R 202
0 R 169
0 W 25 6
0 W 117 42
0 R 104
0 R 28
0 W 93 50
0 R 44
0 W 2 66
0 R 59
0 C 295
3 S 296
3 W 6 54
3 W 55 34
3 R 118
3 R 160
3 R 139
3 R 26
3 W 178 99
3 R 185
3 R 10
3 R 45
3 R 169
3 R 88
3 W 241 70
3 R 47
3 R 13
3 C 296
1 S 297
1 R 171
1 R 130
1 W 238 84
1 W 67 19
1 R 145
1 R 31
1 W 40 4
1 R 29
1 C 297
5 S 298
5 R 70
5 R 50
5 W 86 60
5 R 205
5 R 195
5 R 88
5 W 69 28
5 W 97 30
5 R 218
5 R 233
5 W 73 45
5 R 181
5 R 155
5 R 99
5 R 10
5 W 21 19
5 R 92
5 R 157
5 W 7 79
5 C 298
6 S 299
6 R 7
6 R 73
6 R 14
6 R 26
6 W 16 88
6 R 14
6 W 89 75
6 W 180 82
6 R 126
6 R 123
6 R 241
6 C 299
4 S 300
4 W 218 85
4 W 52 63
4 R 26
4 W 171 66
4 R 108
4 R 99
4 W 7 76
4 W 17 92
4 R 108
4 R 159
4 C 300
3 S 301
3 W 26 12
3 W 25 7
3 R 71
3 W 247 97
3 W 204 80
3 R 224
3 R 28
3 W 179 38
3 R 26
3 W 136 16
3 W 153 59
3 R 15
3 R 38
3 W 8 48
3 W 167 80
3 C 301
1 S 302
1 R 10
1 R 21
1 W 169 5
1 W 60 86
1 W 34 33
1 W 255 45
1 R 188
1 R 212
1 W 125 14
1 R 5
1 R 151
1 W 120 23
1 R 121
1 R 163
1 R 27
1 W 209 53
1 W 199 14
1 W 250 75
1 W 78 85
1 R 133
1 C 302
2 S 303
2 R 254
2 R 16
2 R 23
2 R 92
2 W 9 41
2 W 64 1
2 W 27 46
2 W 58 75
2 R 22
2 R 252
2 W 5 32
2 W 24 94
2 R 99
2 W 7 86
2 C 303
6 S 304
6 W 39 94
6 R 6
6 R 11
6 R 15
6 R 4
6 R 66
6 R 18
6 R 166
6 R 248
6 W 62 51
6 R 131
6 C 304
0 S 305
0 W 21 100
0 W 24 79
0 R 163
0 R 140
0 W 238 44
0 R 233
0 R 19
0 C 305
4 S 306
4 W 14 96
4 W 23 40
4 W 11 50
4 R 217
4 W 133 44
4 W 126 47
4 W 188 6
4 R 13
4 R 8
4 R 17
4 R 212
4 R 10
4 W 161 4
4 W 51 72
4 R 60
4 R 126
4 W 32 70
4 W 134 32
4 C 306
5 S 307
5 R 66
5 W 8 76
5 R 84
5 R 223
5 R 4
5 R 86
5 W 37 27
5 W 136 64
5 W 8 48
5 R 102
5 W 227 41
5 W 200 43
5 W 218 97
5 W 250 80
5 W 20 57
5 W 16 58
5 W 6 86
5 R 158
5 C 307
4 S 308
4 W 52 2
4 R 135
4 R 26
4 W 4 42
4 W 22 25
4 R 190
4 R 232
4 R 178
4 R 173
4 R 213
4 R 22
4 W 196 64
4 R 41
4 W 7 90
4 R 17
4 C 308
3 S 309
3 R 23
3 W 25 77
3 R 24
3 R 255
3 W 140 66
3 R 211
3 R 21
3 R 219
3 W 19 31
3 R 108
3 R 253
3 R 14
3 R 180
3 W 109 56
3 C 309
6 S 310
6 W 84 82
6 R 74
6 R 205
6 R 12
6 R 16
6 R 209
6 R 8
6 W 28 74
6 R 29
6 R 3
6 R 134
6 R 22
6 R 200
6 W 13 30
6 W 209 73
6 R 52
6 W 184 46
6 R 187
6 R 167
6 R 30
6 C 310
0 S 311
0 R 39
0 R 65
0 R 234
0 R 3
0 R 21
0 R 117
0 C 311
2 S 312
2 R 22
2 W 19 35
2 R 240
2 W 15 13
2 W 14 48
2 W 229 100
2 R 7
2 R 63
2 W 3 96
2 W 11 6
2 W 30 36
2 R 98
2 W 65 48
2 C 312
5 S 313
5 W 18 100
5 R 1
5 W 18 72
5 R 198
5 R 76
5 R 145
5 R 55
5 R 6
5 R 73
5 W 22 53
5 R 30
5 R 27
5 W 36 8
5 C 313
1 S 314
1 R 11
1 W 218 33
1 W 162 83
1 W 164 88
1 R 249
1 R 128
1 W 20 43
1 W 181 74
1 W 88 79
1 W 130 22
1 W 221 95
1 R 209
1 R 179
1 W 19 100
1 W 96 75
1 R 4
1 W 1 89
1 W 63 39
1 C 314
3 S 315
3 R 159
3 R 14
3 R 231
3 R 158
3 W 22 98
3 W 25 17
3 W 215 49
3 R 69
3 R 116
3 W 227 100
3 R 109
3 W 26 7
3 W 101 49
3 R 15
3 R 25
3 W 24 20
3 W 76 47
3 R 186
3 R 41
3 R 224
3 C 315
0 S 316
0 W 21 96
0 W 46 12
0 W 24 21
0 R 189
0 W 18 55
0 W 164 19
0 R 20
0 W 203 95
0 R 19
0 R 239
0 R 17
0 W 26 11
0 R 156
0 R 172
0 W 16 26
0 R 146
0 W 12 65
0 C 316
5 S 317
5 R 97
5 W 6 61
5 W 190 66
5 W 70 92
5 R 3
5 R 124
5 W 13 29
5 W 153 19
5 W 116 31
5 R 191
5 R 30
5 R 42
5 C 317
6 S 318
6 R 159
6 R 176
6 W 6 34
6 R 27
6 W 190 2
6 W 22 38
6 R 15
6 R 227
6 R 32
6 W 13 71
6 W 188 3
6 R 154
6 C 318
2 S 319
2 R 60
2 R 115
2 W 31 59
2 R 234
2 R 126
2 W 170 33
2 W 23 19
2 C 319
1 S 320
1 W 15 17
1 W 167 11
1 R 31
1 W 127 40
1 W 166 49
1 R 187
1 R 95
1 W 123 20
1 R 2
1 W 9 54
1 C 320
4 S 321
4 W 82 86
4 R 79
4 R 154
4 W 46 84
4 R 67
4 W 231 97
4 W 26 97
4 R 19
4 W 66 49
4 W 11 15
4 W 10 37
4 R 30
4 R 137
4 R 73
4 W 66 92
4 C 321
4 S 322
4 W 67 73
4 R 84
4 W 30 44
4 W 220 23
4 R 0
4 R 16
4 W 251 80
4 R 6
4 W 192 73
4 R 18
4 R 154
4 W 5 73
4 W 78 68
4 R 5
4 C 322
3 S 323
3 W 152 16
3 R 164
3 R 19
3 R 138
3 W 17 97
3 W 28 12
3 R 30
3 R 123
3 R 6
3 W 241 88
3 W 83 42
3 W 15 3
3 W 23 52
3 C 323
6 S 324
6 W 1 0
6 R 11
6 W 75 91
6 R 2
6 R 28
6 R 7
6 W 17 31
6 R 209
6 C 324
0 S 325
0 R 2
0 R 160
0 W 8 14
0 W 7 20
0 R 57
0 W 11 6
0 W 213 0
0 R 185
0 W 18 65
0 W 31 12
0 W 164 24
0 R 58
0 R 55
0 R 8
0 W 5 31
0 R 20
0 C 325
1 S 326
1 W 20 93
1 R 216
1 R 117
1 R 29
1 R 135
1 R 49
1 C 326
2 S 327
2 W 194 50
2 R 218
2 W 83 2
2 R 214
2 R 8
2 W 17 44
2 R 2
2 R 7
2 W 63 28
2 R 37
2 W 34 52
2 W 240 97
2 W 169 1
2 W 23 8
2 R 215
2 C 327
5 S 328
5 R 103
5 W 93 17
5 W 1 70
5 R 118
5 W 5 29
5 W 223 99
5 C 328
5 S 329
5 R 156
5 W 207 23
5 W 27 33
5 R 62
5 W 23 87
5 W 4 4
5 W 105 25
5 R 143
5 R 9
5 C 329
6 S 330
6 W 5 84
6 R 20
6 W 147 73
6 W 249 22
6 W 14 49
6 R 14
6 W 3 29
6 W 176 97
6 R 1
6 C 330
1 S 331
1 R 203
1 W 118 79
1 W 176 0
1 R 210
1 W 8 65
1 W 37 46
1 W 36 84
1 R 169
1 R 80
1 R 232
1 W 163 37
1 W 15 15
1 R 16
1 R 11
1 R 26
1 R 9
1 R 185
1 W 254 86
1 C 331
2 S 332
2 R 211
2 R 10
2 R 7
2 R 20
2 W 75 65
2 R 12
2 R 161
2 R 20
2 R 17
2 W 249 3
2 W 6 87
2 C 332
4 S 333
4 W 94 24
4 W 148 9
4 W 0 77
4 R 13
4 R 5
4 R 170
4 W 16 31
4 R 5
4 W 56 20
4 W 26 21
4 W 132 78
4 R 27
4 R 51
4 R 175
4 W 156 70
4 C 333
3 S 334
3 W 15 24
3 R 106
3 R 211
3 R 164
3 W 29 90
3 R 30
3 W 8 88
3 W 14 30
3 R 169
3 W 2 75
3 R 217
3 W 238 32
3 R 210
3 R 175
3 W 230 80
3 W 114 66
3 C 334
0 S 335
0 W 163 9
0 W 32 6
0 R 3
0 R 13
0 W 10 98
0 R 18
0 W 23 79
0 W 89 5
0 W 6 34
0 W 30 60
0 W 208 93
0 W 5 41
0 W 1 77
0 R 14
0 W 43 14
0 W 4 92
0 C 335
