10
0-9 o
7 S 0
7 W 5 3
7 W 162 80
7 R 30
7 R 14
7 R 237
7 R 125
7 R 169
7 R 18
7 R 8
7 R 252
7 W 25 34
7 R 13
7 W 12 17
7 R 23
7 W 13 98
7 R 24
7 W 45 5
7 W 20 72
7 W 33 84
7 R 247
7 W 16 43
7 W 86 33
7 W 21 75
7 C 0
8 S 1
8 R 208
8 W 21 91
8 R 212
8 R 114
8 W 33 57
8 R 34
8 W 133 23
8 R 27
8 W 203 73
8 R 196
8 W 37 44
8 W 11 97
8 W 15 42
8 W 28 92
8 R 12
8 R 31
8 R 31
8 R 140
8 W 14 35
8 R 20
8 R 29
8 C 1
0 S 2
0 R 7
0 W 11 50
0 W 21 19
0 R 223
0 W 23 88
0 W 204 29
0 R 15
0 W 74 96
0 R 12
0 W 3 51
0 R 21
0 R 69
0 W 22 47
0 R 24
0 W 17 7
0 W 15 36
0 W 67 65
0 W 23 90
0 R 21
0 C 2
2 S 3
2 R 179
2 W 12 46
2 W 23 51
2 R 29
2 W 91 4
2 W 28 26
2 W 15 88
2 W 17 83
2 R 4
2 W 19 38
2 R 27
2 W 10 19
2 R 23
2 W 152 71
2 C 3
1 S 4
1 W 156 79
1 R 17
1 W 24 15
1 W 16 32
1 R 152
1 W 16 79
1 R 22
1 W 13 33
1 R 26
1 W 87 74
1 R 123
1 R 2
1 R 23
1 R 12
1 W 4 65
1 C 4
3 S 5
3 R 5
3 W 2 54
3 W 81 51
3 W 40 26
3 R 175
3 R 61
3 R 6
3 R 28
3 W 16 2
3 R 10
3 W 7 77
3 R 51
3 R 9
3 W 120 7
3 W 21 90
3 W 65 90
3 W 147 23
3 R 4
3 W 231 39
3 R 19
3 W 18 32
3 W 11 73
3 C 5
6 S 6
6 W 10 44
6 W 13 98
6 W 31 31
6 W 169 73
6 R 137
6 W 196 85
6 W 6 39
6 W 20 82
6 W 158 65
6 W 6 26
6 W 17 16
6 R 231
6 W 89 40
6 W 30 100
6 W 211 15
6 W 17 30
6 R 187
6 W 241 88
6 R 2
6 W 9 65
6 W 100 78
6 R 27
6 R 121
6 W 17 59
6 W 2 78
6 W 9 27
6 W 3 32
6 R 18
6 W 223 42
6 C 6
4 S 7
4 W 14 68
4 R 16
4 W 95 92
4 W 7 0
4 R 5
4 R 9
4 R 0
4 R 127
4 R 13
4 R 4
4 W 1 78
4 C 7
9 S 8
9 R 19
9 R 98
9 W 80 47
9 W 22 98
9 W 123 40
9 W 226 29
9 W 1 4
9 R 28
9 R 29
9 W 30 34
9 W 31 99
9 R 200
9 R 6
9 R 143
9 R 71
9 W 222 16
9 W 121 77
9 R 7
9 W 6 59
9 W 82 48
9 W 244 1
9 R 28
9 W 191 86
9 R 61
9 W 2 2
9 R 23
9 R 17
9 W 17 17
9 R 29
9 C 8
5 S 9
5 W 16 16
5 W 135 95
5 R 31
5 W 238 72
5 R 26
5 R 219
5 R 183
5 R 15
5 R 123
5 R 127
5 W 17 25
5 W 19 30
5 W 183 46
5 W 6 6
5 R 28
5 R 140
5 R 29
5 R 9
5 W 14 51
5 W 8 41
5 W 28 46
5 R 242
5 C 9
4 S 10
4 R 81
4 W 24 39
4 R 58
4 R 4
4 W 218 66
4 W 22 81
4 R 25
4 W 77 15
4 W 6 86
4 R 23
4 R 181
4 R 129
4 W 1 60
4 R 0
4 W 15 78
4 C 10
6 S 11
6 R 232
6 W 20 49
6 R 20
6 W 248 39
6 W 8 44
6 W 26 45
6 R 148
6 R 170
6 R 26
6 R 27
6 W 29 86
6 W 9 69
6 R 13
6 R 14
6 W 8 36
6 R 12
6 W 8 97
6 R 13
6 W 6 48
6 R 99
6 R 12
6 R 3
6 C 11
2 S 12
2 R 12
2 W 64 22
2 W 7 91
2 R 25
2 W 19 18
2 R 234
2 R 57
2 R 23
2 W 28 63
2 W 5 75
2 W 22 20
2 R 26
2 R 255
2 R 253
2 W 4 1
2 R 43
2 W 11 75
2 W 6 8
2 W 13 39
2 W 29 93
2 R 108
2 R 131
2 W 27 93
2 R 20
2 W 20 93
2 W 12 8
2 W 5 3
2 W 6 20
2 W 77 73
2 R 26
2 W 75 52
2 C 12
1 S 13
1 R 1
1 W 28 0
1 R 14
1 R 11
1 W 2 42
1 W 81 81
1 R 140
1 W 4 57
1 R 5
1 R 6
1 R 30
1 R 202
1 W 112 43
1 R 22
1 W 4 8
1 W 229 2
1 W 214 99
1 R 13
1 C 13
8 S 14
8 W 93 25
8 R 13
8 R 27
8 R 27
8 R 12
8 W 103 28
8 R 26
8 R 134
8 W 16 10
8 W 125 54
8 R 19
8 R 150
8 W 28 31
8 W 29 28
8 R 125
8 R 4
8 R 216
8 R 118
8 R 3
8 W 86 75
8 C 14
0 S 15
0 R 200
0 W 54 31
0 R 17
0 W 75 45
0 R 18
0 R 75
0 R 21
0 R 85
0 R 5
0 R 240
0 W 29 82
0 W 251 52
0 W 22 55
0 R 18
0 W 131 38
0 R 30
0 R 30
0 W 23 85
0 W 12 56
0 W 240 71
0 C 15
3 S 16
3 R 18
3 W 20 35
3 R 132
3 R 28
3 W 101 82
3 W 4 7
3 W 4 3
3 W 12 60
3 R 19
3 R 1
3 W 20 43
3 R 67
3 W 83 0
3 C 16
5 S 17
5 W 252 64
5 R 17
5 W 3 100
5 W 8 66
5 R 21
5 R 131
5 W 28 27
5 R 11
5 W 109 32
5 W 20 68
5 R 99
5 W 18 64
5 W 19 57
5 W 108 13
5 W 100 83
5 W 25 14
5 W 5 50
5 R 21
5 W 15 31
5 R 202
5 W 195 68
5 R 25
5 W 213 64
5 W 124 63
5 R 27
5 W 8 49
5 C 17
9 S 18
9 R 16
9 W 25 91
9 R 21
9 W 55 59
9 R 124
9 W 14 44
9 R 164
9 R 193
9 R 17
9 W 19 25
9 W 23 63
9 R 0
9 W 54 29
9 C 18
7 S 19
7 R 8
7 W 24 56
7 R 18
7 R 24
7 W 27 20
7 W 83 65
7 W 18 27
7 R 177
7 R 6
7 R 26
7 R 138
7 R 9
7 W 26 63
7 R 240
7 W 240 20
7 W 16 26
7 W 31 58
7 R 7
7 W 25 84
7 C 19
7 S 20
7 W 195 77
7 W 91 9
7 W 18 66
7 R 203
7 R 15
7 W 43 93
7 R 3
7 R 178
7 W 245 43
7 W 19 63
7 R 7
7 R 252
7 W 2 85
7 R 234
7 W 0 87
7 W 26 5
7 R 68
7 W 126 4
7 R 28
7 W 182 10
7 W 3 57
7 W 11 47
7 W 135 62
7 R 240
7 R 204
7 R 72
7 W 20 52
7 R 7
7 R 31
7 W 2 96
7 W 18 39
7 C 20
8 S 21
8 R 28
8 R 29
8 W 5 73
8 R 72
8 R 1
8 R 7
8 W 26 77
8 W 77 15
8 R 0
8 W 120 28
8 W 15 92
8 R 4
8 R 125
8 R 18
8 W 3 53
8 R 17
8 W 147 33
8 W 89 80
8 R 20
8 R 12
8 W 144 33
8 R 3
8 W 42 49
8 W 29 34
8 R 18
8 W 20 53
8 R 17
8 R 60
8 W 23 44
8 R 186
8 C 21
0 S 22
0 R 27
0 R 22
0 R 26
0 R 10
0 W 19 55
0 W 253 9
0 W 15 12
0 R 217
0 R 18
0 R 30
0 R 9
0 W 179 96
0 W 3 99
0 R 7
0 R 17
0 W 91 58
0 R 10
0 W 21 73
0 W 21 77
0 W 19 69
0 R 31
0 W 14 21
0 W 4 55
0 R 6
0 R 19
0 W 20 40
0 W 208 45
0 R 226
0 W 249 9
0 R 17
0 R 1
0 W 13 88
0 C 22
5 S 23
5 W 8 44
5 R 73
5 R 30
5 W 11 14
5 R 4
5 W 9 27
5 W 6 79
5 R 23
5 R 21
5 R 173
5 R 11
5 W 171 37
5 R 29
5 W 5 52
5 R 22
5 W 48 86
5 R 232
5 C 23
9 S 24
9 R 31
9 R 31
9 W 16 100
9 R 30
9 R 30
9 R 0
9 W 89 40
9 W 22 96
9 R 18
9 R 26
9 R 0
9 R 6
9 R 219
9 C 24
3 S 25
3 W 27 42
3 W 47 36
3 W 11 82
3 W 29 36
3 W 3 50
3 W 12 85
3 W 2 82
3 R 25
3 W 20 28
3 W 172 57
3 R 16
3 R 24
3 W 22 95
3 R 13
3 W 24 76
3 W 122 33
3 W 179 82
3 W 114 47
3 R 231
3 W 12 29
3 W 4 1
3 W 28 33
3 W 160 15
3 R 19
3 C 25
2 S 26
2 W 21 22
2 R 217
2 W 25 2
2 W 15 74
2 W 2 98
2 R 5
2 R 31
2 R 132
2 R 107
2 R 13
2 R 232
2 W 129 15
2 R 22
2 W 195 85
2 W 3 60
2 R 27
2 W 37 48
2 C 26
6 S 27
6 R 4
6 W 21 15
6 W 160 52
6 R 14
6 W 24 64
6 R 25
6 R 191
6 W 1 16
6 W 2 81
6 W 20 4
6 R 17
6 W 17 86
6 W 27 53
6 W 16 61
6 W 5 50
6 R 97
6 R 15
6 C 27
1 S 28
1 W 20 46
1 W 25 98
1 W 190 4
1 R 2
1 W 10 65
1 R 6
1 R 20
1 W 10 27
1 W 2 49
1 W 19 88
1 R 20
1 R 249
1 R 12
1 R 65
1 W 151 40
1 W 4 23
1 W 7 16
1 W 231 49
1 W 25 57
1 W 3 77
1 W 19 24
1 W 163 9
1 R 0
1 W 74 45
1 C 28
4 S 29
4 W 89 82
4 W 91 56
4 R 24
4 W 20 50
4 W 117 93
4 W 27 6
4 W 20 84
4 W 17 53
4 R 171
4 R 20
4 W 29 90
4 W 12 47
4 W 20 95
4 W 0 82
4 R 9
4 W 26 92
4 R 4
4 W 15 9
4 W 210 29
4 W 28 65
4 W 7 100
4 W 23 71
4 W 27 61
4 W 0 95
4 W 31 52
4 C 29
6 S 30
6 W 23 50
6 W 165 3
6 W 9 68
6 W 164 35
6 W 1 60
6 W 126 95
6 W 23 60
6 R 22
6 W 161 20
6 W 1 7
6 W 123 38
6 R 158
6 W 30 55
6 R 26
6 W 29 89
6 R 208
6 W 28 36
6 R 51
6 R 10
6 R 167
6 W 41 54
6 C 30
1 S 31
1 W 225 29
1 R 145
1 W 14 27
1 R 26
1 R 16
1 W 1 24
1 R 211
1 R 24
1 R 26
1 W 63 7
1 R 28
1 R 23
1 W 30 89
1 R 161
1 W 16 61
1 W 31 87
1 W 97 71
1 W 8 44
1 R 9
1 W 11 29
1 R 9
1 R 169
1 W 48 95
1 R 80
1 R 184
1 C 31
3 S 32
3 W 238 23
3 W 47 39
3 R 4
3 R 51
3 W 25 50
3 W 183 46
3 R 19
3 W 162 30
3 R 16
3 W 25 73
3 R 31
3 W 119 84
3 R 14
3 W 13 41
3 R 150
3 R 30
3 R 18
3 R 28
3 W 11 22
3 W 194 25
3 C 32
2 S 33
2 R 197
2 R 28
2 W 9 51
2 R 20
2 R 233
2 R 15
2 R 13
2 W 26 28
2 R 16
2 R 1
2 R 31
2 W 28 27
2 R 5
2 W 74 12
2 R 2
2 R 184
2 R 30
2 R 21
2 W 4 35
2 W 15 46
2 R 248
2 R 11
2 R 31
2 C 33
4 S 34
4 W 10 21
4 R 15
4 W 209 46
4 W 237 21
4 R 141
4 R 127
4 W 21 5
4 R 15
4 R 26
4 R 27
4 R 17
4 R 69
4 W 18 8
4 W 27 100
4 R 19
4 R 24
4 R 94
4 W 205 22
4 W 10 16
4 W 13 96
4 R 5
4 R 214
4 W 3 78
4 R 5
4 R 3
4 W 14 27
4 R 4
4 R 10
4 R 77
4 C 34
8 S 35
8 R 31
8 W 16 84
8 R 169
8 R 0
8 R 190
8 R 28
8 W 116 20
8 R 98
8 R 19
8 W 48 42
8 W 68 80
8 R 130
8 R 50
8 W 30 83
8 W 170 35
8 R 30
8 W 47 72
8 W 0 47
8 R 7
8 W 24 35
8 C 35
5 S 36
5 R 120
5 R 168
5 R 15
5 R 247
5 R 22
5 R 8
5 R 70
5 W 116 2
5 R 24
5 R 139
5 W 19 89
5 R 15
5 W 15 17
5 R 166
5 W 135 37
5 W 104 5
5 R 101
5 W 0 66
5 R 28
5 R 19
5 W 0 25
5 W 62 45
5 R 38
5 W 15 95
5 W 9 27
5 C 36
9 S 37
9 R 1
9 W 221 73
9 W 28 16
9 W 173 67
9 W 9 36
9 R 0
9 R 49
9 W 163 80
9 W 4 75
9 W 159 77
9 W 15 100
9 R 20
9 R 150
9 R 104
9 W 115 70
9 W 24 62
9 R 79
9 W 28 82
9 R 110
9 R 115
9 R 181
9 W 28 83
9 W 7 68
9 W 72 59
9 R 6
9 R 31
9 W 23 50
9 W 5 68
9 R 90
9 C 37
0 S 38
0 R 5
0 W 172 56
0 W 177 83
0 W 7 81
0 W 17 77
0 R 190
0 W 12 69
0 R 15
0 R 194
0 R 227
0 C 38
7 S 39
7 R 17
7 R 20
7 W 181 93
7 R 11
7 W 3 73
7 R 231
7 R 27
7 W 108 12
7 W 204 43
7 R 4
7 W 14 90
7 W 176 51
7 W 203 41
7 R 93
7 W 21 87
7 R 9
7 R 9
7 W 168 4
7 R 116
7 W 28 86
7 W 31 92
7 W 18 19
7 W 160 77
7 W 111 53
7 R 13
7 R 20
7 R 170
7 C 39
2 S 40
2 W 143 49
2 W 24 49
2 R 125
2 W 23 68
2 W 29 45
2 R 4
2 W 8 16
2 R 78
2 R 20
2 R 18
2 R 248
2 W 27 24
2 W 5 26
2 R 19
2 R 19
2 W 33 37
2 W 28 80
2 R 105
2 R 248
2 R 4
2 W 99 14
2 W 55 6
2 C 40
5 S 41
5 R 189
5 W 114 45
5 W 16 51
5 W 23 48
5 R 6
5 R 26
5 R 175
5 R 197
5 R 236
5 R 15
5 R 221
5 R 13
5 W 27 60
5 R 126
5 R 26
5 R 24
5 C 41
3 S 42
3 R 2
3 R 137
3 R 26
3 W 10 54
3 R 16
3 W 15 35
3 R 15
3 R 67
3 W 194 11
3 R 91
3 W 149 52
3 R 12
3 W 17 37
3 R 31
3 R 7
3 W 152 61
3 R 124
3 W 21 5
3 W 29 45
3 W 28 60
3 R 42
3 W 31 61
3 R 181
3 W 23 46
3 W 29 61
3 W 38 100
3 W 29 25
3 C 42
6 S 43
6 R 250
6 R 21
6 R 20
6 R 215
6 W 9 3
6 W 13 4
6 R 28
6 R 24
6 R 28
6 R 11
6 W 4 0
6 W 5 100
6 W 192 58
6 W 235 3
6 R 30
6 W 30 49
6 R 16
6 R 16
6 W 126 20
6 W 232 19
6 R 21
6 R 1
6 W 5 86
6 R 1
6 R 131
6 W 16 48
6 R 30
6 W 18 2
6 W 17 82
6 R 27
6 W 10 28
6 C 43
0 S 44
0 W 15 2
0 W 8 79
0 R 1
0 R 166
0 R 154
0 R 104
0 W 241 35
0 W 244 82
0 W 20 79
0 R 20
0 W 2 65
0 W 31 65
0 R 100
0 W 19 48
0 R 6
0 R 4
0 R 69
0 R 137
0 W 12 81
0 R 29
0 W 21 47
0 C 44
8 S 45
8 R 94
8 R 25
8 W 107 76
8 R 30
8 W 208 69
8 R 237
8 R 13
8 R 209
8 W 88 48
8 W 25 74
8 R 23
8 W 211 11
8 R 30
8 R 15
8 W 27 31
8 R 9
8 W 2 88
8 R 208
8 W 227 50
8 R 136
8 R 15
8 W 134 43
8 W 78 96
8 W 2 3
8 W 122 83
8 R 17
8 W 173 94
8 C 45
4 S 46
4 R 172
4 R 101
4 W 234 17
4 W 14 61
4 R 217
4 R 10
4 R 22
4 R 61
4 W 27 28
4 W 18 8
4 W 18 44
4 R 25
4 R 11
4 W 27 81
4 W 168 2
4 R 93
4 R 14
4 R 26
4 R 99
4 R 5
4 R 18
4 R 17
4 R 21
4 W 84 62
4 W 8 50
4 W 66 7
4 W 31 100
4 C 46
9 S 47
9 R 76
9 R 23
9 R 13
9 R 10
9 R 12
9 R 29
9 R 20
9 R 165
9 R 79
9 R 1
9 R 231
9 W 134 6
9 R 31
9 W 193 8
9 C 47
1 S 48
1 W 25 18
1 R 6
1 W 172 83
1 W 154 55
1 R 30
1 R 21
1 W 24 48
1 W 142 69
1 W 31 18
1 R 2
1 R 7
1 R 25
1 R 2
1 W 22 5
1 W 74 9
1 W 220 51
1 W 155 77
1 W 9 100
1 R 20
1 R 247
1 R 90
1 W 102 17
1 C 48
7 S 49
7 R 1
7 R 20
7 R 16
7 W 14 43
7 W 17 71
7 W 47 56
7 W 237 3
7 W 211 44
7 W 15 90
7 R 3
7 R 22
7 W 101 68
7 W 27 35
7 W 28 60
7 W 201 2
7 R 29
7 R 5
7 R 25
7 W 1 61
7 R 107
7 C 49
6 S 50
6 R 1
6 W 16 86
6 R 218
6 R 62
6 R 216
6 W 19 87
6 R 22
6 W 215 27
6 W 31 25
6 R 182
6 R 17
6 R 22
6 W 11 93
6 R 26
6 R 4
6 W 55 62
6 W 12 62
6 R 178
6 R 20
6 R 4
6 R 6
6 R 6
6 W 8 47
6 C 50
8 S 51
8 W 146 39
8 W 29 47
8 W 22 48
8 R 10
8 W 22 2
8 W 10 79
8 R 165
8 W 14 73
8 R 1
8 W 188 65
8 R 13
8 W 91 65
8 W 21 66
8 W 101 59
8 W 28 93
8 R 208
8 R 0
8 W 9 18
8 R 30
8 R 49
8 R 54
8 R 67
8 W 26 90
8 W 141 67
8 R 3
8 R 31
8 W 28 84
8 R 8
8 R 243
8 R 23
8 R 47
8 W 11 19
8 C 51
7 S 52
7 R 25
7 R 0
7 R 156
7 W 24 80
7 R 21
7 R 17
7 W 10 85
7 W 31 6
7 R 116
7 R 6
7 W 18 23
7 R 29
7 W 11 59
7 W 5 90
7 R 22
7 W 5 91
7 W 26 29
7 W 69 17
7 R 243
7 R 24
7 R 20
7 R 21
7 W 243 35
7 W 21 22
7 W 23 72
7 R 153
7 C 52
3 S 53
3 W 4 73
3 W 17 59
3 W 31 39
3 R 25
3 R 84
3 W 22 59
3 R 41
3 W 4 44
3 R 25
3 R 21
3 R 15
3 W 92 75
3 W 129 30
3 W 55 37
3 R 29
3 R 212
3 W 84 41
3 W 18 36
3 R 26
3 W 218 54
3 W 31 55
3 W 19 36
3 W 31 17
3 R 4
3 W 6 86
3 R 26
3 R 18
3 C 53
4 S 54
4 W 27 22
4 W 99 77
4 R 109
4 R 27
4 W 138 24
4 R 25
4 W 12 73
4 R 31
4 R 23
4 W 99 26
4 W 23 14
4 R 5
4 W 9 53
4 R 15
4 R 1
4 R 13
4 W 10 88
4 C 54
5 S 55
5 W 96 41
5 R 31
5 W 88 6
5 R 130
5 R 7
5 R 236
5 R 23
5 W 20 69
5 R 198
5 W 31 35
5 R 210
5 W 25 63
5 R 23
5 W 238 85
5 W 62 96
5 R 2
5 R 221
5 R 189
5 W 2 65
5 W 20 69
5 W 4 47
5 W 30 31
5 W 63 51
5 R 31
5 W 22 0
5 R 1
5 W 2 14
5 W 18 53
5 C 55
0 S 56
0 R 204
0 W 6 61
0 R 28
0 W 23 84
0 R 194
0 W 176 94
0 W 30 11
0 W 129 3
0 R 149
0 W 97 4
0 C 56
1 S 57
1 W 28 82
1 R 4
1 W 22 48
1 R 2
1 R 28
1 R 17
1 W 0 34
1 W 39 68
1 W 175 38
1 R 11
1 C 57
2 S 58
2 R 0
2 W 62 97
2 W 16 34
2 W 51 61
2 R 26
2 R 8
2 W 113 98
2 R 29
2 W 13 62
2 R 23
2 R 24
2 R 8
2 W 17 13
2 W 224 40
2 W 20 76
2 W 16 45
2 R 19
2 W 25 39
2 W 24 2
2 W 92 68
2 W 66 79
2 W 15 11
2 R 8
2 R 28
2 R 22
2 W 89 92
2 C 58
9 S 59
9 W 12 100
9 R 23
9 W 1 19
9 R 27
9 W 149 91
9 R 1
9 W 3 70
9 R 26
9 W 17 18
9 R 52
9 W 0 5
9 R 3
9 W 121 88
9 R 3
9 W 14 60
9 R 8
9 C 59
8 S 60
8 W 223 100
8 W 122 41
8 R 231
8 R 97
8 R 1
8 R 234
8 W 12 73
8 R 253
8 W 114 3
8 R 8
8 W 7 84
8 W 23 74
8 R 67
8 C 60
3 S 61
3 R 25
3 R 26
3 W 13 68
3 W 8 34
3 W 17 12
3 W 8 69
3 W 185 83
3 W 120 62
3 R 216
3 W 28 21
3 C 61
9 S 62
9 R 249
9 W 3 6
9 R 150
9 R 18
9 R 217
9 W 70 86
9 W 0 9
9 R 1
9 W 187 50
9 R 49
9 R 21
9 R 13
9 W 141 78
9 C 62
6 S 63
6 R 181
6 W 8 76
6 R 30
6 W 1 89
6 R 31
6 W 52 15
6 W 246 79
6 W 112 52
6 W 16 89
6 R 30
6 W 74 12
6 W 11 34
6 W 6 62
6 C 63
5 S 64
5 R 216
5 R 183
5 R 23
5 W 36 53
5 R 25
5 W 246 39
5 W 145 83
5 W 69 46
5 W 2 88
5 R 29
5 R 18
5 W 16 61
5 C 64
2 S 65
2 W 12 31
2 R 22
2 R 169
2 R 25
2 W 161 15
2 W 4 98
2 R 190
2 R 13
2 W 23 72
2 R 235
2 W 9 22
2 R 12
2 R 46
2 W 169 19
2 W 15 28
2 W 37 70
2 R 217
2 W 1 72
2 W 5 74
2 C 65
1 S 66
1 R 26
1 R 8
1 W 18 63
1 R 164
1 W 214 47
1 W 22 33
1 W 178 49
1 R 182
1 R 96
1 R 31
1 R 7
1 R 30
1 W 86 7
1 W 1 37
1 R 156
1 R 63
1 W 175 99
1 R 102
1 W 135 50
1 W 0 0
1 C 66
4 S 67
4 W 24 75
4 R 1
4 W 219 8
4 W 7 37
4 W 193 38
4 W 148 28
4 R 62
4 W 5 39
4 W 24 36
4 W 2 73
4 R 2
4 R 251
4 R 18
4 W 158 32
4 W 12 100
4 R 165
4 R 9
4 W 16 68
4 R 137
4 W 28 63
4 W 32 100
4 R 190
4 R 153
4 W 182 70
4 W 156 67
4 W 21 40
4 R 1
4 R 14
4 C 67
7 S 68
7 R 23
7 W 4 48
7 W 156 0
7 R 101
7 R 98
7 R 14
7 R 31
7 W 42 10
7 R 14
7 R 4
7 R 30
7 R 0
7 R 0
7 W 162 46
7 R 25
7 C 68
0 S 69
0 R 168
0 R 20
0 R 17
0 R 25
0 R 59
0 R 8
0 W 11 26
0 W 24 54
0 R 27
0 W 102 90
0 R 22
0 W 18 30
0 W 31 17
0 R 6
0 R 30
0 R 11
0 W 183 38
0 W 58 38
0 R 17
0 R 12
0 W 4 17
0 W 229 41
0 W 1 92
0 R 249
0 W 6 31
0 W 249 15
0 W 10 100
0 W 30 94
0 W 10 42
0 W 25 11
0 R 239
0 W 14 28
0 C 69
4 S 70
4 R 199
4 R 146
4 W 249 73
4 R 18
4 R 7
4 W 213 61
4 R 10
4 R 25
4 R 18
4 R 239
4 W 27 5
4 C 70
0 S 71
0 W 24 34
0 R 3
0 W 1 16
0 R 12
0 W 117 0
0 W 93 94
0 W 7 19
0 W 16 54
0 R 15
0 R 9
0 R 16
0 R 16
0 W 5 55
0 R 3
0 R 21
0 R 23
0 W 3 59
0 W 6 99
0 R 30
0 R 120
0 R 167
0 W 29 55
0 R 170
0 R 0
0 W 5 54
0 W 202 77
0 W 31 84
0 R 21
0 R 159
0 W 247 40
0 R 1
0 W 13 20
0 C 71
1 S 72
1 W 172 7
1 W 7 99
1 R 17
1 W 3 41
1 W 21 15
1 W 228 10
1 W 14 14
1 W 22 33
1 R 92
1 R 7
1 C 72
9 S 73
9 R 24
9 W 5 7
9 W 24 77
9 R 13
9 R 18
9 R 26
9 R 5
9 R 7
9 W 27 39
9 W 73 88
9 C 73
7 S 74
7 R 112
7 W 31 65
7 R 29
7 W 21 49
7 R 125
7 W 31 75
7 R 22
7 R 136
7 W 31 96
7 R 14
7 W 31 97
7 R 17
7 C 74
2 S 75
2 R 13
2 W 13 63
2 W 17 1
2 R 13
2 W 191 50
2 R 131
2 R 7
2 W 55 41
2 R 123
2 W 21 49
2 W 4 3
2 W 7 38
2 C 75
8 S 76
8 W 239 77
8 W 13 8
8 W 1 32
8 W 77 86
8 R 5
8 R 3
8 R 5
8 R 30
8 R 5
8 R 24
8 R 15
8 R 187
8 W 19 2
8 W 80 81
8 R 16
8 R 22
8 W 9 0
8 C 76
3 S 77
3 R 30
3 R 220
3 W 8 86
3 R 7
3 R 33
3 W 97 98
3 W 30 12
3 W 216 85
3 W 23 28
3 W 248 87
3 W 22 1
3 W 104 91
3 R 145
3 R 11
3 R 82
3 W 16 77
3 W 16 0
3 R 27
3 R 8
3 R 238
3 W 73 1
3 W 26 7
3 R 30
3 W 3 53
3 R 5
3 W 116 100
3 W 28 45
3 R 167
3 R 101
3 W 16 74
3 W 24 72
3 W 11 8
3 C 77
5 S 78
5 R 15
5 W 15 40
5 R 163
5 R 6
5 W 24 65
5 R 81
5 W 25 72
5 W 31 28
5 R 242
5 W 244 37
5 W 148 57
5 W 24 6
5 W 23 33
5 W 23 44
5 W 15 76
5 W 21 60
5 W 22 9
5 R 216
5 W 15 98
5 W 17 69
5 W 11 20
5 W 28 39
5 W 51 82
5 R 125
5 R 30
5 C 78
6 S 79
6 R 2
6 R 9
6 W 15 90
6 W 5 53
6 W 21 21
6 R 20
6 R 0
6 R 27
6 W 160 2
6 R 230
6 W 8 91
6 W 28 88
6 R 29
6 R 11
6 W 20 97
6 R 26
6 R 11
6 R 25
6 C 79
0 S 80
0 W 5 39
0 R 25
0 R 14
0 W 3 49
0 W 28 6
0 W 9 31
0 R 152
0 R 21
0 W 137 55
0 R 18
0 R 2
0 W 1 51
0 R 245
0 W 5 20
0 R 23
0 R 28
0 W 1 64
0 W 7 74
0 W 27 2
0 R 7
0 W 31 87
0 C 80
2 S 81
2 W 8 81
2 W 197 97
2 W 160 54
2 R 20
2 R 7
2 W 28 99
2 R 21
2 R 8
2 W 3 96
2 R 81
2 W 14 74
2 W 27 22
2 R 20
2 W 2 0
2 W 1 21
2 W 18 26
2 R 8
2 C 81
6 S 82
6 R 6
6 W 15 48
6 W 177 11
6 R 124
6 R 139
6 W 119 8
6 W 22 86
6 R 86
6 W 11 38
6 R 181
6 R 26
6 R 180
6 W 27 89
6 R 9
6 R 126
6 W 205 5
6 W 12 35
6 W 183 27
6 R 16
6 R 37
6 R 196
6 R 27
6 W 127 13
6 W 10 41
6 C 82
3 S 83
3 R 31
3 W 31 25
3 W 20 43
3 R 25
3 R 12
3 R 25
3 W 15 82
3 W 15 1
3 W 3 1
3 R 18
3 R 14
3 R 214
3 R 14
3 W 1 93
3 W 20 94
3 R 8
3 W 239 33
3 C 83
8 S 84
8 W 27 1
8 W 7 73
8 R 21
8 W 4 51
8 W 12 22
8 W 7 8
8 R 184
8 R 10
8 W 1 66
8 R 67
8 R 14
8 W 30 61
8 R 24
8 R 3
8 W 1 37
8 R 12
8 W 13 97
8 R 24
8 R 152
8 W 11 29
8 W 162 13
8 R 18
8 W 16 98
8 W 19 36
8 R 3
8 R 13
8 R 21
8 R 71
8 W 24 30
8 C 84
5 S 85
5 W 16 16
5 R 133
5 R 26
5 R 11
5 R 7
5 R 24
5 W 5 22
5 W 246 20
5 W 117 23
5 R 34
5 W 23 61
5 W 193 70
5 R 9
5 R 196
5 C 85
9 S 86
9 W 16 63
9 W 4 17
9 W 0 41
9 R 140
9 R 226
9 R 4
9 R 14
9 R 29
9 R 241
9 W 2 33
9 R 28
9 W 38 37
9 W 188 99
9 W 149 63
9 W 15 39
9 R 9
9 W 12 47
9 R 3
9 W 19 62
9 W 5 34
9 W 17 75
9 R 19
9 R 14
9 W 1 77
9 C 86
4 S 87
4 R 144
4 R 0
4 R 9
4 W 29 87
4 R 18
4 W 8 87
4 R 11
4 R 15
4 W 24 58
4 W 0 62
4 W 27 22
4 R 1
4 W 60 61
4 W 30 42
4 W 11 65
4 C 87
7 S 88
7 W 120 33
7 W 146 75
7 R 94
7 W 4 95
7 R 31
7 W 22 86
7 W 12 76
7 R 204
7 R 111
7 W 30 64
7 R 3
7 R 254
7 W 9 9
7 C 88
1 S 89
1 W 39 38
1 W 29 42
1 W 2 77
1 W 10 26
1 R 31
1 W 3 60
1 W 170 43
1 W 178 96
1 W 5 26
1 R 20
1 R 1
1 W 31 13
1 R 0
1 W 17 80
1 W 208 73
1 W 29 77
1 W 9 29
1 W 41 79
1 W 0 61
1 W 240 7
1 W 3 56
1 W 7 1
1 R 29
1 R 3
1 W 22 67
1 W 12 16
1 C 89
6 S 90
6 R 27
6 W 72 81
6 R 19
6 R 3
6 R 192
6 W 39 92
6 R 12
6 W 21 41
6 W 241 92
6 R 157
6 R 137
6 R 58
6 W 24 87
6 C 90
1 S 91
1 R 27
1 W 20 98
1 R 9
1 R 15
1 W 117 94
1 W 144 24
1 W 10 50
1 W 7 32
1 W 1 90
1 R 10
1 R 100
1 R 6
1 W 7 11
1 C 91
8 S 92
8 R 247
8 W 194 55
8 R 26
8 R 31
8 R 19
8 W 22 74
8 W 241 70
8 R 13
8 R 9
8 W 16 2
8 W 172 22
8 R 78
8 W 10 97
8 W 8 40
8 W 12 85
8 W 10 21
8 C 92
0 S 93
0 R 125
0 W 115 26
0 R 127
0 R 30
0 W 25 82
0 R 26
0 R 30
0 W 70 11
0 W 233 1
0 W 12 25
0 R 1
0 W 7 0
0 W 26 1
0 W 189 84
0 R 236
0 W 1 52
0 C 93
7 S 94
7 R 10
7 W 29 61
7 R 30
7 W 1 2
7 W 135 54
7 W 200 39
7 W 15 62
7 W 46 64
7 R 23
7 R 6
7 R 14
7 R 190
7 W 14 27
7 R 163
7 R 12
7 R 14
7 W 28 45
7 W 1 73
7 C 94
5 S 95
5 R 172
5 R 110
5 R 22
5 R 202
5 R 20
5 R 94
5 W 226 34
5 R 181
5 W 29 2
5 W 29 34
5 W 8 23
5 R 19
5 R 31
5 R 22
5 R 16
5 W 30 82
5 W 28 44
5 R 20
5 R 232
5 W 11 52
5 R 70
5 C 95
9 S 96
9 R 5
9 R 19
9 W 11 26
9 R 21
9 W 15 45
9 R 11
9 R 23
9 W 17 78
9 W 193 8
9 W 31 60
9 R 30
9 W 7 49
9 W 13 74
9 C 96
2 S 97
2 W 6 57
2 W 200 18
2 R 73
2 W 17 96
2 R 6
2 W 18 93
2 R 3
2 R 15
2 W 246 12
2 W 105 52
2 R 59
2 W 8 13
2 W 0 82
2 W 4 4
2 C 97
4 S 98
4 W 3 50
4 R 6
4 W 140 41
4 R 9
4 R 204
4 W 179 63
4 W 2 16
4 W 19 20
4 R 15
4 R 20
4 W 11 34
4 R 105
4 R 8
4 R 17
4 R 42
4 W 49 41
4 R 31
4 W 10 51
4 R 7
4 R 198
4 R 210
4 W 9 24
4 R 9
4 W 11 39
4 R 21
4 W 20 59
4 R 27
4 C 98
3 S 99
3 W 115 6
3 W 25 83
3 R 31
3 W 12 20
3 R 15
3 R 24
3 R 10
3 R 128
3 R 0
3 R 235
3 R 95
3 R 22
3 W 4 74
3 W 178 10
3 W 3 90
3 R 4
3 W 30 41
3 W 172 11
3 R 14
3 R 27
3 R 222
3 C 99
2 S 100
2 W 55 9
2 W 4 92
2 R 16
2 W 75 80
2 R 63
2 W 17 70
2 W 1 42
2 W 6 91
2 W 252 47
2 R 87
2 W 7 97
2 W 155 1
2 R 48
2 W 28 15
2 R 140
2 R 89
2 R 26
2 R 27
2 R 123
2 W 17 20
2 R 2
2 R 189
2 W 27 95
2 R 1
2 W 13 93
2 W 14 63
2 W 11 40
2 W 213 70
2 R 5
2 C 100
8 S 101
8 R 85
8 W 19 79
8 W 18 38
8 R 13
8 W 29 94
8 W 227 33
8 R 147
8 W 2 87
8 W 10 21
8 W 22 6
8 C 101
7 S 102
7 R 18
7 R 2
7 R 0
7 W 24 85
7 W 6 84
7 W 9 72
7 W 82 33
7 R 31
7 W 3 1
7 R 26
7 W 18 40
7 R 195
7 W 224 25
7 W 16 14
7 R 29
7 R 0
7 R 28
7 R 28
7 W 214 65
7 R 27
7 C 102
4 S 103
4 W 243 70
4 R 29
4 W 18 37
4 R 27
4 R 25
4 R 19
4 R 4
4 R 85
4 R 250
4 W 18 20
4 R 30
4 R 108
4 R 215
4 W 203 62
4 W 30 47
4 W 31 17
4 R 9
4 R 144
4 W 17 70
4 W 133 37
4 C 103
0 S 104
0 R 129
0 R 24
0 W 14 77
0 R 28
0 W 21 15
0 R 17
0 W 19 84
0 R 40
0 R 13
0 W 29 85
0 W 22 76
0 R 28
0 R 32
0 W 15 92
0 W 31 66
0 W 30 97
0 W 23 74
0 R 3
0 R 20
0 W 39 0
0 R 8
0 W 145 100
0 W 11 69
0 W 22 14
0 W 13 58
0 R 26
0 R 234
0 R 28
0 W 13 36
0 W 81 61
0 W 20 2
0 R 19
0 C 104
1 S 105
1 W 21 27
1 R 120
1 R 24
1 R 23
1 W 128 97
1 W 1 4
1 W 248 0
1 W 240 98
1 W 240 43
1 R 105
1 R 28
1 R 10
1 R 251
1 W 9 26
1 W 235 24
1 W 27 54
1 R 174
1 W 27 21
1 R 22
1 R 21
1 R 78
1 R 7
1 W 180 4
1 R 18
1 W 14 45
1 W 229 60
1 W 23 4
1 R 20
1 W 167 6
1 C 105
9 S 106
9 W 26 54
9 W 2 83
9 R 4
9 R 239
9 R 23
9 W 23 56
9 R 36
9 R 22
9 R 36
9 W 13 64
9 W 12 92
9 R 30
9 W 60 11
9 R 167
9 W 3 45
9 W 15 71
9 W 4 94
9 R 28
9 W 39 87
9 R 26
9 R 104
9 R 20
9 R 18
9 C 106
3 S 107
3 R 43
3 R 9
3 W 198 63
3 W 2 71
3 R 24
3 R 230
3 R 251
3 W 190 67
3 R 14
3 R 27
3 W 6 65
3 W 25 72
3 R 244
3 R 28
3 R 6
3 W 10 67
3 W 156 80
3 W 17 99
3 W 242 41
3 W 8 81
3 R 68
3 C 107
5 S 108
5 R 20
5 R 245
5 W 8 49
5 W 18 75
5 W 19 91
5 W 29 82
5 R 31
5 W 192 81
5 R 22
5 R 4
5 R 254
5 R 2
5 W 181 14
5 R 68
5 W 11 92
5 R 49
5 W 21 88
5 R 10
5 W 19 42
5 W 165 44
5 W 79 27
5 W 144 35
5 W 12 14
5 W 74 31
5 W 4 100
5 W 152 81
5 W 23 20
5 R 246
5 C 108
6 S 109
6 W 143 87
6 R 6
6 W 20 37
6 R 7
6 R 127
6 W 0 14
6 R 0
6 W 11 0
6 W 11 44
6 W 20 99
6 W 249 22
6 W 20 42
6 C 109
4 S 110
4 R 254
4 R 20
4 R 19
4 R 17
4 R 7
4 R 225
4 W 4 4
4 R 14
4 W 201 82
4 W 25 63
4 R 107
4 W 179 32
4 R 1
4 W 2 24
4 W 21 38
4 R 6
4 W 185 77
4 W 18 72
4 R 16
4 W 243 49
4 C 110
5 S 111
5 R 29
5 R 65
5 R 81
5 R 19
5 R 18
5 R 26
5 W 9 81
5 W 151 96
5 R 13
5 W 27 24
5 W 21 77
5 W 10 22
5 W 13 56
5 R 54
5 W 7 50
5 W 21 56
5 W 166 70
5 W 142 83
5 R 14
5 C 111
9 S 112
9 W 178 64
9 R 3
9 R 66
9 W 23 53
9 W 12 8
9 R 111
9 W 13 80
9 R 30
9 R 17
9 W 229 8
9 R 9
9 C 112
2 S 113
2 R 12
2 R 131
2 W 227 45
2 R 34
2 R 1
2 R 32
2 R 7
2 R 29
2 R 3
2 W 12 35
2 W 22 62
2 W 9 59
2 R 10
2 R 248
2 W 230 99
2 R 20
2 R 24
2 R 230
2 W 29 74
2 C 113
8 S 114
8 R 48
8 R 241
8 W 131 53
8 W 17 57
8 W 23 48
8 R 12
8 R 128
8 W 180 78
8 R 25
8 R 22
8 W 146 45
8 W 25 49
8 R 174
8 R 25
8 W 150 12
8 W 15 86
8 R 14
8 C 114
1 S 115
1 W 101 73
1 W 7 98
1 R 26
1 R 217
1 W 26 11
1 W 22 45
1 R 18
1 R 21
1 R 95
1 W 212 11
1 W 115 87
1 R 0
1 W 26 55
1 R 4
1 C 115
3 S 116
3 W 27 41
3 R 32
3 R 154
3 R 112
3 R 1
3 R 27
3 W 30 53
3 R 42
3 W 9 74
3 W 7 3
3 W 131 64
3 W 233 8
3 W 221 8
3 R 187
3 R 8
3 R 18
3 W 3 90
3 R 27
3 R 24
3 R 20
3 W 23 95
3 W 7 60
3 R 150
3 W 29 13
3 W 14 23
3 W 25 58
3 W 220 20
3 R 21
3 R 12
3 C 116
7 S 117
7 R 171
7 W 14 27
7 W 21 72
7 R 25
7 W 27 23
7 W 11 95
7 W 100 83
7 W 197 91
7 W 55 36
7 R 31
7 R 25
7 R 7
7 W 180 84
7 R 0
7 R 21
7 W 27 61
7 R 11
7 R 201
7 R 134
7 R 0
7 W 192 90
7 W 15 55
7 C 117
0 S 118
0 W 19 18
0 R 18
0 R 27
0 W 181 81
0 R 236
0 W 10 14
0 R 30
0 W 19 19
0 R 180
0 W 25 57
0 R 213
0 R 157
0 W 1 16
0 R 79
0 W 20 100
0 R 9
0 W 17 48
0 R 17
0 W 9 96
0 R 12
0 W 23 34
0 W 31 89
0 R 21
0 W 24 82
0 R 6
0 W 89 75
0 W 218 92
0 W 6 1
0 R 27
0 C 118
6 S 119
6 W 0 70
6 W 28 91
6 W 226 53
6 W 28 94
6 R 27
6 R 19
6 R 191
6 W 74 40
6 R 13
6 R 24
6 W 11 17
6 W 75 58
6 R 203
6 W 28 40
6 W 185 61
6 R 186
6 R 139
6 R 15
6 W 154 3
6 R 12
6 R 242
6 W 2 44
6 W 238 97
6 R 3
6 R 0
6 R 12
6 C 119
6 S 120
6 W 11 20
6 W 185 13
6 R 26
6 W 15 74
6 W 63 21
6 R 124
6 R 11
6 W 115 54
6 R 121
6 R 208
6 W 222 84
6 R 61
6 W 26 95
6 W 9 0
6 W 192 30
6 R 173
6 C 120
2 S 121
2 W 14 9
2 W 14 13
2 W 209 17
2 R 58
2 W 15 1
2 W 71 28
2 R 96
2 W 16 12
2 W 111 85
2 W 22 51
2 W 3 54
2 R 199
2 W 9 64
2 W 12 46
2 W 13 57
2 W 23 26
2 W 10 38
2 R 45
2 R 14
2 W 13 18
2 W 22 70
2 W 205 9
2 R 8
2 C 121
8 S 122
8 W 10 28
8 R 14
8 W 14 84
8 R 139
8 W 202 32
8 W 207 61
8 R 224
8 W 177 53
8 W 6 56
8 W 131 20
8 W 222 95
8 W 9 59
8 R 31
8 W 29 65
8 R 0
8 R 163
8 W 9 41
8 W 9 72
8 R 6
8 W 142 92
8 C 122
5 S 123
5 W 177 37
5 W 21 25
5 W 84 57
5 R 213
5 W 8 35
5 R 4
5 R 22
5 R 28
5 W 11 50
5 W 9 99
5 W 84 46
5 R 29
5 C 123
7 S 124
7 W 7 62
7 R 159
7 W 13 64
7 R 25
7 R 21
7 R 17
7 R 24
7 R 15
7 W 212 85
7 R 206
7 W 209 17
7 W 154 85
7 R 18
7 W 14 100
7 R 26
7 R 141
7 W 16 41
7 C 124
1 S 125
1 R 20
1 W 11 75
1 W 24 82
1 W 3 57
1 W 77 77
1 R 20
1 W 12 38
1 W 236 93
1 W 163 5
1 W 57 88
1 R 210
1 W 175 9
1 W 42 86
1 W 136 52
1 W 223 67
1 W 24 35
1 R 225
1 W 5 35
1 R 21
1 R 108
1 R 26
1 C 125
9 S 126
9 R 23
9 W 13 11
9 R 20
9 R 23
9 R 56
9 W 161 56
9 W 11 98
9 W 1 41
9 W 255 1
9 R 112
9 R 17
9 R 7
9 R 18
9 R 137
9 W 75 61
9 W 4 66
9 W 18 48
9 W 29 46
9 W 100 28
9 W 12 16
9 R 19
9 W 170 19
9 R 31
9 C 126
0 S 127
0 W 30 69
0 R 141
0 R 27
0 W 28 70
0 R 24
0 R 0
0 W 16 21
0 W 3 42
0 W 31 27
0 W 68 87
0 W 28 83
0 W 101 43
0 R 4
0 W 14 39
0 R 28
0 W 3 21
0 R 6
0 R 3
0 W 103 94
0 W 2 24
0 W 196 30
0 W 156 25
0 R 28
0 W 27 14
0 R 228
0 W 16 96
0 W 39 72
0 W 18 84
0 R 29
0 C 127
3 S 128
3 W 8 96
3 R 27
3 R 0
3 W 2 48
3 W 141 72
3 R 14
3 W 0 29
3 W 18 67
3 W 97 37
3 R 30
3 R 155
3 R 65
3 R 1
3 W 15 9
3 W 13 42
3 W 203 61
3 W 18 87
3 C 128
4 S 129
4 R 0
4 W 12 94
4 R 229
4 W 150 61
4 W 8 47
4 W 43 87
4 R 29
4 W 16 35
4 R 171
4 W 117 36
4 W 20 78
4 R 2
4 R 30
4 C 129
3 S 130
3 W 20 65
3 W 27 68
3 W 102 94
3 W 10 79
3 W 173 67
3 W 151 81
3 R 117
3 W 0 60
3 R 4
3 W 30 26
3 R 14
3 W 21 33
3 C 130
9 S 131
9 R 12
9 R 53
9 R 1
9 R 18
9 W 11 50
9 W 54 36
9 W 11 25
9 R 22
9 W 19 10
9 R 26
9 W 15 10
9 W 214 41
9 R 11
9 R 7
9 R 23
9 W 219 91
9 R 48
9 R 19
9 W 181 63
9 W 24 4
9 C 131
1 S 132
1 R 7
1 R 195
1 W 15 92
1 W 13 60
1 R 7
1 R 8
1 R 31
1 R 28
1 R 182
1 R 20
1 R 0
1 R 9
1 W 30 54
1 W 184 43
1 W 14 94
1 W 152 66
1 W 29 11
1 W 175 16
1 R 92
1 W 7 63
1 W 1 7
1 C 132
5 S 133
5 W 145 82
5 W 20 83
5 R 110
5 W 21 41
5 R 17
5 W 17 72
5 W 27 58
5 R 84
5 W 230 79
5 R 1
5 R 235
5 W 101 57
5 R 9
5 R 5
5 R 19
5 W 8 59
5 W 248 49
5 W 29 100
5 R 151
5 W 1 94
5 R 28
5 R 63
5 W 19 93
5 R 66
5 W 4 23
5 C 133
2 S 134
2 R 13
2 R 134
2 W 158 92
2 R 212
2 R 141
2 R 90
2 R 1
2 R 80
2 W 120 64
2 W 19 72
2 C 134
8 S 135
8 R 20
8 R 182
8 R 0
8 R 2
8 W 241 28
8 R 211
8 W 5 78
8 R 19
8 R 14
8 W 31 21
8 R 238
8 W 10 19
8 W 244 24
8 R 2
8 R 9
8 R 253
8 R 11
8 W 12 85
8 R 123
8 R 19
8 R 12
8 R 221
8 R 61
8 C 135
0 S 136
0 R 0
0 R 3
0 R 10
0 R 26
0 R 9
0 R 15
0 R 22
0 W 85 50
0 W 10 14
0 W 25 61
0 W 185 88
0 W 0 43
0 W 120 42
0 R 239
0 R 22
0 R 29
0 W 20 23
0 R 11
0 W 247 28
0 R 19
0 R 20
0 R 4
0 W 13 0
0 R 17
0 R 153
0 R 190
0 R 2
0 R 14
0 W 14 77
0 R 148
0 R 141
0 C 136
4 S 137
4 W 3 66
4 R 168
4 R 28
4 W 196 21
4 W 14 15
4 R 175
4 W 28 93
4 R 35
4 R 8
4 W 0 70
4 C 137
7 S 138
7 W 123 2
7 R 16
7 R 149
7 W 21 55
7 R 3
7 R 231
7 R 31
7 W 37 21
7 R 25
7 R 183
7 R 142
7 W 181 81
7 W 183 100
7 W 29 51
7 W 13 86
7 R 165
7 R 9
7 W 10 88
7 W 26 23
7 W 166 29
7 W 2 18
7 R 9
7 W 153 78
7 R 7
7 W 19 55
7 C 138
6 S 139
6 R 218
6 R 21
6 W 199 13
6 W 21 8
6 R 25
6 W 17 99
6 W 25 38
6 W 47 65
6 W 27 76
6 R 226
6 W 203 26
6 W 3 80
6 R 169
6 W 26 33
6 R 14
6 W 10 39
6 R 237
6 W 247 88
6 C 139
7 S 140
7 W 179 54
7 R 79
7 W 26 43
7 R 199
7 R 24
7 R 22
7 R 50
7 W 21 82
7 R 26
7 R 198
7 C 140
3 S 141
3 R 224
3 W 24 55
3 W 24 94
3 R 137
3 W 24 90
3 W 0 65
3 W 31 90
3 R 23
3 W 24 94
3 W 21 25
3 R 29
3 R 12
3 C 141
1 S 142
1 W 38 61
1 R 25
1 R 14
1 W 25 51
1 R 27
1 R 6
1 R 126
1 W 24 62
1 R 28
1 R 8
1 W 4 67
1 R 124
1 R 20
1 R 7
1 W 1 42
1 R 6
1 W 206 99
1 C 142
8 S 143
8 W 12 100
8 R 89
8 W 29 7
8 W 15 93
8 R 0
8 W 122 86
8 R 17
8 R 6
8 W 44 1
8 R 15
8 W 97 24
8 R 47
8 W 15 46
8 W 5 90
8 R 17
8 R 10
8 C 143
5 S 144
5 R 24
5 R 123
5 W 28 66
5 W 120 10
5 W 177 21
5 R 203
5 W 31 57
5 W 19 56
5 R 18
5 R 118
5 R 13
5 R 7
5 R 23
5 W 5 96
5 W 19 62
5 W 2 45
5 W 144 89
5 W 15 28
5 R 33
5 R 28
5 W 28 43
5 W 112 84
5 R 123
5 W 6 11
5 W 104 42
5 R 23
5 W 17 83
5 C 144
2 S 145
2 R 24
2 W 218 52
2 W 19 3
2 W 126 70
2 R 21
2 W 57 81
2 W 121 46
2 R 10
2 R 27
2 W 181 23
2 R 11
2 C 145
4 S 146
4 W 212 15
4 R 29
4 R 17
4 W 15 65
4 W 196 41
4 R 30
4 W 241 67
4 W 20 98
4 R 9
4 R 172
4 W 23 17
4 R 13
4 W 9 32
4 W 15 57
4 R 21
4 R 87
4 R 24
4 W 201 52
4 W 12 74
4 R 29
4 R 2
4 R 8
4 W 30 28
4 R 90
4 R 22
4 R 21
4 R 20
4 C 146
9 S 147
9 W 17 32
9 W 85 25
9 R 58
9 W 196 33
9 W 23 30
9 R 43
9 R 78
9 R 13
9 R 11
9 R 20
9 R 9
9 W 193 96
9 R 182
9 R 188
9 W 25 30
9 R 29
9 W 85 36
9 R 51
9 W 181 81
9 W 17 12
9 W 1 16
9 R 9
9 R 134
9 W 3 26
9 W 214 44
9 W 30 64
9 W 215 11
9 R 254
9 W 11 10
9 W 8 40
9 R 11
9 W 24 75
9 C 147
6 S 148
6 R 28
6 R 33
6 R 105
6 W 139 100
6 R 17
6 R 234
6 W 7 46
6 W 29 34
6 R 21
6 R 23
6 R 217
6 W 6 46
6 W 25 79
6 W 254 40
6 W 15 93
6 W 178 62
6 R 19
6 R 193
6 C 148
0 S 149
0 R 111
0 R 27
0 R 30
0 R 21
0 W 2 1
0 R 27
0 R 8
0 W 72 36
0 W 12 78
0 R 172
0 R 0
0 R 246
0 R 181
0 R 5
0 W 102 82
0 W 210 31
0 C 149
7 S 150
7 R 174
7 W 27 42
7 R 95
7 R 169
7 R 179
7 R 136
7 R 51
7 W 30 29
7 W 103 83
7 W 18 62
7 R 12
7 W 25 49
7 C 150
4 S 151
4 W 17 80
4 R 5
4 W 21 79
4 R 14
4 W 3 90
4 R 19
4 R 188
4 R 13
4 W 175 42
4 W 234 47
4 R 4
4 R 24
4 R 71
4 R 58
4 W 59 60
4 R 0
4 W 27 15
4 R 30
4 R 242
4 W 18 67
4 R 9
4 W 19 66
4 R 18
4 R 14
4 C 151
9 S 152
9 R 3
9 R 148
9 R 25
9 R 11
9 R 19
9 W 30 45
9 W 223 20
9 W 214 52
9 W 19 41
9 W 20 44
9 W 10 6
9 W 22 8
9 W 101 40
9 W 12 61
9 W 21 45
9 W 24 0
9 R 25
9 R 1
9 R 9
9 W 25 39
9 R 5
9 R 9
9 R 12
9 R 23
9 W 6 62
9 R 25
9 W 32 25
9 R 65
9 W 30 61
9 W 5 53
9 W 254 68
9 C 152
3 S 153
3 R 12
3 W 31 65
3 R 31
3 W 30 93
3 R 87
3 R 27
3 W 15 7
3 R 6
3 W 1 34
3 W 26 15
3 W 36 8
3 R 6
3 R 30
3 C 153
6 S 154
6 W 0 42
6 W 29 43
6 R 119
6 R 2
6 R 3
6 W 157 4
6 R 32
6 W 8 76
6 R 123
6 R 4
6 R 1
6 W 1 18
6 R 15
6 W 97 62
6 R 122
6 R 165
6 R 237
6 W 84 33
6 W 19 76
6 W 124 93
6 W 5 16
6 W 29 4
6 R 5
6 W 90 71
6 R 8
6 W 9 54
6 R 26
6 W 27 74
6 W 1 32
6 C 154
5 S 155
5 W 13 81
5 W 145 16
5 W 161 4
5 R 5
5 W 49 31
5 W 2 94
5 W 8 83
5 R 208
5 R 230
5 W 4 34
5 W 115 19
5 R 91
5 R 193
5 R 31
5 R 25
5 R 216
5 W 14 17
5 R 22
5 R 108
5 W 126 72
5 R 28
5 R 111
5 R 30
5 R 16
5 W 28 99
5 C 155
0 S 156
0 W 26 91
0 R 246
0 R 94
0 R 10
0 R 18
0 R 86
0 W 13 37
0 W 22 7
0 W 24 14
0 R 16
0 R 3
0 R 125
0 W 139 60
0 W 15 49
0 R 141
0 R 5
0 W 20 59
0 R 19
0 W 28 88
0 W 168 23
0 W 22 6
0 R 196
0 W 1 23
0 C 156
8 S 157
8 R 24
8 R 22
8 W 24 29
8 R 13
8 R 13
8 R 11
8 R 13
8 W 22 90
8 W 215 54
8 R 27
8 R 6
8 R 30
8 R 106
8 W 27 19
8 R 30
8 R 202
8 W 5 4
8 C 157
1 S 158
1 W 68 74
1 W 0 83
1 R 27
1 W 101 96
1 W 28 95
1 R 30
1 W 29 82
1 R 133
1 R 104
1 R 27
1 R 14
1 W 3 98
1 W 3 88
1 R 28
1 R 14
1 W 6 64
1 R 15
1 R 188
1 W 12 100
1 R 97
1 W 106 79
1 C 158
2 S 159
2 R 211
2 W 11 13
2 R 181
2 W 4 97
2 W 12 86
2 W 28 81
2 W 20 100
2 R 31
2 R 25
2 W 32 95
2 R 30
2 R 128
2 W 13 47
2 R 10
2 W 28 15
2 W 9 5
2 W 29 60
2 R 187
2 W 8 46
2 W 16 0
2 R 23
2 W 27 2
2 R 24
2 R 10
2 R 11
2 W 252 27
2 C 159
3 S 160
3 W 5 31
3 W 26 68
3 R 10
3 W 200 76
3 R 6
3 R 209
3 W 193 86
3 R 30
3 W 88 57
3 R 3
3 W 10 32
3 R 14
3 R 45
3 W 12 81
3 R 2
3 W 29 5
3 W 10 98
3 W 25 97
3 W 217 36
3 R 16
3 R 5
3 R 222
3 W 11 22
3 R 243
3 W 16 57
3 R 0
3 R 243
3 W 189 93
3 R 96
3 W 8 1
3 R 70
3 R 22
3 C 160
2 S 161
2 W 4 69
2 R 95
2 W 2 71
2 R 12
2 W 3 7
2 W 202 38
2 W 74 88
2 R 31
2 W 31 27
2 W 70 16
2 R 18
2 R 29
2 W 17 57
2 W 18 60
2 R 7
2 W 155 45
2 W 235 96
2 W 24 70
2 W 11 43
2 W 31 77
2 R 19
2 R 11
2 R 22
2 W 1 36
2 W 9 41
2 R 192
2 W 94 77
2 W 231 68
2 C 161
5 S 162
5 R 27
5 W 27 83
5 W 59 22
5 W 19 57
5 W 27 22
5 W 4 26
5 W 29 25
5 R 26
5 W 0 24
5 W 53 34
5 W 29 88
5 R 106
5 W 136 0
5 C 162
9 S 163
9 R 17
9 R 64
9 R 40
9 W 213 74
9 R 215
9 R 30
9 R 115
9 W 198 52
9 R 11
9 W 23 78
9 R 204
9 R 70
9 W 121 84
9 W 26 23
9 W 131 36
9 R 9
9 W 19 91
9 W 10 57
9 C 163
0 S 164
0 W 4 24
0 R 124
0 W 225 49
0 R 43
0 R 14
0 R 121
0 R 2
0 R 10
0 W 3 19
0 W 17 57
0 W 9 20
0 R 212
0 W 7 90
0 R 0
0 W 254 16
0 R 148
0 R 4
0 W 26 10
0 R 0
0 R 101
0 R 0
0 R 76
0 W 27 31
0 W 41 95
0 R 17
0 C 164
1 S 165
1 W 2 28
1 R 69
1 R 2
1 W 30 6
1 R 41
1 R 2
1 W 6 43
1 R 0
1 W 26 33
1 W 236 23
1 R 27
1 W 23 34
1 R 155
1 R 21
1 R 215
1 W 37 89
1 W 206 4
1 R 2
1 R 190
1 W 22 0
1 R 9
1 W 25 37
1 W 105 80
1 W 30 95
1 W 10 0
1 R 15
1 W 155 14
1 R 170
1 R 6
1 W 3 4
1 W 17 12
1 W 91 73
1 C 165
7 S 166
7 W 203 83
7 W 30 17
7 W 251 6
7 R 229
7 W 7 3
7 R 21
7 W 52 59
7 R 119
7 W 151 34
7 R 116
7 W 2 65
7 W 23 54
7 C 166
8 S 167
8 R 28
8 R 5
8 W 153 64
8 R 206
8 R 28
8 R 22
8 R 91
8 W 21 80
8 R 108
8 W 2 65
8 W 246 37
8 W 28 16
8 R 102
8 R 223
8 W 15 80
8 W 30 40
8 W 11 63
8 W 151 16
8 W 13 64
8 W 24 29
8 R 17
8 W 220 45
8 R 128
8 W 31 9
8 R 31
8 R 111
8 R 97
8 C 167
4 S 168
4 R 45
4 R 16
4 W 15 6
4 W 15 61
4 R 25
4 R 19
4 R 170
4 W 13 57
4 R 12
4 W 229 51
4 R 28
4 R 22
4 R 6
4 R 16
4 W 248 6
4 R 15
4 W 34 5
4 R 82
4 R 17
4 R 4
4 W 2 11
4 R 27
4 R 138
4 R 163
4 W 18 54
4 W 8 81
4 R 133
4 W 32 70
4 R 23
4 R 11
4 C 168
6 S 169
6 R 118
6 W 31 18
6 W 14 12
6 R 146
6 W 26 95
6 W 143 54
6 R 202
6 W 9 9
6 R 19
6 R 2
6 W 13 64
6 W 7 25
6 R 2
6 W 148 4
6 W 26 11
6 W 29 49
6 W 23 82
6 W 146 4
6 W 222 6
6 W 12 6
6 C 169
1 S 170
1 W 150 1
1 R 236
1 R 178
1 R 95
1 W 13 45
1 W 12 11
1 W 185 36
1 R 30
1 R 0
1 R 11
1 W 15 32
1 R 8
1 R 91
1 R 10
1 W 59 51
1 W 218 13
1 R 18
1 W 0 81
1 W 29 22
1 R 224
1 C 170
2 S 171
2 W 31 10
2 W 99 23
2 W 169 45
2 R 19
2 W 28 22
2 R 144
2 R 21
2 R 30
2 R 13
2 W 3 37
2 W 30 78
2 W 103 9
2 C 171
8 S 172
8 W 11 72
8 W 24 65
8 W 31 78
8 W 225 4
8 R 28
8 R 14
8 W 0 36
8 W 28 26
8 W 12 25
8 W 2 86
8 R 22
8 R 93
8 R 11
8 W 16 96
8 R 5
8 W 30 14
8 W 18 54
8 R 22
8 W 29 90
8 W 17 19
8 R 18
8 W 7 98
8 W 18 19
8 R 6
8 W 21 17
8 R 9
8 W 20 36
8 R 7
8 C 172
5 S 173
5 R 26
5 R 16
5 W 247 13
5 W 29 83
5 W 216 26
5 R 137
5 R 135
5 W 14 85
5 W 6 71
5 W 4 40
5 W 180 2
5 R 138
5 W 93 95
5 R 27
5 W 139 52
5 W 176 58
5 R 1
5 R 0
5 W 14 64
5 W 22 71
5 R 66
5 C 173
4 S 174
4 R 3
4 R 19
4 R 244
4 W 11 86
4 W 75 70
4 R 20
4 R 23
4 R 13
4 W 6 51
4 W 6 76
4 R 31
4 W 3 53
4 W 4 57
4 R 30
4 R 170
4 W 20 96
4 W 20 36
4 R 12
4 R 14
4 C 174
7 S 175
7 R 9
7 R 101
7 R 26
7 W 10 15
7 W 1 63
7 R 14
7 R 24
7 W 20 94
7 W 5 98
7 R 158
7 R 31
7 R 77
7 R 104
7 R 8
7 W 20 49
7 R 5
7 W 10 41
7 W 229 72
7 W 12 16
7 R 29
7 R 26
7 W 70 54
7 W 8 72
7 R 11
7 W 19 7
7 C 175
9 S 176
9 W 132 42
9 W 22 47
9 W 2 22
9 R 6
9 R 219
9 W 17 35
9 R 203
9 R 102
9 R 17
9 R 12
9 R 104
9 W 17 19
9 R 45
9 C 176
6 S 177
6 R 3
6 W 226 4
6 W 11 61
6 W 28 31
6 R 27
6 W 22 15
6 W 97 34
6 R 3
6 W 128 39
6 W 7 28
6 W 5 61
6 R 2
6 R 20
6 R 131
6 W 225 40
6 R 27
6 R 177
6 R 24
6 R 29
6 W 197 32
6 R 14
6 R 9
6 W 9 12
6 W 106 91
6 W 27 26
6 C 177
0 S 178
0 R 72
0 R 29
0 R 9
0 W 24 20
0 R 26
0 R 17
0 W 134 65
0 R 2
0 W 0 10
0 W 206 43
0 R 209
0 W 28 42
0 R 38
0 W 71 80
0 W 6 29
0 R 92
0 C 178
3 S 179
3 R 12
3 W 16 100
3 R 29
3 R 29
3 W 183 8
3 R 26
3 W 4 9
3 R 31
3 R 25
3 R 27
3 R 191
3 W 3 19
3 R 16
3 W 5 41
3 W 134 67
3 R 3
3 C 179
2 S 180
2 R 3
2 W 86 96
2 W 16 49
2 R 9
2 W 180 13
2 R 0
2 W 1 67
2 R 29
2 W 30 45
2 W 22 92
2 W 29 34
2 W 17 63
2 R 23
2 W 21 21
2 W 14 52
2 C 180
1 S 181
1 W 18 67
1 R 14
1 R 17
1 W 155 82
1 W 151 19
1 W 231 34
1 W 30 96
1 R 29
1 R 73
1 W 15 17
1 R 23
1 R 204
1 C 181
3 S 182
3 W 111 96
3 W 5 39
3 R 10
3 W 27 15
3 W 191 2
3 R 13
3 R 117
3 R 10
3 R 9
3 W 83 3
3 R 23
3 R 94
3 R 71
3 R 16
3 R 207
3 C 182
7 S 183
7 W 29 70
7 W 27 65
7 W 20 20
7 W 14 12
7 W 107 47
7 W 18 18
7 W 239 58
7 W 27 62
7 W 0 60
7 R 6
7 R 105
7 W 4 45
7 R 8
7 W 21 36
7 R 217
7 R 14
7 R 248
7 W 18 32
7 W 54 1
7 R 0
7 W 3 77
7 R 1
7 R 10
7 R 40
7 W 144 69
7 R 4
7 W 204 29
7 W 21 9
7 W 4 78
7 R 3
7 W 24 28
7 W 17 89
7 C 183
8 S 184
8 W 130 4
8 R 94
8 R 169
8 R 27
8 R 144
8 R 16
8 R 17
8 W 196 79
8 W 3 61
8 W 97 40
8 W 38 30
8 R 27
8 R 37
8 R 12
8 R 5
8 R 80
8 W 8 0
8 R 4
8 W 188 91
8 W 9 91
8 R 184
8 W 121 73
8 C 184
5 S 185
5 R 18
5 R 3
5 W 239 25
5 W 252 20
5 R 10
5 W 12 42
5 R 16
5 R 30
5 R 10
5 R 7
5 W 30 74
5 R 15
5 W 85 67
5 W 35 57
5 W 20 16
5 W 16 46
5 W 11 34
5 R 47
5 R 128
5 W 16 26
5 R 117
5 W 55 20
5 W 162 78
5 W 68 2
5 R 12
5 C 185
9 S 186
9 R 118
9 W 18 35
9 W 15 14
9 R 89
9 R 47
9 R 27
9 R 239
9 R 112
9 W 27 11
9 R 120
9 W 0 24
9 R 24
9 W 142 16
9 W 71 88
9 R 27
9 W 152 84
9 R 4
9 W 107 35
9 W 6 37
9 R 107
9 W 214 59
9 W 16 55
9 R 27
9 R 24
9 R 129
9 R 25
9 R 60
9 W 41 72
9 R 18
9 C 186
4 S 187
4 W 16 78
4 R 67
4 W 143 33
4 R 99
4 R 20
4 R 71
4 R 27
4 R 7
4 R 26
4 W 31 91
4 R 30
4 W 7 85
4 R 221
4 W 144 62
4 W 228 1
4 W 9 97
4 R 1
4 W 28 21
4 R 10
4 W 31 75
4 R 23
4 R 4
4 R 31
4 R 19
4 W 117 77
4 W 108 78
4 W 31 6
4 R 11
4 W 24 39
4 W 170 19
4 R 46
4 W 19 74
4 C 187
0 S 188
0 W 21 93
0 W 190 94
0 W 6 41
0 W 7 35
0 R 158
0 R 30
0 W 9 19
0 W 9 77
0 W 221 85
0 W 19 74
0 W 6 4
0 R 30
0 R 75
0 W 101 58
0 R 20
0 W 4 71
0 W 25 10
0 W 234 32
0 W 21 45
0 C 188
6 S 189
6 R 18
6 W 5 82
6 R 10
6 R 24
6 R 8
6 R 30
6 R 21
6 W 5 94
6 W 21 72
6 W 24 6
6 R 4
6 W 4 70
6 R 12
6 W 12 97
6 R 11
6 W 24 66
6 W 13 20
6 R 31
6 R 10
6 R 101
6 R 16
6 R 116
6 W 136 27
6 W 26 97
6 W 1 36
6 R 126
6 W 151 10
6 R 30
6 R 7
6 W 15 85
6 R 14
6 R 49
6 C 189
7 S 190
7 W 31 78
7 R 100
7 R 22
7 W 8 16
7 W 24 76
7 R 155
7 W 17 55
7 W 23 6
7 W 9 13
7 W 164 43
7 W 20 11
7 C 190
5 S 191
5 W 2 47
5 R 27
5 W 126 21
5 W 11 38
5 R 9
5 R 35
5 R 2
5 W 21 27
5 R 5
5 W 31 78
5 W 157 69
5 W 11 60
5 R 168
5 R 21
5 R 4
5 W 3 87
5 W 24 78
5 R 10
5 R 209
5 W 6 46
5 C 191
4 S 192
4 W 29 54
4 W 3 6
4 R 12
4 R 17
4 R 0
4 W 82 96
4 R 207
4 R 30
4 W 24 10
4 W 10 49
4 R 26
4 R 153
4 W 74 62
4 W 8 78
4 W 3 47
4 W 15 25
4 R 25
4 W 203 80
4 W 19 22
4 W 21 31
4 W 132 62
4 W 28 82
4 R 21
4 R 22
4 R 144
4 W 194 22
4 R 10
4 R 26
4 R 61
4 W 20 85
4 C 192
3 S 193
3 R 11
3 W 4 69
3 W 12 18
3 W 19 69
3 W 91 78
3 W 227 26
3 W 184 14
3 W 16 86
3 W 27 26
3 W 143 90
3 W 17 46
3 W 14 47
3 C 193
9 S 194
9 R 43
9 R 242
9 R 149
9 W 170 5
9 R 29
9 R 224
9 W 10 68
9 R 0
9 W 11 83
9 R 23
9 R 5
9 R 27
9 W 149 100
9 W 5 75
9 W 21 36
9 W 23 60
9 C 194
2 S 195
2 W 31 13
2 W 12 40
2 R 30
2 R 152
2 R 248
2 R 200
2 W 170 47
2 R 16
2 W 8 72
2 R 25
2 W 20 67
2 W 143 61
2 W 7 31
2 W 23 86
2 R 27
2 W 188 26
2 R 21
2 R 6
2 R 21
2 W 2 13
2 R 15
2 R 186
2 R 14
2 R 214
2 W 39 47
2 R 143
2 W 19 76
2 W 15 35
2 C 195
0 S 196
0 R 6
0 R 129
0 W 15 40
0 R 158
0 W 8 62
0 W 206 63
0 R 28
0 R 9
0 W 16 87
0 R 36
0 R 100
0 R 19
0 W 18 50
0 C 196
8 S 197
8 W 29 36
8 R 0
8 W 8 70
8 R 30
8 R 14
8 W 17 87
8 R 28
8 R 185
8 R 29
8 W 156 96
8 W 4 88
8 W 188 54
8 R 6
8 R 31
8 W 12 90
8 W 4 54
8 R 234
8 R 151
8 W 22 1
8 R 5
8 R 205
8 R 30
8 R 251
8 R 2
8 R 38
8 C 197
1 S 198
1 R 169
1 R 20
1 R 186
1 W 2 49
1 R 18
1 W 35 17
1 R 10
1 R 223
1 R 208
1 W 20 41
1 W 14 66
1 W 81 27
1 R 20
1 R 134
1 W 10 40
1 R 109
1 W 48 95
1 R 5
1 W 68 95
1 W 21 45
1 W 7 81
1 R 13
1 W 109 20
1 R 86
1 W 13 97
1 R 21
1 R 27
1 R 4
1 R 73
1 W 26 4
1 W 216 29
1 W 30 17
1 C 198
6 S 199
6 R 250
6 R 254
6 R 14
6 R 105
6 R 0
6 R 27
6 R 24
6 R 10
6 W 77 98
6 W 163 23
6 R 128
6 C 199
8 S 200
8 R 112
8 R 24
8 W 26 78
8 R 170
8 R 19
8 W 218 58
8 R 22
8 W 27 8
8 R 13
8 W 250 71
8 R 22
8 W 28 98
8 W 163 51
8 R 5
8 W 6 87
8 W 2 54
8 R 8
8 R 116
8 R 14
8 W 129 77
8 R 240
8 W 14 34
8 R 27
8 W 8 98
8 R 68
8 W 27 91
8 R 27
8 W 90 53
8 R 109
8 C 200
0 S 201
0 W 4 37
0 W 219 80
0 W 199 25
0 R 25
0 W 200 38
0 W 25 1
0 W 46 40
0 R 197
0 R 28
0 W 25 14
0 R 20
0 W 14 9
0 R 15
0 R 14
0 R 6
0 R 28
0 W 27 99
0 R 24
0 C 201
5 S 202
5 R 69
5 W 7 17
5 W 6 52
5 R 81
5 W 21 75
5 W 15 25
5 R 20
5 R 3
5 W 79 8
5 W 1 66
5 R 7
5 W 24 69
5 W 172 91
5 W 242 84
5 R 31
5 W 19 93
5 R 239
5 W 158 54
5 W 145 15
5 C 202
4 S 203
4 W 17 94
4 R 188
4 R 26
4 W 136 88
4 W 23 67
4 W 23 19
4 W 24 8
4 W 12 41
4 R 35
4 R 14
4 R 78
4 R 247
4 W 94 46
4 R 139
4 R 25
4 W 8 25
4 R 116
4 W 11 44
4 C 203
3 S 204
3 W 26 73
3 W 15 58
3 R 110
3 W 12 34
3 R 30
3 W 28 86
3 R 192
3 W 27 15
3 R 1
3 R 20
3 W 170 10
3 W 4 81
3 W 7 83
3 R 32
3 R 97
3 W 17 99
3 W 253 17
3 R 101
3 R 12
3 R 7
3 R 45
3 R 203
3 C 204
7 S 205
7 W 8 1
7 W 5 43
7 R 2
7 W 136 18
7 W 199 78
7 R 28
7 W 40 28
7 R 29
7 W 6 27
7 R 76
7 W 211 55
7 W 51 68
7 R 15
7 W 1 15
7 R 226
7 R 20
7 R 15
7 R 211
7 W 179 35
7 W 30 8
7 R 99
7 W 18 95
7 C 205
9 S 206
9 W 114 20
9 R 24
9 R 0
9 W 24 9
9 R 5
9 R 5
9 R 17
9 W 21 86
9 W 23 14
9 R 4
9 W 30 57
9 W 44 66
9 W 119 91
9 R 7
9 R 9
9 W 0 77
9 R 15
9 C 206
1 S 207
1 W 51 47
1 R 3
1 W 15 97
1 W 238 19
1 R 25
1 R 0
1 R 115
1 R 170
1 W 11 30
1 W 0 81
1 R 20
1 R 2
1 W 228 19
1 W 112 40
1 R 189
1 W 27 76
1 W 9 64
1 R 2
1 R 22
1 R 224
1 R 234
1 W 30 28
1 R 6
1 W 17 61
1 R 4
1 R 8
1 W 0 74
1 W 28 23
1 R 5
1 W 16 68
1 C 207
2 S 208
2 W 24 28
2 W 19 33
2 W 11 64
2 R 16
2 R 18
2 W 68 69
2 W 18 67
2 W 1 37
2 W 25 43
2 W 16 80
2 W 65 99
2 W 1 79
2 R 217
2 W 200 73
2 R 10
2 W 254 87
2 W 27 11
2 R 26
2 W 3 36
2 R 30
2 W 11 83
2 C 208
6 S 209
6 W 135 59
6 W 13 6
6 R 147
6 W 148 58
6 W 6 50
6 R 22
6 W 56 31
6 R 17
6 W 21 77
6 R 219
6 R 27
6 W 97 57
6 R 28
6 R 10
6 W 214 27
6 W 173 92
6 W 98 43
6 W 42 16
6 R 194
6 R 222
6 W 15 66
6 W 146 51
6 R 113
6 R 233
6 R 27
6 R 24
6 R 176
6 W 19 43
6 R 58
6 R 25
6 C 209
0 S 210
0 R 10
0 R 23
0 W 187 44
0 R 30
0 R 0
0 W 30 58
0 R 21
0 R 63
0 R 28
0 W 7 37
0 W 21 70
0 R 12
0 R 26
0 W 25 38
0 W 169 17
0 W 12 80
0 C 210
3 S 211
3 W 1 26
3 W 138 16
3 R 10
3 W 24 52
3 W 15 37
3 R 70
3 W 81 62
3 W 182 9
3 W 66 31
3 W 12 76
3 W 211 64
3 W 69 95
3 W 216 6
3 R 63
3 W 60 54
3 W 13 4
3 W 7 44
3 R 8
3 R 125
3 W 24 71
3 R 19
3 W 29 6
3 R 90
3 W 0 90
3 C 211
9 S 212
9 W 12 11
9 W 3 14
9 R 17
9 W 20 66
9 W 195 38
9 R 25
9 W 10 66
9 W 27 61
9 W 20 98
9 R 18
9 W 242 87
9 R 29
9 R 19
9 W 15 90
9 R 4
9 W 239 50
9 C 212
6 S 213
6 R 26
6 W 43 49
6 R 24
6 R 3
6 W 13 36
6 R 29
6 W 87 7
6 R 20
6 W 15 43
6 R 36
6 W 252 60
6 W 2 97
6 C 213
5 S 214
5 R 15
5 R 251
5 W 27 52
5 R 1
5 R 110
5 W 21 56
5 W 27 73
5 R 159
5 R 26
5 W 44 8
5 R 12
5 W 1 38
5 R 4
5 R 8
5 R 254
5 W 224 59
5 R 11
5 W 4 7
5 R 96
5 W 21 5
5 C 214
8 S 215
8 R 23
8 W 17 11
8 R 114
8 R 17
8 R 76
8 W 3 75
8 W 189 7
8 W 5 4
8 W 12 31
8 W 206 0
8 W 23 60
8 R 24
8 W 14 45
8 W 0 31
8 W 178 55
8 W 9 1
8 W 24 100
8 R 229
8 W 7 54
8 C 215
2 S 216
2 W 253 56
2 W 9 32
2 W 18 4
2 W 21 46
2 W 18 24
2 W 23 16
2 W 251 74
2 W 25 15
2 W 5 9
2 W 93 41
2 W 88 51
2 W 242 65
2 W 76 79
2 R 28
2 R 17
2 W 81 36
2 R 246
2 R 9
2 R 27
2 W 1 62
2 W 203 100
2 W 87 36
2 R 0
2 W 15 38
2 R 125
2 W 25 25
2 W 7 63
2 W 32 45
2 W 11 54
2 C 216
1 S 217
1 W 21 10
1 R 203
1 W 95 28
1 W 157 61
1 W 29 100
1 R 10
1 R 0
1 R 159
1 R 17
1 W 184 85
1 W 25 67
1 C 217
7 S 218
7 W 7 73
7 W 32 70
7 R 57
7 R 0
7 W 21 1
7 R 28
7 R 1
7 R 23
7 W 8 86
7 R 28
7 W 19 14
7 R 40
7 R 21
7 W 28 19
7 R 14
7 R 14
7 W 84 2
7 R 22
7 R 231
7 R 250
7 R 12
7 W 93 53
7 W 5 25
7 C 218
4 S 219
4 R 188
4 R 17
4 W 173 30
4 W 0 29
4 R 31
4 W 9 3
4 W 2 32
4 W 2 88
4 W 9 56
4 W 40 14
4 R 128
4 R 144
4 W 22 7
4 W 24 30
4 R 46
4 W 29 68
4 W 182 17
4 R 2
4 C 219
6 S 220
6 W 245 29
6 W 12 16
6 R 1
6 R 28
6 R 19
6 W 174 100
6 W 10 72
6 W 26 65
6 W 29 88
6 W 49 4
6 R 10
6 W 11 76
6 W 137 58
6 R 33
6 W 12 33
6 R 238
6 R 21
6 R 12
6 W 26 20
6 C 220
5 S 221
5 R 19
5 W 95 58
5 R 24
5 W 37 14
5 W 239 48
5 R 28
5 W 218 70
5 W 19 61
5 W 195 8
5 R 26
5 W 252 78
5 R 2
5 R 6
5 R 178
5 W 27 44
5 R 1
5 R 223
5 R 4
5 W 189 66
5 R 6
5 W 14 65
5 W 18 74
5 W 1 67
5 W 12 55
5 W 10 56
5 W 161 63
5 W 9 31
5 W 80 22
5 W 17 19
5 W 0 12
5 R 27
5 W 12 89
5 C 221
4 S 222
4 W 2 10
4 R 171
4 W 25 72
4 W 98 30
4 W 222 58
4 R 159
4 R 60
4 R 7
4 R 58
4 R 29
4 R 7
4 R 30
4 W 3 40
4 W 171 10
4 W 2 55
4 C 222
1 S 223
1 W 180 23
1 R 171
1 R 43
1 R 21
1 W 16 67
1 W 5 0
1 R 200
1 W 23 42
1 R 40
1 R 27
1 W 20 60
1 R 153
1 R 21
1 W 5 20
1 W 28 20
1 W 11 100
1 W 7 17
1 W 5 60
1 W 11 22
1 R 103
1 W 27 45
1 W 67 14
1 C 223
8 S 224
8 R 78
8 W 17 54
8 R 11
8 W 111 63
8 W 213 32
8 W 10 54
8 W 8 26
8 R 14
8 W 29 31
8 R 31
8 R 84
8 W 22 21
8 W 182 38
8 W 9 10
8 W 138 65
8 R 145
8 W 19 76
8 R 8
8 W 7 97
8 R 14
8 R 5
8 W 19 81
8 W 5 67
8 C 224
2 S 225
2 W 53 92
2 W 31 50
2 W 105 44
2 R 1
2 R 6
2 W 11 15
2 W 30 0
2 W 12 91
2 R 124
2 W 7 67
2 R 210
2 R 27
2 W 15 11
2 R 17
2 W 101 87
2 R 185
2 W 7 31
2 R 242
2 W 16 1
2 R 140
2 C 225
3 S 226
3 R 28
3 W 28 11
3 W 1 41
3 W 59 61
3 W 10 71
3 R 21
3 W 88 44
3 R 6
3 R 12
3 W 75 62
3 W 26 18
3 W 22 10
3 R 0
3 W 54 37
3 R 24
3 W 8 81
3 R 223
3 W 28 37
3 R 47
3 W 177 50
3 R 26
3 R 1
3 W 181 20
3 C 226
9 S 227
9 R 29
9 R 15
9 W 30 87
9 R 21
9 W 7 42
9 R 30
9 W 8 56
9 W 225 25
9 W 9 31
9 W 141 83
9 W 0 73
9 R 26
9 W 31 33
9 W 12 95
9 R 6
9 R 76
9 R 23
9 R 10
9 R 104
9 W 5 74
9 R 27
9 W 24 27
9 R 199
9 R 100
9 W 85 72
9 C 227
7 S 228
7 R 11
7 R 62
7 R 27
7 R 39
7 W 3 22
7 R 5
7 R 211
7 R 196
7 R 76
7 W 250 81
7 R 96
7 R 210
7 W 17 15
7 W 18 96
7 R 206
7 W 172 37
7 R 3
7 W 24 3
7 W 14 71
7 R 9
7 R 3
7 R 9
7 W 16 77
7 W 31 80
7 W 18 15
7 W 73 4
7 R 191
7 R 22
7 W 126 2
7 W 25 37
7 R 162
7 C 228
0 S 229
0 R 239
0 W 12 42
0 R 93
0 R 20
0 R 64
0 W 29 59
0 W 17 37
0 W 203 1
0 W 22 59
0 W 28 3
0 W 18 93
0 W 253 91
0 R 3
0 R 168
0 W 176 2
0 C 229
4 S 230
4 W 2 43
4 W 14 84
4 W 30 79
4 W 16 22
4 W 5 57
4 R 19
4 R 8
4 R 24
4 R 255
4 R 27
4 R 66
4 R 47
4 R 12
4 W 19 48
4 R 19
4 R 14
4 W 25 15
4 C 230
8 S 231
8 R 3
8 W 170 61
8 W 97 42
8 R 34
8 R 2
8 W 2 47
8 W 160 72
8 W 4 23
8 R 31
8 R 24
8 W 24 28
8 C 231
0 S 232
0 R 24
0 R 2
0 R 17
0 W 85 84
0 W 16 72
0 R 147
0 W 28 97
0 W 77 8
0 W 206 68
0 W 7 83
0 W 9 26
0 W 24 73
0 C 232
3 S 233
3 R 8
3 W 177 71
3 R 130
3 W 75 100
3 R 28
3 W 25 21
3 R 215
3 W 18 21
3 R 9
3 W 51 78
3 R 71
3 W 4 58
3 W 23 36
3 R 7
3 R 27
3 R 193
3 W 20 37
3 R 113
3 R 8
3 W 12 40
3 W 203 50
3 W 42 79
3 R 7
3 W 5 62
3 R 22
3 W 28 56
3 C 233
2 S 234
2 R 137
2 R 47
2 W 64 36
2 R 97
2 R 7
2 R 47
2 W 37 24
2 R 9
2 R 83
2 W 181 51
2 R 70
2 W 91 84
2 W 22 52
2 R 199
2 R 27
2 W 3 15
2 W 177 46
2 W 39 18
2 R 31
2 R 32
2 W 4 5
2 C 234
9 S 235
9 W 160 93
9 R 210
9 W 1 76
9 W 15 97
9 R 152
9 W 188 48
9 W 16 70
9 W 8 81
9 W 0 30
9 R 7
9 R 18
9 R 35
9 W 253 63
9 W 5 19
9 R 23
9 W 8 7
9 C 235
5 S 236
5 R 16
5 W 9 75
5 W 30 72
5 R 25
5 W 27 55
5 R 55
5 W 12 52
5 R 88
5 R 181
5 R 154
5 W 20 45
5 W 6 80
5 W 127 48
5 R 172
5 W 19 37
5 R 30
5 C 236
7 S 237
7 W 1 19
7 W 8 8
7 R 27
7 R 109
7 W 15 52
7 R 18
7 R 28
7 R 31
7 W 127 84
7 R 125
7 R 17
7 W 14 84
7 R 25
7 R 186
7 R 55
7 W 20 47
7 C 237
6 S 238
6 W 10 30
6 R 26
6 W 22 49
6 R 22
6 W 27 59
6 W 52 56
6 W 16 76
6 W 4 26
6 R 20
6 W 1 24
6 R 127
6 W 7 94
6 R 2
6 W 216 85
6 W 2 99
6 C 238
1 S 239
1 W 14 32
1 W 14 16
1 W 74 50
1 R 83
1 R 24
1 W 59 5
1 W 210 28
1 W 0 20
1 R 19
1 W 26 1
1 R 178
1 R 128
1 W 112 24
1 R 207
1 R 244
1 R 101
1 C 239
3 S 240
3 R 17
3 R 103
3 R 21
3 W 31 75
3 R 49
3 R 19
3 W 136 31
3 W 208 61
3 W 15 52
3 R 8
3 C 240
7 S 241
7 R 214
7 W 42 20
7 W 30 51
7 R 113
7 W 240 56
7 R 26
7 W 10 70
7 R 39
7 R 252
7 W 19 99
7 R 16
7 W 15 67
7 W 158 26
7 R 232
7 W 11 88
7 R 7
7 R 22
7 R 13
7 R 224
7 W 4 51
7 R 100
7 R 6
7 W 17 70
7 C 241
2 S 242
2 R 1
2 R 80
2 W 201 25
2 R 18
2 W 142 87
2 R 74
2 R 172
2 R 18
2 R 9
2 W 12 83
2 R 3
2 R 19
2 R 4
2 W 20 73
2 W 217 74
2 W 15 34
2 R 22
2 R 206
2 W 25 41
2 R 13
2 W 220 66
2 R 3
2 R 12
2 R 244
2 C 242
9 S 243
9 W 187 43
9 R 97
9 R 182
9 W 19 27
9 R 8
9 W 6 33
9 R 9
9 W 2 79
9 W 226 32
9 R 106
9 R 27
9 R 221
9 W 25 67
9 R 12
9 W 18 29
9 C 243
1 S 244
1 W 27 9
1 R 67
1 W 7 68
1 W 234 18
1 R 8
1 R 24
1 W 214 1
1 R 68
1 W 25 36
1 R 4
1 R 17
1 R 13
1 R 153
1 R 31
1 W 4 27
1 R 7
1 W 95 48
1 R 185
1 W 233 28
1 W 31 44
1 W 99 12
1 R 154
1 W 235 54
1 W 9 2
1 R 34
1 R 17
1 R 7
1 R 182
1 W 236 18
1 C 244
0 S 245
0 W 6 29
0 R 7
0 W 187 57
0 W 8 75
0 R 5
0 R 152
0 W 30 16
0 W 27 88
0 W 21 51
0 R 23
0 W 147 85
0 R 28
0 R 3
0 R 29
0 R 30
0 W 1 38
0 R 230
0 R 207
0 R 20
0 R 31
0 C 245
4 S 246
4 W 18 70
4 R 202
4 R 0
4 W 0 73
4 R 162
4 R 83
4 R 25
4 W 16 94
4 R 231
4 W 27 51
4 R 6
4 R 166
4 R 19
4 R 0
4 R 214
4 W 3 65
4 W 18 95
4 W 23 30
4 R 23
4 W 12 91
4 W 43 66
4 C 246
5 S 247
5 R 51
5 R 10
5 W 69 77
5 W 23 6
5 W 207 53
5 W 13 21
5 R 8
5 R 136
5 W 16 51
5 W 172 27
5 R 25
5 R 17
5 W 25 30
5 R 60
5 R 81
5 R 28
5 W 22 72
5 W 176 45
5 R 14
5 R 172
5 R 3
5 W 1 94
5 W 7 78
5 C 247
6 S 248
6 R 4
6 R 31
6 W 30 86
6 R 7
6 W 21 100
6 W 23 32
6 R 208
6 W 28 57
6 W 26 60
6 W 27 11
6 W 9 88
6 W 30 55
6 R 14
6 W 21 11
6 W 18 36
6 R 29
6 R 8
6 W 32 5
6 W 32 51
6 C 248
8 S 249
8 W 128 75
8 W 31 2
8 R 23
8 W 2 88
8 W 198 22
8 W 105 34
8 R 118
8 R 12
8 W 7 3
8 W 180 2
8 W 210 50
8 W 13 54
8 W 31 14
8 R 19
8 R 20
8 W 4 49
8 W 21 95
8 R 4
8 R 3
8 R 251
8 R 223
8 W 40 29
8 R 16
8 R 13
8 W 92 83
8 W 22 6
8 C 249
7 S 250
7 R 250
7 R 20
7 W 6 89
7 R 3
7 R 26
7 R 33
7 R 29
7 R 224
7 R 8
7 R 14
7 R 203
7 R 113
7 W 239 82
7 R 19
7 R 22
7 W 20 42
7 R 175
7 R 10
7 R 222
7 C 250
4 S 251
4 R 90
4 R 201
4 R 28
4 R 149
4 W 189 5
4 R 14
4 W 17 97
4 W 25 17
4 R 12
4 R 228
4 W 16 67
4 W 22 29
4 R 83
4 W 9 45
4 W 105 7
4 R 27
4 R 28
4 R 161
4 R 17
4 C 251
1 S 252
1 R 15
1 W 29 81
1 W 24 41
1 R 228
1 W 12 100
1 W 12 79
1 R 245
1 R 36
1 R 14
1 W 28 27
1 W 215 91
1 W 27 24
1 R 26
1 R 179
1 R 1
1 R 27
1 R 13
1 W 10 7
1 W 64 46
1 W 18 93
1 W 37 6
1 R 9
1 W 120 87
1 R 13
1 R 30
1 C 252
6 S 253
6 W 198 84
6 R 27
6 R 31
6 R 122
6 W 0 37
6 W 31 70
6 R 161
6 W 238 34
6 W 22 83
6 W 28 54
6 W 19 4
6 R 22
6 R 4
6 R 8
6 W 88 38
6 R 4
6 R 145
6 W 23 78
6 R 15
6 W 171 55
6 W 15 2
6 R 9
6 C 253
5 S 254
5 R 63
5 W 11 53
5 W 225 42
5 R 7
5 R 11
5 W 138 48
5 R 244
5 R 4
5 W 27 59
5 R 41
5 W 187 51
5 R 6
5 R 24
5 W 170 62
5 R 7
5 W 169 20
5 R 28
5 C 254
3 S 255
3 R 154
3 W 19 70
3 R 14
3 W 243 24
3 W 254 79
3 R 197
3 R 16
3 W 8 100
3 W 42 23
3 R 15
3 R 26
3 W 5 8
3 R 30
3 W 115 7
3 W 25 82
3 R 93
3 C 255
2 S 256
2 R 4
2 W 102 86
2 W 12 29
2 R 95
2 W 24 73
2 R 218
2 R 104
2 R 192
2 W 14 69
2 R 234
2 W 195 29
2 R 66
2 W 19 3
2 W 53 6
2 W 30 56
2 R 206
2 W 34 64
2 W 17 57
2 R 8
2 R 214
2 R 26
2 W 115 11
2 W 20 38
2 W 33 29
2 W 2 32
2 W 18 94
2 C 256
8 S 257
8 R 7
8 R 203
8 R 3
8 W 30 72
8 W 25 31
8 R 158
8 R 28
8 R 25
8 R 27
8 W 21 74
8 W 2 95
8 R 11
8 R 23
8 W 24 18
8 W 0 99
8 W 0 79
8 W 160 62
8 W 96 96
8 W 13 45
8 W 9 67
8 W 5 10
8 C 257
9 S 258
9 W 10 10
9 R 27
9 W 113 18
9 R 24
9 R 26
9 R 160
9 W 19 87
9 W 124 68
9 W 52 75
9 W 6 98
9 W 127 93
9 R 16
9 R 0
9 R 9
9 R 11
9 R 28
9 R 14
9 R 13
9 W 179 89
9 R 79
9 R 25
9 W 204 20
9 W 80 92
9 R 3
9 W 60 75
9 W 16 33
9 R 238
9 W 65 76
9 R 15
9 C 258
0 S 259
0 R 6
0 W 14 18
0 R 15
0 W 14 45
0 W 4 4
0 W 24 86
0 W 5 69
0 W 5 75
0 W 220 0
0 W 42 52
0 W 4 32
0 R 21
0 W 18 100
0 W 245 51
0 R 106
0 R 120
0 W 15 32
0 W 192 82
0 W 157 85
0 W 233 14
0 C 259
4 S 260
4 R 31
4 W 5 23
4 W 23 83
4 R 17
4 R 15
4 R 16
4 R 26
4 R 24
4 R 189
4 W 8 26
4 W 89 84
4 C 260
5 S 261
5 R 28
5 W 30 7
5 R 178
5 R 113
5 R 22
5 R 16
5 W 18 44
5 R 14
5 R 17
5 R 244
5 W 48 51
5 W 9 94
5 R 27
5 R 31
5 R 26
5 W 93 20
5 W 8 16
5 R 25
5 R 12
5 R 13
5 R 222
5 R 20
5 R 27
5 R 11
5 W 22 74
5 R 21
5 W 28 20
5 R 2
5 C 261
9 S 262
9 W 10 86
9 W 5 22
9 W 19 18
9 W 29 65
9 R 64
9 R 5
9 R 180
9 W 6 95
9 W 21 82
9 W 13 9
9 C 262
3 S 263
3 W 2 77
3 W 21 76
3 W 29 61
3 W 22 72
3 W 192 11
3 R 16
3 W 1 48
3 W 7 79
3 R 14
3 W 8 84
3 R 76
3 R 7
3 R 29
3 W 4 93
3 W 4 12
3 R 230
3 R 19
3 R 24
3 W 171 33
3 R 242
3 R 168
3 R 13
3 W 12 28
3 R 157
3 R 28
3 W 1 20
3 W 59 31
3 W 14 71
3 C 263
2 S 264
2 R 11
2 W 11 4
2 R 247
2 R 31
2 W 94 70
2 W 167 54
2 R 110
2 W 212 17
2 R 211
2 W 24 43
2 W 182 92
2 R 19
2 R 27
2 W 10 73
2 R 18
2 R 4
2 C 264
7 S 265
7 W 12 57
7 W 14 9
7 R 25
7 W 19 48
7 R 20
7 W 16 100
7 R 78
7 R 23
7 W 24 25
7 W 30 7
7 R 6
7 R 27
7 R 200
7 W 14 67
7 R 28
7 R 29
7 W 5 25
7 W 98 47
7 W 27 92
7 W 20 99
7 C 265
1 S 266
1 R 2
1 W 1 7
1 R 36
1 W 21 6
1 W 27 98
1 R 12
1 W 7 78
1 R 9
1 R 8
1 W 28 89
1 W 27 57
1 R 2
1 R 202
1 W 23 58
1 C 266
8 S 267
8 R 28
8 R 3
8 R 7
8 R 25
8 W 26 25
8 R 21
8 R 25
8 W 125 77
8 W 17 37
8 W 120 57
8 W 11 35
8 W 21 71
8 R 65
8 W 8 76
8 R 250
8 R 26
8 W 25 42
8 R 168
8 R 0
8 R 243
8 W 162 73
8 W 23 48
8 W 142 42
8 R 2
8 W 17 32
8 R 56
8 W 25 14
8 R 25
8 R 143
8 W 10 98
8 W 145 50
8 R 56
8 C 267
6 S 268
6 W 30 77
6 W 19 38
6 R 19
6 W 237 48
6 R 8
6 R 130
6 R 20
6 R 17
6 R 2
6 R 13
6 R 87
6 R 59
6 W 193 47
6 R 6
6 W 12 96
6 R 0
6 R 36
6 R 5
6 R 63
6 W 9 57
6 R 28
6 R 15
6 R 6
6 C 268
0 S 269
0 W 18 61
0 W 202 44
0 W 89 65
0 R 10
0 R 147
0 W 15 51
0 R 89
0 W 103 26
0 R 6
0 R 229
0 W 4 46
0 C 269
4 S 270
4 W 9 10
4 R 77
4 R 11
4 R 27
4 R 200
4 R 16
4 W 231 46
4 W 85 22
4 W 20 15
4 R 96
4 W 1 30
4 W 13 45
4 R 24
4 W 11 27
4 C 270
8 S 271
8 R 40
8 R 67
8 W 117 70
8 R 86
8 R 6
8 W 99 82
8 W 25 26
8 R 19
8 R 2
8 R 20
8 W 118 21
8 W 24 80
8 R 4
8 R 19
8 R 14
8 W 158 75
8 R 3
8 R 30
8 W 61 12
8 R 25
8 W 12 39
8 W 5 35
8 W 14 91
8 W 248 96
8 W 5 0
8 C 271
1 S 272
1 R 26
1 W 18 8
1 W 2 28
1 W 177 30
1 R 12
1 W 90 48
1 W 1 47
1 R 22
1 R 10
1 W 25 18
1 W 25 11
1 W 8 53
1 R 6
1 W 11 100
1 R 114
1 R 142
1 W 6 44
1 R 29
1 W 134 29
1 R 28
1 W 2 97
1 R 13
1 R 167
1 W 242 18
1 W 6 41
1 W 22 53
1 R 20
1 R 138
1 W 17 75
1 W 39 4
1 W 28 44
1 W 179 75
1 C 272
3 S 273
3 R 229
3 W 7 72
3 W 10 29
3 R 30
3 R 4
3 R 31
3 W 15 15
3 W 26 34
3 W 23 76
3 W 199 75
3 R 12
3 R 23
3 W 123 62
3 R 177
3 R 13
3 W 17 18
3 W 1 5
3 W 13 67
3 R 31
3 R 6
3 W 26 37
3 W 143 48
3 W 8 23
3 W 244 76
3 R 7
3 W 232 57
3 W 31 32
3 C 273
5 S 274
5 R 23
5 W 147 85
5 W 1 90
5 R 14
5 R 25
5 W 52 79
5 R 6
5 R 17
5 W 8 3
5 W 27 80
5 R 14
5 W 27 34
5 R 190
5 W 1 97
5 R 9
5 W 7 4
5 W 22 89
5 W 29 21
5 R 31
5 W 13 57
5 R 245
5 W 3 83
5 R 3
5 R 49
5 W 39 80
5 W 5 11
5 W 14 80
5 W 13 0
5 R 6
5 R 235
5 C 274
0 S 275
0 R 27
0 R 9
0 W 20 34
0 R 7
0 R 9
0 W 5 57
0 W 49 81
0 R 2
0 R 30
0 W 182 71
0 R 10
0 R 243
0 R 21
0 C 275
6 S 276
6 R 3
6 W 15 28
6 W 67 95
6 R 4
6 R 29
6 W 26 47
6 W 2 86
6 W 9 5
6 R 77
6 W 27 99
6 W 14 0
6 W 242 18
6 W 26 22
6 R 25
6 C 276
9 S 277
9 R 21
9 W 26 41
9 W 0 23
9 W 92 16
9 W 70 36
9 W 29 96
9 R 1
9 R 27
9 W 22 44
9 W 2 64
9 R 249
9 R 14
9 C 277
7 S 278
7 W 27 46
7 R 17
7 W 10 15
7 R 252
7 W 7 29
7 W 17 22
7 W 22 20
7 W 110 19
7 W 16 68
7 W 11 52
7 R 1
7 W 15 69
7 W 21 78
7 R 216
7 R 189
7 W 27 69
7 W 185 1
7 R 3
7 W 0 46
7 R 7
7 R 175
7 W 18 93
7 W 49 52
7 W 67 65
7 R 124
7 W 18 97
7 W 23 5
7 W 31 41
7 R 44
7 R 14
7 W 11 19
7 W 10 67
7 C 278
2 S 279
2 R 9
2 W 26 55
2 W 25 84
2 R 6
2 R 7
2 R 1
2 W 15 76
2 R 42
2 W 11 83
2 R 95
2 R 30
2 R 180
2 R 5
2 W 212 49
2 C 279
2 S 280
2 W 214 1
2 R 186
2 W 25 7
2 W 12 15
2 W 25 71
2 W 17 4
2 R 11
2 W 54 55
2 W 51 81
2 R 65
2 W 11 13
2 R 9
2 W 16 30
2 R 16
2 W 25 23
2 R 208
2 R 13
2 R 185
2 R 3
2 W 153 35
2 R 31
2 R 22
2 R 26
2 C 280
9 S 281
9 R 105
9 R 0
9 R 16
9 W 131 4
9 R 28
9 R 31
9 W 184 18
9 W 29 87
9 R 14
9 W 23 100
9 W 31 8
9 R 233
9 R 19
9 W 65 51
9 R 115
9 W 240 88
9 W 25 62
9 W 0 46
9 R 21
9 C 281
8 S 282
8 R 62
8 R 221
8 W 255 46
8 W 1 42
8 W 18 74
8 W 10 96
8 W 43 80
8 R 192
8 R 8
8 W 6 52
8 W 211 3
8 R 231
8 R 21
8 R 30
8 W 3 46
8 R 31
8 W 13 52
8 R 8
8 R 25
8 R 24
8 W 218 0
8 R 13
8 R 106
8 C 282
1 S 283
1 R 5
1 R 255
1 R 26
1 W 4 21
1 R 5
1 R 4
1 R 22
1 R 14
1 W 198 81
1 R 235
1 W 30 53
1 C 283
5 S 284
5 R 160
5 W 11 27
5 R 18
5 R 5
5 R 138
5 R 111
5 W 22 48
5 W 10 27
5 R 29
5 W 0 37
5 W 0 26
5 W 19 42
5 R 22
5 W 152 81
5 R 212
5 W 30 5
5 W 27 33
5 R 87
5 W 135 25
5 R 188
5 W 192 82
5 W 5 54
5 W 11 84
5 C 284
0 S 285
0 R 12
0 R 20
0 W 16 59
0 W 0 48
0 R 50
0 R 9
0 W 211 86
0 W 11 65
0 R 23
0 R 82
0 W 22 57
0 W 11 25
0 W 67 84
0 R 4
0 W 36 86
0 W 164 23
0 W 19 39
0 W 28 44
0 W 1 3
0 R 25
0 R 29
0 W 26 32
0 W 139 54
0 W 30 77
0 C 285
4 S 286
4 R 240
4 R 252
4 W 39 12
4 W 29 40
4 W 126 93
4 R 0
4 W 28 67
4 R 189
4 W 126 97
4 R 12
4 W 17 11
4 R 21
4 R 91
4 R 19
4 W 0 12
4 R 18
4 W 50 20
4 W 30 56
4 R 72
4 R 105
4 C 286
3 S 287
3 W 19 79
3 W 18 67
3 R 20
3 R 7
3 R 0
3 W 28 5
3 W 4 71
3 R 93
3 R 3
3 W 30 4
3 W 113 87
3 W 122 68
3 W 10 8
3 R 28
3 W 4 68
3 W 20 13
3 R 19
3 W 174 17
3 R 3
3 W 28 52
3 R 98
3 W 53 65
3 W 18 17
3 W 26 31
3 R 207
3 W 29 63
3 W 193 30
3 C 287
6 S 288
6 R 23
6 R 12
6 R 0
6 W 13 9
6 W 15 94
6 W 216 35
6 W 76 17
6 W 5 79
6 W 7 0
6 R 26
6 W 11 22
6 R 107
6 R 184
6 W 26 53
6 W 4 43
6 R 0
6 R 3
6 R 21
6 R 90
6 R 29
6 R 14
6 W 27 62
6 W 153 80
6 R 25
6 W 175 30
6 R 7
6 R 0
6 W 52 79
6 C 288
7 S 289
7 W 43 29
7 W 184 77
7 R 196
7 R 15
7 R 22
7 R 78
7 R 137
7 R 2
7 W 27 89
7 W 12 85
7 R 117
7 R 53
7 W 203 87
7 R 4
7 R 17
7 W 75 16
7 W 25 80
7 W 18 41
7 R 44
7 R 19
7 W 86 49
7 R 1
7 W 14 44
7 R 17
7 W 66 77
7 R 28
7 R 11
7 R 51
7 W 166 68
7 C 289
5 S 290
5 R 4
5 R 6
5 R 101
5 R 19
5 R 182
5 W 30 37
5 W 12 50
5 W 199 54
5 R 16
5 W 0 65
5 W 251 28
5 W 18 92
5 R 128
5 R 1
5 W 17 46
5 W 164 4
5 C 290
6 S 291
6 W 20 9
6 W 13 85
6 W 73 0
6 R 17
6 W 7 43
6 W 81 53
6 R 72
6 R 31
6 R 16
6 W 98 34
6 R 14
6 R 107
6 R 74
6 R 0
6 R 13
6 W 9 31
6 R 19
6 R 28
6 W 17 6
6 W 1 73
6 R 122
6 W 58 26
6 W 3 3
6 C 291
7 S 292
7 R 22
7 W 10 68
7 W 160 70
7 R 10
7 W 17 51
7 R 185
7 R 0
7 W 29 5
7 R 18
7 W 13 9
7 W 11 31
7 R 19
7 W 87 30
7 W 7 32
7 R 17
7 W 211 92
7 C 292
4 S 293
4 W 14 91
4 R 13
4 R 249
4 W 18 82
4 R 17
4 R 105
4 W 17 44
4 R 7
4 W 24 17
4 W 24 4
4 W 165 21
4 R 24
4 W 202 80
4 R 15
4 R 29
4 W 2 71
4 C 293
9 S 294
9 W 6 70
9 W 21 62
9 W 17 86
9 W 144 32
9 W 16 54
9 W 7 25
9 W 14 57
9 W 1 70
9 R 28
9 W 39 88
9 W 26 68
9 R 30
9 R 83
9 R 22
9 R 12
9 W 220 90
9 R 30
9 W 146 33
9 R 48
9 R 114
9 R 145
9 C 294
2 S 295
2 R 25
2 W 232 45
2 W 153 9
2 W 142 55
2 W 112 42
2 W 12 82
2 W 107 44
2 R 52
2 R 146
2 W 4 29
2 R 186
2 R 159
2 R 190
2 R 82
2 W 143 29
2 W 26 75
2 W 0 45
2 W 230 38
2 R 117
2 R 29
2 R 155
2 R 143
2 W 18 64
2 R 2
2 R 22
2 W 17 97
2 W 124 92
2 R 11
2 W 12 22
2 C 295
3 S 296
3 R 21
3 R 20
3 R 29
3 R 14
3 R 18
3 R 2
3 W 131 47
3 W 13 80
3 R 189
3 W 25 89
3 R 28
3 R 252
3 R 7
3 R 114
3 R 22
3 W 8 2
3 R 25
3 W 4 10
3 W 247 1
3 R 24
3 R 14
3 R 29
3 W 62 29
3 W 156 54
3 W 69 52
3 R 103
3 R 63
3 W 21 18
3 C 296
0 S 297
0 W 8 16
0 W 124 75
0 R 28
0 R 6
0 R 19
0 R 23
0 R 103
0 R 11
0 W 1 17
0 W 0 82
0 W 9 7
0 R 175
0 W 3 80
0 W 129 8
0 R 21
0 W 30 1
0 R 10
0 W 219 60
0 W 16 24
0 R 99
0 R 159
0 W 193 79
0 R 162
0 W 19 72
0 W 9 38
0 W 12 96
0 W 26 2
0 R 218
0 W 237 32
0 W 13 21
0 R 93
0 W 104 50
0 C 297
1 S 298
1 R 24
1 W 162 93
1 R 17
1 R 169
1 W 11 43
1 R 24
1 W 9 32
1 W 6 43
1 R 56
1 R 43
1 W 212 35
1 W 27 76
1 R 9
1 R 25
1 W 25 61
1 W 15 7
1 W 29 17
1 R 18
1 R 12
1 R 18
1 W 13 11
1 W 13 35
1 R 13
1 W 30 11
1 W 22 20
1 R 229
1 R 91
1 R 151
1 R 144
1 R 101
1 C 298
8 S 299
8 R 28
8 R 17
8 W 30 88
8 W 27 37
8 R 96
8 W 9 55
8 R 40
8 R 128
8 W 1 68
8 R 19
8 W 86 72
8 W 7 8
8 W 30 60
8 R 24
8 R 5
8 R 30
8 R 94
8 W 17 37
8 W 27 18
8 W 10 96
8 R 24
8 R 17
8 R 68
8 C 299
3 S 300
3 R 12
3 R 235
3 R 166
3 R 24
3 W 19 52
3 W 3 81
3 R 22
3 R 31
3 R 29
3 W 2 29
3 R 198
3 W 14 43
3 R 12
3 R 29
3 W 214 16
3 W 23 82
3 W 29 74
3 W 17 19
3 W 80 78
3 W 2 74
3 R 1
3 R 118
3 R 20
3 R 4
3 R 177
3 W 11 98
3 C 300
9 S 301
9 W 17 5
9 R 17
9 R 28
9 W 227 94
9 R 29
9 R 103
9 R 72
9 W 124 26
9 R 63
9 R 27
9 R 192
9 R 68
9 R 16
9 R 29
9 R 14
9 R 62
9 R 1
9 C 301
7 S 302
7 R 204
7 W 8 0
7 W 21 98
7 R 21
7 R 3
7 R 19
7 R 16
7 W 23 75
7 W 82 37
7 R 44
7 W 23 42
7 C 302
5 S 303
5 R 0
5 R 18
5 R 113
5 W 15 48
5 R 12
5 R 29
5 R 25
5 R 202
5 W 232 36
5 W 43 97
5 W 1 51
5 W 17 12
5 R 19
5 W 10 13
5 R 27
5 R 7
5 R 2
5 R 6
5 C 303
8 S 304
8 R 26
8 R 0
8 W 223 89
8 R 99
8 W 23 30
8 R 12
8 W 106 3
8 R 79
8 W 13 12
8 W 14 59
8 R 159
8 R 14
8 W 2 100
8 W 7 31
8 R 2
8 W 24 100
8 R 1
8 R 175
8 W 10 37
8 W 0 58
8 R 24
8 R 3
8 W 4 43
8 R 62
8 W 177 29
8 R 172
8 R 153
8 W 214 2
8 C 304
1 S 305
1 W 12 99
1 W 211 30
1 R 20
1 W 91 43
1 W 7 16
1 R 163
1 R 6
1 R 20
1 R 197
1 R 8
1 W 149 30
1 C 305
4 S 306
4 W 1 49
4 R 24
4 R 10
4 R 0
4 W 13 76
4 R 0
4 W 9 85
4 W 3 33
4 R 10
4 W 24 59
4 R 132
4 R 18
4 W 6 100
4 W 29 54
4 W 10 15
4 R 19
4 W 5 28
4 W 26 72
4 R 93
4 W 2 15
4 W 29 88
4 R 5
4 W 74 27
4 W 5 0
4 R 141
4 W 169 12
4 W 0 6
4 R 15
4 R 17
4 R 158
4 R 10
4 W 209 75
4 C 306
2 S 307
2 W 22 76
2 R 30
2 R 60
2 W 11 0
2 R 163
2 R 111
2 R 26
2 W 62 0
2 W 12 24
2 R 8
2 W 2 89
2 W 24 12
2 W 4 68
2 W 18 18
2 W 244 5
2 C 307
6 S 308
6 W 114 11
6 R 47
6 W 216 62
6 R 11
6 W 225 37
6 W 153 75
6 W 8 70
6 W 2 100
6 W 21 40
6 W 10 93
6 R 22
6 W 127 10
6 W 5 48
6 R 10
6 R 59
6 R 30
6 R 23
6 R 174
6 R 26
6 R 28
6 R 3
6 R 10
6 R 252
6 W 14 69
6 W 24 76
6 R 4
6 W 12 34
6 R 23
6 C 308
0 S 309
0 W 11 29
0 R 20
0 R 19
0 R 8
0 W 13 32
0 R 253
0 R 29
0 R 50
0 R 40
0 R 5
0 W 17 27
0 W 20 16
0 R 20
0 R 22
0 W 14 57
0 W 119 54
0 R 1
0 W 205 11
0 R 6
0 R 4
0 R 18
0 R 29
0 R 3
0 W 3 78
0 W 209 6
0 C 309
1 S 310
1 W 25 85
1 W 32 83
1 W 221 95
1 R 4
1 W 201 35
1 R 22
1 W 18 48
1 W 245 65
1 R 16
1 R 80
1 R 29
1 R 28
1 W 236 62
1 R 0
1 R 57
1 W 172 63
1 C 310
3 S 311
3 R 20
3 W 27 68
3 W 0 32
3 W 22 4
3 R 63
3 R 26
3 W 55 24
3 W 5 75
3 W 24 19
3 R 10
3 W 26 60
3 W 98 96
3 R 238
3 W 27 6
3 W 0 70
3 C 311
7 S 312
7 W 189 8
7 R 67
7 R 19
7 W 96 21
7 W 27 28
7 R 28
7 W 114 44
7 W 230 61
7 R 11
7 R 6
7 W 234 95
7 R 27
7 R 20
7 R 193
7 W 44 75
7 W 148 100
7 W 5 39
7 R 4
7 W 5 20
7 W 31 81
7 W 227 34
7 W 0 100
7 R 0
7 W 2 48
7 R 9
7 W 3 57
7 W 29 62
7 R 7
7 R 23
7 W 1 51
7 R 4
7 R 29
7 C 312
4 S 313
4 R 15
4 W 192 98
4 W 7 86
4 W 3 44
4 W 3 18
4 R 17
4 W 134 96
4 W 19 24
4 W 16 3
4 R 2
4 R 1
4 R 225
4 W 23 80
4 R 188
4 R 18
4 R 11
4 R 26
4 R 22
4 W 237 51
4 R 25
4 W 13 84
4 W 20 84
4 R 160
4 W 134 17
4 R 26
4 W 170 1
4 C 313
6 S 314
6 W 31 55
6 R 12
6 R 7
6 W 5 10
6 R 36
6 R 35
6 W 130 99
6 R 120
6 W 12 98
6 R 6
6 W 11 30
6 W 7 88
6 R 249
6 W 31 60
6 R 21
6 C 314
5 S 315
5 R 137
5 W 146 79
5 W 9 79
5 W 19 80
5 W 28 48
5 W 15 62
5 R 151
5 R 15
5 W 31 17
5 R 14
5 W 14 14
5 R 150
5 W 5 86
5 R 20
5 W 98 62
5 R 162
5 W 51 5
5 W 53 40
5 R 250
5 W 30 13
5 W 81 76
5 R 246
5 W 30 69
5 W 3 16
5 R 2
5 W 9 17
5 C 315
8 S 316
8 R 29
8 W 24 51
8 W 130 57
8 R 28
8 W 155 1
8 R 20
8 W 254 18
8 R 27
8 R 25
8 W 16 26
8 R 32
8 R 30
8 W 24 6
8 W 2 98
8 W 207 69
8 W 246 28
8 R 3
8 W 18 50
8 W 19 9
8 R 148
8 W 7 52
8 R 8
8 R 95
8 C 316
0 S 317
0 R 19
0 W 200 65
0 W 197 95
0 R 29
0 R 92
0 R 232
0 R 31
0 R 164
0 R 36
0 W 22 20
0 R 15
0 R 30
0 W 137 5
0 R 25
0 R 168
0 R 7
0 W 223 75
0 R 203
0 W 17 23
0 C 317
9 S 318
9 R 15
9 R 95
9 R 29
9 W 1 54
9 R 18
9 W 9 69
9 R 86
9 W 17 68
9 W 9 20
9 R 10
9 R 30
9 W 136 56
9 W 24 84
9 R 5
9 R 17
9 W 31 83
9 R 7
9 W 30 70
9 W 30 6
9 C 318
2 S 319
2 W 18 73
2 R 30
2 R 3
2 W 170 31
2 R 11
2 W 134 24
2 R 183
2 R 91
2 R 8
2 W 17 65
2 R 187
2 W 164 3
2 R 3
2 R 1
2 W 0 14
2 C 319
4 S 320
4 R 79
4 R 81
4 W 14 30
4 R 110
4 W 206 8
4 R 49
4 W 18 7
4 W 105 98
4 W 1 2
4 W 7 57
4 R 17
4 C 320
1 S 321
1 W 16 55
1 R 96
1 R 104
1 R 91
1 R 82
1 W 157 32
1 R 12
1 R 107
1 R 22
1 W 103 18
1 W 189 53
1 R 9
1 W 12 24
1 R 54
1 R 23
1 R 7
1 R 57
1 R 31
1 R 45
1 W 107 100
1 R 22
1 W 15 72
1 R 89
1 R 26
1 W 24 40
1 C 321
8 S 322
8 W 23 70
8 W 12 7
8 R 23
8 W 3 92
8 R 30
8 W 3 58
8 R 29
8 W 26 37
8 W 9 31
8 W 29 41
8 R 11
8 W 117 40
8 W 198 19
8 R 221
8 R 199
8 W 19 61
8 W 99 64
8 W 82 84
8 R 4
8 R 35
8 R 157
8 R 24
8 W 101 16
8 R 106
8 W 26 96
8 W 47 66
8 W 80 43
8 W 30 89
8 W 15 63
8 W 2 69
8 W 19 30
8 R 10
8 C 322
3 S 323
3 R 21
3 W 11 63
3 W 117 89
3 W 46 48
3 W 244 11
3 R 22
3 W 23 59
3 R 123
3 R 14
3 R 1
3 R 5
3 W 14 1
3 C 323
5 S 324
5 W 154 89
5 W 112 54
5 R 24
5 W 163 88
5 W 23 9
5 W 13 88
5 W 16 7
5 W 230 12
5 R 35
5 W 12 69
5 W 11 37
5 R 104
5 R 219
5 R 47
5 W 5 79
5 R 57
5 W 22 67
5 R 28
5 R 13
5 W 234 97
5 C 324
7 S 325
7 R 2
7 W 3 73
7 W 3 21
7 R 0
7 W 3 12
7 W 1 26
7 R 21
7 W 7 2
7 W 8 38
7 R 181
7 R 20
7 R 254
7 W 20 69
7 W 149 10
7 R 31
7 W 19 81
7 C 325
6 S 326
6 R 18
6 R 18
6 R 113
6 W 12 60
6 R 13
6 W 6 47
6 W 24 91
6 R 13
6 R 13
6 R 8
6 R 1
6 R 200
6 R 4
6 W 11 69
6 C 326
2 S 327
2 W 26 28
2 R 229
2 W 50 6
2 R 201
2 W 27 84
2 R 28
2 R 7
2 R 248
2 R 245
2 R 16
2 C 327
0 S 328
0 R 21
0 R 28
0 W 30 24
0 R 12
0 R 123
0 W 25 38
0 W 14 66
0 R 20
0 R 199
0 R 6
0 W 31 76
0 W 21 82
0 R 157
0 R 97
0 W 13 85
0 R 24
0 C 328
9 S 329
9 R 182
9 R 233
9 W 30 57
9 W 88 65
9 W 16 56
9 W 3 21
9 W 190 80
9 W 6 42
9 R 15
9 W 19 47
9 R 164
9 W 69 40
9 R 12
9 R 30
9 W 30 73
9 R 77
9 R 23
9 R 13
9 W 4 64
9 W 21 86
9 R 208
9 W 108 88
9 W 21 7
9 W 16 32
9 W 15 2
9 R 101
9 R 11
9 R 59
9 W 116 33
9 R 19
9 R 15
9 C 329
2 S 330
2 R 23
2 W 14 67
2 W 157 2
2 R 32
2 R 5
2 W 19 73
2 R 16
2 R 134
2 R 190
2 W 3 67
2 R 27
2 W 29 17
2 R 250
2 W 143 36
2 R 4
2 W 2 32
2 W 12 0
2 R 2
2 R 145
2 W 26 9
2 W 178 16
2 R 14
2 W 13 81
2 R 1
2 W 202 50
2 R 5
2 W 225 6
2 W 184 8
2 C 330
4 S 331
4 R 1
4 R 40
4 R 134
4 R 233
4 R 15
4 R 9
4 R 22
4 R 14
4 W 1 22
4 W 24 79
4 W 27 24
4 R 24
4 R 153
4 R 74
4 W 11 53
4 W 101 76
4 W 16 61
4 R 193
4 R 6
4 R 6
4 R 25
4 W 109 71
4 R 53
4 W 1 87
4 W 103 29
4 R 21
4 W 137 29
4 C 331
5 S 332
5 W 7 96
5 W 105 19
5 R 28
5 W 13 3
5 W 0 43
5 W 3 92
5 R 1
5 W 47 64
5 R 247
5 R 228
5 W 28 88
5 W 205 22
5 W 223 37
5 R 50
5 W 85 65
5 W 22 92
5 W 41 89
5 R 4
5 R 10
5 R 10
5 R 16
5 R 118
5 W 14 88
5 W 7 72
5 W 15 41
5 R 30
5 W 179 83
5 W 21 12
5 R 24
5 W 18 0
5 R 21
5 R 29
5 C 332
0 S 333
0 W 10 67
0 W 33 93
0 R 2
0 R 109
0 W 25 46
0 W 20 2
0 W 15 89
0 R 24
0 R 29
0 W 9 50
0 R 15
0 R 150
0 R 12
0 W 21 0
0 C 333
8 S 334
8 R 29
8 W 20 49
8 R 13
8 R 22
8 R 122
8 R 26
8 W 157 16
8 R 21
8 R 31
8 R 4
8 W 19 42
8 R 7
8 W 30 64
8 W 235 46
8 W 27 17
8 C 334
7 S 335
7 R 24
7 R 128
7 W 97 1
7 R 4
7 R 7
7 W 72 42
7 W 11 26
7 W 3 45
7 R 14
7 R 28
7 W 31 46
7 R 12
7 R 17
7 W 52 44
7 W 2 2
7 R 121
7 W 19 96
7 W 19 58
7 R 121
7 W 10 78
7 R 73
7 R 191
7 R 18
7 R 25
7 R 178
7 R 48
7 W 0 26
7 W 31 83
7 W 5 16
7 R 55
7 R 9
7 W 29 94
7 C 335
3 S 336
3 W 17 60
3 W 8 41
3 W 41 45
3 R 2
3 W 226 71
3 W 30 77
3 W 9 14
3 W 26 9
3 R 28
3 R 29
3 W 12 3
3 W 95 37
3 R 15
3 R 20
3 R 18
3 W 165 78
3 W 30 61
3 W 94 3
3 R 145
3 W 11 47
3 W 7 96
3 C 336
6 S 337
6 W 17 7
6 R 3
6 W 237 90
6 W 17 97
6 W 2 62
6 R 13
6 R 223
6 R 21
6 W 9 14
6 R 139
6 R 11
6 R 4
6 W 25 46
6 R 2
6 W 111 48
6 R 173
6 C 337
9 S 338
9 W 108 6
9 R 147
9 R 60
9 R 192
9 W 22 29
9 R 113
9 W 5 89
9 R 16
9 R 140
9 R 30
9 R 16
9 W 237 1
9 W 29 94
9 R 14
9 R 132
9 W 18 14
9 W 8 19
9 W 12 32
9 R 19
9 R 25
9 R 3
9 W 23 53
9 R 139
9 R 10
9 R 18
9 R 12
9 R 19
9 C 338
1 S 339
1 R 12
1 R 130
1 W 30 80
1 R 226
1 R 246
1 R 29
1 R 24
1 R 220
1 W 157 64
1 R 12
1 W 13 93
1 R 9
1 W 208 55
1 R 10
1 W 37 5
1 R 15
1 W 24 29
1 W 19 80
1 W 94 30
1 W 2 64
1 R 18
1 W 21 100
1 R 190
1 R 19
1 C 339
3 S 340
3 R 24
3 W 6 46
3 W 18 19
3 W 18 28
3 W 185 19
3 W 88 43
3 R 101
3 R 216
3 R 5
3 W 8 87
3 W 19 40
3 W 26 90
3 W 16 51
3 W 20 83
3 R 20
3 R 202
3 R 3
3 R 11
3 W 216 69
3 R 41
3 W 102 5
3 W 20 50
3 W 10 84
3 R 13
3 R 128
3 C 340
4 S 341
4 W 16 63
4 W 34 46
4 R 62
4 R 167
4 R 205
4 W 253 60
4 W 165 98
4 R 3
4 R 26
4 W 186 88
4 R 232
4 R 158
4 R 4
4 W 134 57
4 R 192
4 R 30
4 W 12 19
4 W 231 90
4 R 15
4 W 29 30
4 W 5 92
4 C 341
5 S 342
5 W 11 40
5 R 29
5 R 8
5 R 1
5 W 234 2
5 W 15 21
5 W 5 69
5 R 13
5 R 18
5 R 17
5 R 153
5 W 162 75
5 R 26
5 W 109 43
5 W 14 76
5 R 31
5 W 0 85
5 R 20
5 R 225
5 W 19 67
5 R 23
5 R 45
5 W 26 58
5 W 15 0
5 W 31 3
5 C 342
7 S 343
7 R 66
7 R 27
7 R 8
7 R 187
7 W 27 11
7 W 3 96
7 W 187 95
7 R 98
7 R 29
7 W 177 70
7 W 1 28
7 R 0
7 W 27 59
7 W 2 66
7 R 0
7 W 7 34
7 R 143
7 W 18 30
7 W 231 10
7 C 343
8 S 344
8 R 28
8 W 20 99
8 R 135
8 R 6
8 W 8 82
8 W 31 20
8 R 31
8 R 91
8 R 196
8 R 20
8 W 28 18
8 R 12
8 R 0
8 W 22 44
8 R 25
8 W 45 36
8 W 173 93
8 W 9 98
8 W 27 38
8 W 73 31
8 W 3 13
8 W 8 72
8 R 9
8 W 2 84
8 C 344
1 S 345
1 R 111
1 R 4
1 R 22
1 R 26
1 R 12
1 W 29 31
1 R 22
1 R 162
1 R 13
1 W 28 66
1 W 4 12
1 W 17 57
1 R 15
1 W 22 42
1 R 16
1 W 131 2
1 R 31
1 R 6
1 W 28 83
1 R 20
1 W 11 86
1 W 198 73
1 R 28
1 R 17
1 W 30 21
1 R 24
1 W 29 40
1 W 93 71
1 C 345
0 S 346
0 R 148
0 W 17 22
0 R 2
0 R 221
0 R 3
0 W 2 13
0 R 29
0 W 16 65
0 R 228
0 W 197 54
0 R 5
0 W 8 11
0 R 20
0 R 131
0 C 346
2 S 347
2 W 221 9
2 W 20 91
2 R 39
2 R 16
2 R 203
2 R 24
2 W 151 20
2 R 60
2 W 30 90
2 W 239 23
2 R 12
2 W 24 61
2 R 8
2 W 30 46
2 W 110 23
2 R 14
2 R 17
2 W 229 39
2 R 74
2 W 30 1
2 R 11
2 R 29
2 W 6 74
2 R 0
2 W 4 94
2 W 95 84
2 R 31
2 C 347
9 S 348
9 W 22 10
9 R 5
9 W 7 59
9 W 25 16
9 W 12 35
9 R 222
9 W 9 13
9 R 5
9 R 12
9 R 26
9 R 24
9 R 84
9 W 13 66
9 W 28 95
9 R 102
9 R 151
9 W 245 54
9 R 21
9 W 22 95
9 R 233
9 W 24 26
9 W 20 84
9 W 1 30
9 C 348
6 S 349
6 R 10
6 W 185 82
6 W 10 37
6 W 238 43
6 W 0 50
6 W 4 44
6 R 2
6 W 55 31
6 W 16 30
6 W 10 41
6 R 235
6 W 198 44
6 R 245
6 R 29
6 W 6 70
6 R 6
6 W 28 31
6 W 2 11
6 W 22 23
6 R 12
6 C 349
6 S 350
6 R 69
6 R 12
6 W 15 69
6 W 164 95
6 R 19
6 R 31
6 R 5
6 R 1
6 W 47 79
6 W 26 94
6 R 235
6 R 17
6 R 25
6 R 226
6 R 22
6 W 20 11
6 R 42
6 W 27 45
6 W 9 2
6 W 220 59
6 R 13
6 W 18 76
6 R 93
6 W 26 0
6 W 11 27
6 C 350
1 S 351
1 W 119 15
1 R 89
1 R 20
1 R 10
1 W 197 52
1 W 1 85
1 W 171 48
1 W 9 53
1 W 14 53
1 R 8
1 R 15
1 W 78 100
1 R 16
1 W 189 90
1 R 8
1 W 7 44
1 W 253 25
1 R 16
1 R 238
1 W 21 68
1 W 222 89
1 R 12
1 W 133 77
1 C 351
4 S 352
4 W 4 19
4 R 223
4 R 0
4 R 13
4 R 156
4 W 7 54
4 W 2 54
4 R 160
4 R 241
4 R 1
4 R 9
4 W 11 30
4 W 3 84
4 R 40
4 W 162 20
4 W 30 36
4 W 28 8
4 W 219 85
4 W 16 39
4 R 6
4 W 234 99
4 R 198
4 R 29
4 R 23
4 W 6 64
4 W 2 26
4 W 162 58
4 W 171 71
4 W 17 70
4 W 237 92
4 R 139
4 C 352
8 S 353
8 W 106 27
8 W 30 38
8 W 18 16
8 W 146 64
8 R 30
8 W 45 72
8 R 130
8 W 126 58
8 W 6 63
8 W 12 13
8 W 242 73
8 W 14 74
8 W 12 59
8 W 10 35
8 W 227 71
8 R 0
8 R 23
8 R 24
8 W 18 53
8 R 104
8 R 3
8 R 18
8 R 127
8 W 1 45
8 W 12 29
8 W 12 46
8 W 14 76
8 R 210
8 C 353
7 S 354
7 W 6 99
7 W 120 93
7 R 22
7 R 16
7 W 119 91
7 W 9 51
7 W 18 27
7 R 0
7 R 197
7 R 4
7 W 230 56
7 R 6
7 R 189
7 W 100 19
7 R 20
7 W 21 34
7 R 101
7 W 55 29
7 R 179
7 W 2 74
7 W 19 31
7 R 5
7 W 136 80
7 W 186 62
7 R 5
7 R 25
7 W 23 38
7 R 15
7 R 5
7 C 354
0 S 355
0 W 30 98
0 W 204 96
0 R 23
0 R 160
0 W 25 26
0 W 22 21
0 R 3
0 W 20 25
0 W 89 79
0 W 31 26
0 W 31 26
0 R 58
0 R 249
0 R 135
0 R 24
0 R 6
0 R 9
0 R 20
0 R 1
0 R 2
0 W 4 58
0 R 248
0 C 355
5 S 356
5 W 66 21
5 W 185 90
5 W 28 6
5 R 24
5 W 192 5
5 W 24 2
5 W 153 4
5 R 253
5 R 3
5 W 27 97
5 C 356
9 S 357
9 R 22
9 W 193 24
9 R 25
9 R 186
9 R 12
9 W 3 36
9 R 9
9 R 188
9 W 94 78
9 W 15 91
9 W 76 58
9 R 10
9 W 24 91
9 W 97 56
9 R 97
9 W 156 3
9 W 161 15
9 R 125
9 W 3 22
9 W 30 72
9 R 24
9 C 357
2 S 358
2 R 14
2 W 21 71
2 R 14
2 R 42
2 W 16 8
2 R 7
2 R 29
2 W 20 12
2 R 3
2 R 21
2 R 188
2 R 6
2 C 358
3 S 359
3 R 12
3 W 15 71
3 R 211
3 R 1
3 R 15
3 W 0 21
3 W 55 20
3 R 0
3 W 25 31
3 W 217 100
3 R 7
3 R 21
3 W 18 18
3 W 143 49
3 W 28 50
3 R 20
3 W 20 81
3 R 27
3 R 13
3 R 11
3 R 21
3 R 17
3 R 149
3 W 115 98
3 R 12
3 R 235
3 W 15 92
3 W 12 65
3 C 359
6 S 360
6 R 11
6 W 11 11
6 W 1 52
6 W 152 0
6 R 65
6 R 0
6 R 9
6 R 79
6 W 181 12
6 R 228
6 R 180
6 W 108 5
6 R 205
6 R 41
6 W 30 74
6 R 21
6 R 14
6 W 209 87
6 R 26
6 R 17
6 R 27
6 W 4 77
6 R 82
6 W 6 84
6 R 8
6 C 360
4 S 361
4 R 150
4 R 5
4 W 7 74
4 W 1 45
4 W 103 53
4 W 25 33
4 W 209 17
4 R 193
4 W 16 83
4 W 30 5
4 C 361
3 S 362
3 R 5
3 W 4 85
3 R 15
3 R 159
3 W 14 69
3 W 31 65
3 W 24 69
3 W 5 56
3 W 235 80
3 W 28 22
3 R 139
3 R 27
3 W 137 65
3 W 227 97
3 R 144
3 W 14 0
3 W 13 3
3 W 2 39
3 R 99
3 W 30 82
3 W 26 90
3 W 20 6
3 C 362
9 S 363
9 R 4
9 W 221 11
9 W 239 5
9 R 12
9 W 159 5
9 R 25
9 R 23
9 R 2
9 R 2
9 W 24 78
9 W 254 89
9 R 1
9 W 22 38
9 W 192 33
9 R 57
9 W 189 77
9 W 1 43
9 C 363
8 S 364
8 W 220 16
8 W 22 76
8 R 99
8 R 11
8 R 2
8 W 0 7
8 W 6 41
8 W 15 22
8 R 29
8 W 172 98
8 W 129 47
8 C 364
0 S 365
0 W 27 47
0 W 23 70
0 R 15
0 W 157 87
0 W 165 15
0 W 48 16
0 W 30 68
0 W 7 49
0 W 107 36
0 R 27
0 W 31 44
0 W 49 71
0 R 70
0 R 20
0 W 20 53
0 R 30
0 R 39
0 R 24
0 C 365
1 S 366
1 W 25 87
1 R 210
1 R 116
1 R 7
1 R 233
1 R 243
1 R 108
1 W 2 60
1 R 13
1 R 3
1 W 8 9
1 R 70
1 R 4
1 W 20 35
1 W 162 6
1 R 22
1 W 13 62
1 R 31
1 R 159
1 R 10
1 W 131 94
1 W 29 77
1 R 17
1 W 100 84
1 R 93
1 R 11
1 C 366
7 S 367
7 R 29
7 R 244
7 W 1 55
7 W 107 20
7 R 65
7 R 24
7 R 15
7 R 240
7 R 14
7 W 150 65
7 R 124
7 R 4
7 W 24 29
7 W 0 66
7 W 9 32
7 W 11 89
7 R 38
7 W 14 54
7 W 87 47
7 R 23
7 C 367
2 S 368
2 R 14
2 R 28
2 W 148 17
2 W 5 86
2 W 18 85
2 W 27 37
2 R 8
2 R 109
2 R 0
2 W 109 57
2 W 6 32
2 R 30
2 R 24
2 R 43
2 R 28
2 W 5 14
2 R 20
2 W 22 66
2 W 49 61
2 R 27
2 W 29 18
2 R 201
2 R 6
2 R 96
2 R 108
2 R 48
2 W 230 27
2 W 160 43
2 C 368
5 S 369
5 W 27 56
5 R 237
5 W 25 69
5 W 215 81
5 R 183
5 R 3
5 R 23
5 R 137
5 R 29
5 R 3
5 R 10
5 W 0 15
5 W 129 100
5 R 10
5 R 95
5 W 5 74
5 R 145
5 W 24 25
5 R 255
5 W 7 66
5 W 18 48
5 C 369
1 S 370
1 R 16
1 W 38 24
1 R 243
1 W 27 63
1 W 12 68
1 W 13 94
1 W 150 32
1 R 25
1 W 83 80
1 W 64 8
1 W 21 34
1 R 19
1 W 30 76
1 W 44 12
1 W 5 21
1 R 160
1 W 76 25
1 W 12 55
1 W 27 50
1 W 31 13
1 C 370
7 S 371
7 R 3
7 R 128
7 W 6 80
7 W 71 81
7 R 3
7 W 174 44
7 W 14 81
7 R 32
7 R 5
7 R 181
7 R 3
7 R 91
7 W 23 71
7 W 11 65
7 R 7
7 R 27
7 C 371
0 S 372
0 W 192 48
0 W 145 87
0 W 35 71
0 R 144
0 W 107 84
0 W 5 78
0 R 44
0 R 4
0 W 132 91
0 R 14
0 R 30
0 W 121 3
0 W 27 70
0 W 193 46
0 R 25
0 R 10
0 W 17 31
0 W 26 19
0 R 20
0 W 31 29
0 R 19
0 W 28 19
0 W 26 8
0 R 46
0 W 8 43
0 W 229 52
0 R 10
0 W 52 3
0 C 372
8 S 373
8 R 151
8 R 12
8 W 17 13
8 W 192 93
8 W 17 3
8 W 13 67
8 R 2
8 R 26
8 R 29
8 W 81 62
8 W 15 95
8 R 2
8 C 373
3 S 374
3 W 17 62
3 R 44
3 W 132 77
3 W 135 32
3 R 77
3 R 18
3 R 20
3 W 29 36
3 W 163 49
3 W 15 93
3 R 30
3 C 374
5 S 375
5 W 96 65
5 W 15 93
5 W 13 84
5 R 20
5 W 7 8
5 W 27 77
5 W 114 97
5 W 24 52
5 W 26 29
5 R 31
5 W 85 40
5 R 117
5 W 30 26
5 R 5
5 R 1
5 R 9
5 W 30 80
5 R 3
5 W 87 32
5 W 27 7
5 R 103
5 W 218 97
5 R 31
5 W 6 15
5 R 169
5 W 211 66
5 R 32
5 R 18
5 C 375
4 S 376
4 W 4 61
4 R 248
4 W 201 78
4 R 26
4 W 27 30
4 W 12 59
4 R 11
4 W 183 9
4 R 111
4 W 22 47
4 R 5
4 R 0
4 R 111
4 R 89
4 R 204
4 W 0 44
4 W 59 21
4 R 19
4 R 13
4 R 17
4 W 9 70
4 C 376
6 S 377
6 W 10 42
6 R 11
6 W 232 0
6 R 58
6 W 163 59
6 R 179
6 W 23 11
6 W 181 38
6 W 29 28
6 W 22 36
6 W 13 9
6 W 139 33
6 R 27
6 W 5 72
6 R 38
6 R 12
6 R 6
6 R 20
6 R 85
6 W 14 3
6 W 5 90
6 W 31 91
6 W 3 87
6 W 9 14
6 C 377
9 S 378
9 W 29 4
9 R 20
9 W 4 13
9 W 14 52
9 R 18
9 W 20 69
9 R 35
9 R 29
9 W 19 84
9 W 5 55
9 R 136
9 W 129 73
9 W 21 10
9 W 194 59
9 R 2
9 C 378
2 S 379
2 W 40 48
2 W 24 9
2 R 47
2 W 10 60
2 R 16
2 R 5
2 R 6
2 W 125 1
2 W 9 96
2 W 80 80
2 R 13
2 R 29
2 R 12
2 W 220 100
2 W 48 87
2 W 121 16
2 R 18
2 W 10 64
2 R 14
2 R 16
2 R 8
2 W 160 52
2 W 7 100
2 R 3
2 R 140
2 R 20
2 R 234
2 W 152 40
2 W 160 62
2 W 28 8
2 C 379
0 S 380
0 W 182 72
0 R 87
0 W 0 66
0 R 249
0 W 30 1
0 W 14 85
0 R 106
0 W 1 86
0 W 19 44
0 W 20 15
0 R 6
0 W 24 45
0 R 7
0 W 2 65
0 W 114 1
0 W 53 61
0 R 25
0 W 230 21
0 R 8
0 W 128 84
0 R 3
0 W 20 53
0 R 228
0 W 2 50
0 R 255
0 C 380
8 S 381
8 R 14
8 W 1 35
8 R 7
8 W 19 84
8 W 16 69
8 R 60
8 R 9
8 W 128 76
8 R 135
8 R 29
8 R 12
8 R 22
8 W 10 77
8 W 0 60
8 R 10
8 R 49
8 W 239 54
8 R 6
8 W 24 66
8 W 220 66
8 R 16
8 W 10 54
8 W 19 69
8 R 147
8 C 381
7 S 382
7 W 12 32
7 R 128
7 W 6 81
7 R 24
7 W 24 42
7 R 2
7 W 43 25
7 W 14 73
7 W 11 61
7 W 7 74
7 R 13
7 W 28 85
7 R 150
7 W 2 57
7 W 13 29
7 C 382
6 S 383
6 R 25
6 R 53
6 W 15 4
6 W 4 91
6 W 18 17
6 W 224 29
6 R 31
6 R 221
6 W 0 6
6 R 3
6 C 383
1 S 384
1 R 16
1 W 191 26
1 R 16
1 W 159 51
1 R 3
1 R 16
1 W 0 0
1 R 20
1 W 14 51
1 R 153
1 R 153
1 C 384
5 S 385
5 W 13 30
5 W 1 94
5 R 20
5 R 0
5 R 13
5 R 19
5 R 26
5 W 225 39
5 R 148
5 R 1
5 W 21 23
5 W 248 81
5 R 11
5 W 30 39
5 R 23
5 R 150
5 R 25
5 W 24 11
5 W 63 58
5 R 110
5 R 161
5 W 2 44
5 W 31 94
5 R 7
5 W 148 91
5 R 24
5 R 75
5 W 23 18
5 W 30 80
5 R 1
5 R 17
5 R 183
5 C 385
4 S 386
4 R 3
4 W 45 10
4 W 29 29
4 W 122 98
4 W 12 72
4 R 8
4 W 242 59
4 W 15 83
4 W 28 45
4 R 58
4 R 180
4 W 8 63
4 W 31 17
4 R 148
4 R 246
4 W 15 23
4 W 225 56
4 W 7 56
4 C 386
2 S 387
2 W 21 15
2 W 78 23
2 R 17
2 R 204
2 R 8
2 R 1
2 R 1
2 W 15 37
2 W 50 40
2 W 5 5
2 W 16 77
2 R 24
2 R 14
2 W 16 94
2 R 0
2 W 3 34
2 R 5
2 C 387
9 S 388
9 R 30
9 W 19 79
9 W 13 46
9 R 174
9 R 8
9 W 8 61
9 R 46
9 W 29 19
9 R 89
9 R 21
9 R 11
9 W 6 36
9 W 12 24
9 W 7 38
9 W 4 90
9 R 2
9 R 19
9 W 164 44
9 R 13
9 W 28 53
9 W 252 31
9 W 31 55
9 R 6
9 W 14 29
9 R 28
9 W 11 57
9 R 31
9 R 8
9 W 198 91
9 C 388
3 S 389
3 W 255 87
3 R 66
3 R 21
3 W 30 67
3 W 50 1
3 R 3
3 R 14
3 R 3
3 R 23
3 R 12
3 W 0 6
3 R 26
3 R 17
3 W 20 0
3 R 4
3 W 14 50
3 W 231 65
3 W 184 4
3 C 389
0 S 390
0 W 8 52
0 W 22 55
0 W 2 14
0 R 25
0 R 2
0 R 7
0 R 8
0 R 7
0 R 22
0 R 225
0 R 25
0 W 25 25
0 W 221 32
0 W 18 12
0 R 24
0 W 150 79
0 R 28
0 R 0
0 W 6 42
0 W 0 99
0 R 22
0 W 13 100
0 W 14 55
0 W 100 71
0 R 70
0 R 18
0 R 27
0 R 29
0 R 133
0 W 235 86
0 C 390
9 S 391
9 R 17
9 R 81
9 R 202
9 W 53 58
9 R 21
9 R 5
9 R 30
9 R 30
9 W 5 76
9 R 214
9 R 12
9 W 13 100
9 R 14
9 R 24
9 R 14
9 R 25
9 R 4
9 C 391
3 S 392
3 W 2 2
3 R 149
3 W 112 9
3 R 20
3 R 25
3 R 13
3 R 242
3 W 7 100
3 W 27 16
3 R 61
3 W 28 4
3 W 0 29
3 R 2
3 R 44
3 W 9 26
3 R 92
3 R 9
3 R 142
3 R 21
3 R 11
3 W 165 52
3 C 392
4 S 393
4 R 18
4 R 22
4 W 1 97
4 W 12 79
4 W 15 61
4 R 27
4 W 30 11
4 R 32
4 W 95 27
4 W 1 2
4 R 4
4 W 6 11
4 R 16
4 W 0 79
4 R 77
4 R 178
4 W 8 35
4 W 26 29
4 R 84
4 W 9 13
4 W 97 3
4 R 14
4 R 24
4 W 30 42
4 W 57 82
4 C 393
7 S 394
7 W 24 39
7 R 55
7 R 9
7 R 195
7 W 15 6
7 R 5
7 W 168 100
7 R 32
7 R 120
7 R 216
7 W 149 80
7 R 27
7 R 24
7 R 184
7 R 22
7 R 16
7 R 10
7 R 12
7 W 20 33
7 W 24 79
7 R 179
7 C 394
1 S 395
1 R 180
1 R 28
1 W 240 7
1 W 28 48
1 W 18 85
1 W 109 41
1 R 17
1 R 212
1 W 1 91
1 W 131 11
1 C 395
2 S 396
2 R 97
2 W 16 38
2 R 105
2 W 10 9
2 R 19
2 R 207
2 W 251 15
2 W 12 70
2 W 222 15
2 R 7
2 R 12
2 R 22
2 R 2
2 R 15
2 W 19 66
2 W 158 25
2 R 161
2 W 7 95
2 R 11
2 R 28
2 W 17 26
2 R 92
2 R 24
2 R 21
2 R 6
2 W 7 43
2 W 224 52
2 W 31 9
2 C 396
8 S 397
8 W 27 25
8 R 8
8 W 20 83
8 R 8
8 R 14
8 W 28 0
8 W 6 2
8 W 31 92
8 W 51 88
8 R 220
8 R 6
8 C 397
5 S 398
5 R 16
5 R 96
5 W 4 13
5 W 11 59
5 W 0 14
5 R 113
5 W 2 59
5 R 211
5 W 37 64
5 R 79
5 W 0 96
5 R 210
5 W 197 7
5 R 13
5 W 19 75
5 R 23
5 W 18 87
5 W 122 29
5 R 97
5 W 22 86
5 W 82 1
5 R 2
5 R 192
5 W 8 35
5 R 11
5 W 24 80
5 R 253
5 C 398
6 S 399
6 W 11 21
6 R 118
6 W 1 46
6 W 18 17
6 R 212
6 W 10 1
6 W 26 94
6 W 0 1
6 W 146 71
6 W 209 82
6 R 13
6 R 8
6 R 136
6 R 4
6 W 31 50
6 R 75
6 R 40
6 W 9 37
6 W 20 92
6 R 98
6 R 8
6 C 399
3 S 400
3 R 29
3 R 15
3 R 144
3 R 25
3 R 28
3 W 144 71
3 W 1 53
3 W 153 89
3 R 22
3 R 24
3 R 27
3 W 254 75
3 R 7
3 W 129 40
3 C 400
9 S 401
9 R 27
9 R 15
9 R 161
9 R 227
9 W 245 24
9 R 111
9 W 13 79
9 W 31 79
9 W 13 52
9 W 19 23
9 R 13
9 W 2 7
9 W 148 77
9 R 27
9 W 6 14
9 C 401
4 S 402
4 W 173 47
4 W 13 67
4 W 103 62
4 R 216
4 R 1
4 W 244 7
4 W 25 6
4 W 22 99
4 W 245 14
4 W 157 43
4 R 45
4 W 150 79
4 W 24 7
4 W 21 53
4 W 140 95
4 R 122
4 W 30 93
4 W 5 39
4 W 190 39
4 R 59
4 W 28 47
4 R 163
4 W 226 49
4 W 89 76
4 W 8 24
4 C 402
7 S 403
7 W 22 76
7 R 10
7 R 21
7 W 29 28
7 W 8 89
7 W 6 14
7 W 0 54
7 W 2 54
7 R 28
7 W 16 82
7 R 46
7 W 30 90
7 W 3 31
7 R 208
7 C 403
5 S 404
5 W 30 27
5 R 149
5 R 10
5 W 218 19
5 W 36 70
5 W 73 11
5 R 6
5 R 48
5 W 31 51
5 W 24 31
5 W 225 92
5 R 10
5 R 31
5 R 47
5 R 18
5 C 404
1 S 405
1 R 40
1 R 54
1 R 125
1 W 147 91
1 W 0 4
1 R 113
1 W 59 56
1 R 72
1 R 184
1 W 3 47
1 R 4
1 C 405
8 S 406
8 W 19 14
8 W 26 56
8 R 18
8 W 3 62
8 W 229 47
8 R 29
8 R 4
8 W 19 70
8 W 27 51
8 R 43
8 W 28 2
8 R 24
8 R 12
8 R 207
8 W 8 85
8 R 25
8 R 181
8 R 28
8 R 30
8 W 31 93
8 R 19
8 W 30 68
8 R 31
8 W 10 37
8 W 15 67
8 W 207 98
8 W 118 75
8 R 7
8 W 7 64
8 R 23
8 R 8
8 W 207 25
8 C 406
2 S 407
2 R 132
2 R 21
2 W 19 1
2 W 20 35
2 W 27 39
2 W 5 28
2 R 8
2 R 242
2 R 25
2 R 7
2 R 17
2 W 0 94
2 W 208 24
2 W 4 100
2 C 407
0 S 408
0 R 27
0 W 19 60
0 R 30
0 W 55 26
0 R 55
0 W 228 13
0 R 10
0 W 188 41
0 W 19 94
0 W 14 92
0 W 185 41
0 W 30 88
0 W 21 4
0 W 184 90
0 R 0
0 R 23
0 W 31 70
0 R 13
0 W 12 15
0 R 25
0 W 14 96
0 W 207 46
0 R 94
0 R 26
0 W 3 36
0 W 102 87
0 R 245
0 R 13
0 R 201
0 R 221
0 W 162 96
0 C 408
6 S 409
6 W 82 11
6 W 17 62
6 W 21 40
6 W 9 90
6 R 143
6 W 146 6
6 R 6
6 R 5
6 R 18
6 W 4 53
6 R 13
6 R 9
6 W 120 46
6 W 15 10
6 W 87 45
6 R 1
6 W 60 80
6 W 22 48
6 W 107 67
6 W 28 78
6 R 17
6 R 12
6 W 252 95
6 R 13
6 W 22 48
6 C 409
4 S 410
4 R 61
4 R 235
4 W 2 80
4 W 11 57
4 R 8
4 W 17 57
4 W 159 2
4 W 25 17
4 R 157
4 R 4
4 R 212
4 W 196 2
4 W 9 5
4 R 21
4 W 21 80
4 R 0
4 W 3 0
4 W 95 43
4 W 12 28
4 R 201
4 R 19
4 R 0
4 W 26 34
4 R 27
4 C 410
8 S 411
8 W 27 99
8 R 13
8 W 2 49
8 R 13
8 W 24 70
8 W 198 32
8 R 169
8 W 24 82
8 R 3
8 R 4
8 W 7 57
8 C 411
9 S 412
9 W 7 33
9 W 34 0
9 W 15 28
9 W 26 48
9 R 172
9 R 71
9 R 132
9 W 211 21
9 R 88
9 W 19 29
9 R 26
9 R 36
9 W 12 17
9 W 30 35
9 R 3
9 W 77 98
9 R 10
9 R 21
9 R 146
9 W 28 86
9 R 31
9 W 29 37
9 R 15
9 R 14
9 R 11
9 R 12
9 C 412
6 S 413
6 W 6 32
6 R 30
6 R 84
6 R 250
6 R 23
6 R 25
6 W 11 87
6 R 232
6 W 17 72
6 W 250 71
6 R 176
6 C 413
2 S 414
2 R 28
2 R 99
2 R 147
2 R 16
2 R 208
2 W 7 12
2 R 6
2 R 0
2 R 9
2 W 250 74
2 C 414
7 S 415
7 R 15
7 R 189
7 R 14
7 W 23 3
7 W 88 35
7 R 23
7 R 27
7 R 24
7 R 91
7 W 14 17
7 R 5
7 W 19 41
7 W 29 52
7 W 160 94
7 W 29 26
7 R 8
7 R 19
7 R 4
7 W 130 94
7 W 29 84
7 R 19
7 R 5
7 R 5
7 C 415
0 S 416
0 W 3 12
0 R 109
0 R 26
0 W 129 87
0 W 82 25
0 R 147
0 W 120 32
0 R 2
0 R 154
0 W 26 24
0 W 15 98
0 W 38 95
0 R 15
0 R 3
0 W 3 65
0 R 20
0 W 28 24
0 C 416
3 S 417
3 R 250
3 W 4 58
3 W 91 31
3 W 17 43
3 W 182 10
3 W 134 17
3 R 28
3 W 13 10
3 R 8
3 W 212 45
3 R 169
3 R 30
3 R 16
3 R 16
3 R 25
3 W 16 15
3 R 3
3 W 207 61
3 R 16
3 W 7 78
3 W 0 86
3 R 17
3 C 417
1 S 418
1 R 3
1 R 4
1 R 223
1 R 8
1 W 30 12
1 W 187 24
1 R 22
1 W 26 92
1 W 0 54
1 W 22 100
1 W 103 61
1 R 10
1 R 1
1 R 15
1 C 418
5 S 419
5 R 16
5 W 78 37
5 W 11 33
5 W 24 12
5 R 85
5 R 8
5 W 3 41
5 W 121 81
5 R 30
5 W 6 93
5 W 149 61
5 W 25 14
5 W 18 49
5 R 44
5 W 13 99
5 R 87
5 W 12 36
5 R 27
5 R 5
5 W 12 5
5 R 29
5 W 146 16
5 R 173
5 R 13
5 W 97 20
5 W 182 14
5 R 10
5 R 29
5 R 212
5 R 8
5 W 3 13
5 R 7
5 C 419
1 S 420
1 W 30 3
1 R 179
1 W 191 96
1 R 1
1 R 17
1 R 1
1 R 191
1 R 68
1 W 0 99
1 R 87
1 R 0
1 W 4 76
1 W 7 50
1 R 74
1 R 5
1 R 8
1 W 17 36
1 W 56 78
1 W 7 14
1 W 19 24
1 W 21 99
1 R 13
1 C 420
3 S 421
3 W 26 39
3 W 233 65
3 R 19
3 W 12 38
3 R 221
3 W 141 13
3 R 13
3 R 252
3 R 26
3 W 15 88
3 W 156 95
3 W 193 95
3 R 0
3 W 18 42
3 W 13 56
3 W 13 73
3 R 7
3 R 2
3 R 30
3 W 9 84
3 W 187 94
3 R 99
3 C 421
9 S 422
9 W 233 36
9 R 9
9 W 12 99
9 W 24 10
9 W 13 16
9 W 3 60
9 W 151 18
9 W 9 8
9 R 77
9 R 7
9 W 29 54
9 R 216
9 W 107 29
9 R 21
9 R 79
9 W 21 78
9 W 185 57
9 R 183
9 R 4
9 R 53
9 R 25
9 W 70 9
9 R 237
9 W 1 34
9 R 18
9 W 7 38
9 W 20 48
9 C 422
4 S 423
4 W 6 53
4 W 29 55
4 W 233 58
4 R 67
4 W 91 54
4 W 12 8
4 W 22 3
4 R 9
4 R 16
4 R 243
4 R 13
4 R 9
4 R 30
4 R 12
4 W 14 80
4 W 12 53
4 C 423
5 S 424
5 W 27 91
5 W 8 37
5 W 128 85
5 R 29
5 W 200 95
5 W 17 0
5 R 21
5 R 26
5 W 17 82
5 R 18
5 R 27
5 R 56
5 W 31 49
5 W 29 72
5 W 17 26
5 R 11
5 W 16 14
5 R 6
5 R 4
5 R 14
5 W 16 59
5 W 74 100
5 R 23
5 R 17
5 R 239
5 R 31
5 R 22
5 C 424
8 S 425
8 W 28 75
8 R 21
8 R 5
8 W 18 74
8 W 17 74
8 W 12 33
8 W 31 55
8 R 29
8 W 31 24
8 R 23
8 R 23
8 W 1 85
8 W 3 39
8 R 9
8 R 242
8 W 19 16
8 W 27 35
8 R 194
8 W 244 97
8 W 19 14
8 W 22 31
8 W 31 7
8 C 425
7 S 426
7 W 23 47
7 R 29
7 W 160 37
7 R 232
7 R 64
7 W 44 62
7 W 14 6
7 W 12 57
7 W 133 68
7 W 29 77
7 W 233 29
7 R 159
7 W 201 76
7 W 22 35
7 R 153
7 W 3 76
7 W 4 80
7 R 24
7 W 31 79
7 W 48 8
7 R 24
7 W 9 80
7 W 110 44
7 W 187 30
7 W 12 67
7 W 17 76
7 R 25
7 R 133
7 W 9 67
7 W 21 78
7 R 134
7 C 426
6 S 427
6 R 4
6 R 14
6 R 13
6 W 54 100
6 W 4 24
6 R 236
6 R 23
6 W 227 86
6 R 80
6 R 233
6 W 80 89
6 C 427
2 S 428
2 W 147 86
2 W 27 86
2 W 160 65
2 W 177 59
2 R 1
2 R 1
2 R 207
2 W 211 30
2 W 29 41
2 W 40 96
2 R 1
2 C 428
0 S 429
0 R 8
0 R 20
0 W 14 6
0 R 25
0 W 13 28
0 R 6
0 W 6 58
0 W 20 48
0 R 27
0 W 184 7
0 R 169
0 W 19 85
0 W 200 80
0 R 3
0 R 236
0 R 30
0 R 10
0 W 56 61
0 R 222
0 R 105
0 R 27
0 W 28 71
0 W 18 60
0 W 25 53
0 W 192 12
0 W 19 68
0 R 11
0 W 145 35
0 R 20
0 W 12 98
0 R 142
0 C 429
3 S 430
3 W 25 85
3 W 69 94
3 R 43
3 W 1 70
3 R 12
3 W 211 29
3 R 16
3 R 167
3 R 12
3 W 4 83
3 W 202 58
3 R 14
3 C 430
0 S 431
0 W 1 49
0 W 19 16
0 W 13 49
0 W 3 18
0 R 10
0 W 159 35
0 R 7
0 R 103
0 W 27 69
0 W 240 99
0 R 14
0 W 10 92
0 R 248
0 R 69
0 W 11 56
0 C 431
1 S 432
1 R 30
1 W 121 92
1 W 8 0
1 R 20
1 W 238 79
1 R 16
1 R 16
1 W 16 95
1 R 67
1 R 108
1 W 12 59
1 R 34
1 W 47 23
1 W 164 35
1 W 3 19
1 R 48
1 W 18 68
1 W 207 34
1 R 21
1 R 14
1 W 1 84
1 C 432
9 S 433
9 W 236 45
9 R 87
9 W 22 93
9 W 31 93
9 W 5 84
9 R 132
9 R 23
9 R 22
9 W 26 71
9 W 3 33
9 R 6
9 W 19 14
9 W 25 82
9 R 3
9 R 12
9 W 26 71
9 W 215 56
9 W 27 7
9 R 29
9 R 154
9 R 24
9 W 196 77
9 R 8
9 W 100 82
9 R 107
9 R 10
9 W 169 39
9 W 67 15
9 W 7 53
9 W 25 62
9 W 26 43
9 C 433
5 S 434
5 R 28
5 R 6
5 R 17
5 R 30
5 W 123 95
5 R 3
5 R 25
5 W 155 46
5 R 24
5 R 88
5 W 29 55
5 R 163
5 W 129 64
5 W 17 81
5 R 241
5 R 21
5 W 141 42
5 W 168 76
5 R 159
5 R 201
5 R 10
5 W 5 26
5 W 96 6
5 R 17
5 W 47 82
5 R 52
5 R 8
5 W 7 9
5 R 136
5 C 434
7 S 435
7 W 15 29
7 W 28 65
7 W 110 44
7 W 19 90
7 W 0 100
7 R 5
7 W 4 60
7 W 101 100
7 R 84
7 W 10 70
7 W 29 90
7 R 87
7 R 190
7 W 4 82
7 R 252
7 R 109
7 W 149 63
7 W 10 49
7 C 435
8 S 436
8 R 179
8 R 97
8 R 18
8 W 29 44
8 R 57
8 R 0
8 W 30 43
8 W 36 12
8 W 2 57
8 W 30 4
8 R 19
8 R 231
8 W 192 4
8 W 7 57
8 W 12 24
8 W 15 12
8 W 17 29
8 W 139 91
8 R 7
8 R 165
8 W 9 40
8 W 255 71
8 R 26
8 W 3 21
8 W 252 17
8 R 183
8 R 3
8 R 29
8 W 229 28
8 W 26 30
8 R 24
8 C 436
2 S 437
2 W 10 90
2 W 30 17
2 R 61
2 R 8
2 R 6
2 R 172
2 R 50
2 W 22 21
2 R 242
2 W 27 78
2 R 22
2 R 12
2 R 228
2 W 7 60
2 W 0 49
2 R 9
2 R 12
2 W 1 73
2 R 127
2 R 235
2 W 15 56
2 W 151 14
2 R 30
2 R 150
2 R 51
2 R 26
2 W 14 96
2 R 19
2 R 15
2 W 31 4
2 C 437
6 S 438
6 W 22 7
6 W 179 95
6 R 195
6 W 20 93
6 R 31
6 W 40 9
6 W 85 68
6 W 216 0
6 W 221 7
6 W 28 94
6 C 438
4 S 439
4 W 3 91
4 R 148
4 W 59 4
4 W 15 83
4 R 9
4 R 15
4 W 20 24
4 W 174 39
4 R 8
4 R 19
4 W 222 90
4 R 120
4 R 1
4 W 19 34
4 R 25
4 C 439
8 S 440
8 W 4 85
8 W 160 93
8 W 4 53
8 W 161 22
8 W 6 37
8 W 0 23
8 R 31
8 W 27 37
8 W 35 65
8 R 90
8 W 29 84
8 W 20 18
8 R 14
8 W 199 87
8 W 14 39
8 R 124
8 R 136
8 W 6 64
8 R 14
8 W 117 97
8 W 31 19
8 R 97
8 R 139
8 R 128
8 W 22 29
8 W 27 78
8 W 157 58
8 C 440
0 S 441
0 W 14 23
0 W 8 67
0 W 8 42
0 R 26
0 W 24 15
0 R 200
0 R 13
0 W 17 78
0 W 5 100
0 W 0 4
0 R 6
0 W 180 27
0 R 124
0 R 154
0 W 36 9
0 W 157 6
0 W 177 78
0 R 0
0 R 5
0 R 31
0 W 2 30
0 R 14
0 W 28 89
0 R 89
0 C 441
6 S 442
6 W 251 90
6 W 29 88
6 R 57
6 W 16 17
6 R 145
6 W 103 44
6 R 135
6 W 2 24
6 W 2 42
6 R 195
6 R 25
6 W 30 49
6 W 37 91
6 W 3 1
6 W 18 76
6 R 24
6 W 13 42
6 R 143
6 W 6 82
6 W 13 62
6 W 21 72
6 R 87
6 R 17
6 R 2
6 W 116 51
6 R 119
6 R 6
6 W 27 94
6 R 27
6 W 13 40
6 R 6
6 C 442
3 S 443
3 R 23
3 W 238 15
3 R 10
3 R 59
3 R 6
3 R 13
3 W 31 44
3 R 22
3 W 19 76
3 R 8
3 W 27 70
3 R 15
3 W 1 76
3 W 28 60
3 C 443
1 S 444
1 W 161 95
1 R 52
1 R 1
1 W 61 85
1 R 155
1 W 19 84
1 R 64
1 W 13 2
1 R 0
1 R 14
1 W 202 2
1 R 0
1 R 18
1 C 444
2 S 445
2 W 80 94
2 R 230
2 R 11
2 R 17
2 W 7 22
2 W 26 46
2 R 10
2 R 12
2 R 2
2 R 25
2 W 255 66
2 W 5 87
2 W 160 97
2 W 16 73
2 R 15
2 R 1
2 W 2 33
2 R 31
2 W 227 93
2 C 445
7 S 446
7 R 72
7 R 193
7 R 55
7 R 19
7 W 4 13
7 W 5 88
7 W 72 22
7 W 57 38
7 R 26
7 W 8 10
7 W 5 45
7 W 12 12
7 W 20 2
7 W 18 82
7 W 29 29
7 R 30
7 W 22 70
7 W 29 40
7 W 37 36
7 R 53
7 W 20 92
7 W 21 69
7 W 24 36
7 W 28 68
7 W 10 57
7 R 130
7 W 20 72
7 W 22 54
7 W 0 79
7 C 446
9 S 447
9 R 28
9 R 7
9 W 167 18
9 R 108
9 W 10 74
9 W 31 67
9 W 27 71
9 R 24
9 W 11 16
9 W 21 16
9 R 30
9 R 7
9 W 3 9
9 W 153 0
9 W 22 32
9 W 24 78
9 R 128
9 W 0 48
9 R 168
9 R 9
9 R 30
9 R 19
9 W 176 100
9 W 14 96
9 W 26 45
9 W 80 67
9 R 9
9 R 10
9 W 3 25
9 R 12
9 R 151
9 R 137
9 C 447
5 S 448
5 W 149 2
5 R 19
5 R 166
5 W 31 28
5 W 0 67
5 R 155
5 W 7 42
5 R 18
5 R 22
5 W 24 23
5 W 19 34
5 R 25
5 R 14
5 W 59 70
5 W 119 26
5 W 6 37
5 R 30
5 R 5
5 R 0
5 R 27
5 W 13 62
5 W 0 16
5 W 27 30
5 R 80
5 R 21
5 R 29
5 R 16
5 R 21
5 R 13
5 W 13 56
5 W 28 73
5 C 448
4 S 449
4 W 24 64
4 W 20 81
4 W 35 74
4 R 20
4 R 214
4 R 13
4 R 218
4 R 240
4 W 11 74
4 R 61
4 W 20 20
4 W 238 35
4 R 50
4 W 15 53
4 W 21 5
4 W 28 1
4 W 149 24
4 W 25 6
4 W 19 51
4 W 9 10
4 R 30
4 W 9 37
4 W 27 16
4 W 31 96
4 W 16 27
4 C 449
0 S 450
0 W 29 14
0 R 16
0 R 161
0 R 12
0 R 11
0 R 6
0 R 52
0 R 251
0 W 138 24
0 R 11
0 R 5
0 W 29 43
0 R 201
0 C 450
7 S 451
7 W 24 81
7 R 245
7 W 25 9
7 W 135 28
7 R 244
7 W 227 9
7 W 12 32
7 W 4 59
7 W 22 77
7 R 31
7 C 451
9 S 452
9 W 23 80
9 R 14
9 R 86
9 R 31
9 W 21 0
9 R 59
9 W 22 38
9 R 24
9 W 10 10
9 R 17
9 W 13 18
9 W 28 79
9 W 97 27
9 R 30
9 W 8 72
9 W 128 12
9 W 14 49
9 W 26 48
9 W 166 12
9 R 7
9 W 200 66
9 R 24
9 W 7 66
9 R 18
9 R 19
9 W 236 62
9 W 69 94
9 W 7 4
9 W 12 57
9 C 452
4 S 453
4 W 84 92
4 R 104
4 R 157
4 W 27 48
4 W 95 89
4 W 10 22
4 W 202 97
4 W 2 50
4 R 235
4 R 26
4 W 202 79
4 W 142 79
4 R 64
4 R 183
4 R 251
4 W 16 88
4 W 15 39
4 R 2
4 R 12
4 R 19
4 W 25 96
4 R 1
4 C 453
1 S 454
1 R 4
1 W 176 75
1 W 236 48
1 W 17 36
1 R 219
1 W 5 2
1 W 1 28
1 W 13 20
1 W 27 32
1 W 62 37
1 R 11
1 W 8 14
1 R 17
1 W 48 46
1 W 4 74
1 R 14
1 W 250 73
1 W 14 72
1 R 144
1 W 65 26
1 R 14
1 R 5
1 R 92
1 W 12 40
1 R 25
1 R 9
1 W 250 31
1 R 135
1 R 21
1 R 15
1 R 12
1 R 189
1 C 454
5 S 455
5 R 4
5 W 1 18
5 R 7
5 R 201
5 W 1 41
5 W 139 9
5 W 201 7
5 R 19
5 W 27 34
5 R 21
5 W 1 15
5 R 70
5 R 29
5 R 9
5 R 108
5 W 9 37
5 W 0 31
5 W 52 76
5 R 7
5 W 0 64
5 R 5
5 W 27 96
5 R 5
5 R 27
5 W 55 9
5 W 193 92
5 C 455
3 S 456
3 R 19
3 R 7
3 R 20
3 W 151 86
3 R 111
3 W 12 17
3 W 17 58
3 W 21 94
3 W 27 95
3 W 12 16
3 C 456
8 S 457
8 W 188 46
8 R 215
8 W 11 39
8 R 24
8 W 11 52
8 R 23
8 W 1 81
8 W 42 86
8 W 19 82
8 R 235
8 R 28
8 R 209
8 W 202 59
8 W 238 88
8 R 139
8 R 20
8 C 457
6 S 458
6 W 12 14
6 W 100 31
6 W 116 52
6 R 27
6 R 22
6 R 16
6 R 26
6 W 19 3
6 W 29 55
6 R 170
6 R 141
6 W 14 68
6 W 7 97
6 R 2
6 R 26
6 W 7 70
6 R 1
6 R 90
6 W 14 62
6 W 19 36
6 R 16
6 W 28 48
6 W 2 66
6 W 8 38
6 W 126 78
6 C 458
2 S 459
2 W 55 37
2 W 108 73
2 R 29
2 R 108
2 R 18
2 R 3
2 R 71
2 R 107
2 W 17 74
2 R 22
2 W 17 67
2 R 3
2 W 11 85
2 R 65
2 W 26 1
2 W 24 33
2 R 20
2 R 11
2 W 251 69
2 W 10 97
2 W 12 9
2 W 0 17
2 R 19
2 R 209
2 W 30 81
2 R 26
2 W 3 61
2 R 31
2 R 141
2 R 21
2 C 459
6 S 460
6 R 23
6 W 14 30
6 R 147
6 R 29
6 W 152 63
6 W 31 34
6 W 17 11
6 W 27 26
6 R 112
6 W 6 82
6 W 49 43
6 R 11
6 R 26
6 W 83 74
6 W 18 39
6 W 231 98
6 R 26
6 W 19 27
6 R 174
6 R 3
6 R 12
6 W 2 96
6 R 25
6 R 31
6 W 6 46
6 R 186
6 W 2 75
6 C 460
2 S 461
2 W 1 75
2 R 159
2 W 152 84
2 W 126 8
2 W 0 31
2 R 19
2 W 9 37
2 R 210
2 R 5
2 W 8 29
2 W 9 74
2 R 55
2 W 173 68
2 R 29
2 W 92 100
2 R 9
2 R 101
2 W 23 15
2 W 102 93
2 W 194 33
2 W 3 56
2 C 461
7 S 462
7 W 109 5
7 W 57 17
7 W 9 47
7 W 1 57
7 W 237 18
7 R 28
7 R 20
7 W 7 71
7 R 68
7 W 2 77
7 R 31
7 R 164
7 W 5 69
7 C 462
9 S 463
9 W 17 95
9 R 22
9 R 161
9 W 27 26
9 R 175
9 R 106
9 R 126
9 R 29
9 R 199
9 R 27
9 W 79 93
9 W 58 96
9 W 6 55
9 W 1 69
9 W 22 91
9 R 53
9 W 9 22
9 R 246
9 R 7
9 W 23 87
9 R 113
9 R 224
9 W 19 68
9 R 78
9 R 143
9 R 14
9 C 463
5 S 464
5 R 206
5 R 7
5 W 160 20
5 R 3
5 R 1
5 W 232 91
5 R 135
5 R 128
5 R 29
5 W 5 97
5 W 57 44
5 R 122
5 R 14
5 W 29 82
5 W 115 95
5 R 135
5 W 142 3
5 R 28
5 R 235
5 R 23
5 C 464
1 S 465
1 W 23 16
1 R 103
1 R 244
1 R 97
1 W 20 92
1 W 1 53
1 R 3
1 W 83 64
1 R 14
1 W 8 67
1 R 24
1 C 465
4 S 466
4 R 6
4 R 224
4 R 31
4 W 8 93
4 R 6
4 W 11 82
4 W 0 20
4 R 10
4 R 84
4 W 140 11
4 R 16
4 R 15
4 R 249
4 R 110
4 W 18 94
4 R 182
4 W 136 0
4 R 19
4 R 30
4 R 14
4 R 104
4 R 10
4 R 2
4 R 24
4 W 43 7
4 R 248
4 C 466
0 S 467
0 W 103 39
0 W 82 43
0 W 19 80
0 R 131
0 R 12
0 R 11
0 R 6
0 W 9 44
0 R 244
0 W 221 100
0 R 16
0 W 21 96
0 W 6 58
0 R 30
0 W 30 96
0 W 101 91
0 W 20 81
0 W 101 14
0 R 19
0 R 143
0 R 42
0 W 3 52
0 R 4
0 R 11
0 W 25 59
0 C 467
8 S 468
8 W 9 95
8 R 30
8 R 25
8 W 11 23
8 R 195
8 W 5 26
8 W 17 10
8 W 93 66
8 R 21
8 W 129 32
8 W 155 16
8 R 28
8 W 11 62
8 R 27
8 R 207
8 W 8 52
8 W 7 67
8 W 122 75
8 W 31 85
8 R 51
8 W 12 94
8 W 17 70
8 R 27
8 R 21
8 R 2
8 C 468
3 S 469
3 R 228
3 R 14
3 W 120 71
3 R 31
3 W 178 47
3 W 132 78
3 R 189
3 R 35
3 W 242 67
3 R 20
3 W 27 13
3 W 174 55
3 R 92
3 W 82 17
3 W 83 36
3 R 17
3 W 14 60
3 W 26 63
3 W 251 10
3 R 17
3 W 27 50
3 W 0 9
3 W 46 34
3 W 1 68
3 R 20
3 C 469
1 S 470
1 W 78 2
1 W 53 1
1 R 23
1 R 144
1 R 22
1 W 190 33
1 W 174 52
1 W 13 13
1 R 138
1 R 24
1 R 30
1 R 5
1 R 237
1 R 17
1 R 217
1 R 146
1 R 1
1 R 223
1 W 53 78
1 W 21 36
1 R 110
1 R 146
1 R 236
1 R 167
1 W 175 53
1 R 172
1 R 3
1 R 3
1 C 470
4 S 471
4 W 28 49
4 W 27 54
4 R 17
4 R 148
4 R 15
4 W 120 70
4 W 52 5
4 W 31 63
4 R 18
4 R 127
4 R 9
4 W 26 13
4 W 20 75
4 R 10
4 W 54 20
4 R 23
4 R 138
4 R 14
4 W 0 28
4 R 28
4 W 30 55
4 R 253
4 W 14 1
4 W 30 54
4 W 12 25
4 R 29
4 R 30
4 W 170 54
4 R 179
4 R 9
4 C 471
7 S 472
7 R 41
7 W 163 47
7 W 21 13
7 R 100
7 R 186
7 R 18
7 W 4 59
7 R 104
7 R 27
7 W 3 59
7 C 472
3 S 473
3 W 21 25
3 R 24
3 R 12
3 W 102 66
3 W 10 73
3 W 8 58
3 W 173 79
3 W 0 59
3 W 31 75
3 R 140
3 W 18 26
3 W 21 84
3 W 17 75
3 W 19 92
3 W 212 43
3 C 473
2 S 474
2 W 19 11
2 W 21 22
2 W 23 86
2 R 206
2 R 21
2 W 23 78
2 R 6
2 R 9
2 R 12
2 R 20
2 R 1
2 W 166 8
2 W 217 58
2 R 105
2 W 61 86
2 R 17
2 W 9 54
2 R 10
2 W 25 64
2 R 7
2 W 183 75
2 R 19
2 W 67 67
2 W 154 22
2 C 474
6 S 475
6 W 105 60
6 W 30 84
6 W 16 29
6 R 28
6 W 1 73
6 R 29
6 W 144 66
6 R 13
6 W 119 49
6 R 1
6 R 17
6 W 3 31
6 W 24 28
6 R 3
6 W 72 78
6 W 1 9
6 R 37
6 R 225
6 W 17 64
6 R 53
6 W 18 71
6 W 25 63
6 W 244 86
6 W 15 74
6 R 30
6 C 475
0 S 476
0 W 50 0
0 W 243 2
0 W 31 27
0 R 13
0 R 11
0 W 175 17
0 R 19
0 W 23 24
0 R 48
0 R 26
0 R 161
0 W 23 31
0 W 199 14
0 W 220 68
0 R 29
0 W 26 19
0 R 16
0 R 16
0 C 476
8 S 477
8 W 1 48
8 R 143
8 R 114
8 R 7
8 R 9
8 R 30
8 W 22 36
8 R 11
8 R 16
8 W 10 25
8 R 0
8 R 97
8 C 477
5 S 478
5 R 96
5 R 28
5 W 12 69
5 W 17 33
5 W 2 96
5 W 91 0
5 W 28 92
5 W 174 72
5 R 224
5 R 7
5 R 27
5 R 30
5 W 61 21
5 W 170 91
5 W 18 85
5 W 95 59
5 W 43 52
5 R 6
5 R 10
5 R 49
5 R 26
5 R 20
5 W 6 75
5 W 14 37
5 W 15 99
5 C 478
9 S 479
9 R 65
9 R 216
9 R 121
9 R 0
9 R 63
9 W 18 61
9 R 174
9 R 144
9 R 239
9 W 15 15
9 W 124 78
9 R 0
9 W 16 49
9 R 208
9 W 178 54
9 C 479
0 S 480
0 R 19
0 R 18
0 R 111
0 R 130
0 R 25
0 W 97 47
0 W 29 73
0 W 6 39
0 R 19
0 R 30
0 R 12
0 W 216 71
0 R 18
0 R 13
0 W 6 24
0 R 30
0 R 8
0 R 22
0 R 27
0 W 2 78
0 W 10 44
0 W 108 6
0 R 17
0 R 29
0 W 2 88
0 C 480
1 S 481
1 R 53
1 R 28
1 R 18
1 R 36
1 R 238
1 W 20 67
1 R 10
1 R 218
1 W 89 15
1 W 17 82
1 W 6 8
1 R 29
1 R 3
1 W 20 25
1 W 7 84
1 C 481
7 S 482
7 R 3
7 W 216 14
7 R 24
7 W 17 14
7 R 23
7 W 14 75
7 R 2
7 R 52
7 R 192
7 W 11 57
7 W 16 24
7 W 4 29
7 R 22
7 R 108
7 W 15 99
7 W 16 67
7 W 163 26
7 R 12
7 W 7 67
7 W 21 76
7 R 59
7 W 168 41
7 W 101 18
7 R 15
7 W 26 40
7 W 4 36
7 C 482
8 S 483
8 W 117 94
8 R 16
8 R 27
8 W 33 39
8 W 6 51
8 W 17 27
8 W 6 85
8 W 15 94
8 W 31 74
8 R 118
8 W 17 46
8 W 8 3
8 R 13
8 R 193
8 R 17
8 W 3 92
8 W 6 71
8 R 31
8 R 11
8 R 239
8 R 101
8 R 10
8 R 6
8 W 167 63
8 R 231
8 R 25
8 R 7
8 R 215
8 R 11
8 R 7
8 C 483
4 S 484
4 R 30
4 W 12 48
4 W 5 38
4 W 10 49
4 R 8
4 W 60 47
4 W 14 42
4 R 30
4 R 7
4 R 111
4 W 5 84
4 R 103
4 R 109
4 R 156
4 R 51
4 W 4 22
4 R 7
4 R 15
4 W 5 33
4 W 16 81
4 R 19
4 R 9
4 R 142
4 W 8 67
4 R 23
4 R 16
4 R 0
4 W 105 86
4 C 484
3 S 485
3 R 8
3 R 25
3 R 142
3 W 18 96
3 W 5 72
3 R 21
3 R 211
3 R 18
3 R 92
3 W 10 84
3 R 17
3 R 0
3 R 145
3 C 485
6 S 486
6 W 29 100
6 R 152
6 R 15
6 W 26 70
6 R 27
6 W 22 91
6 R 10
6 W 201 70
6 W 55 81
6 W 236 17
6 W 26 19
6 W 6 16
6 W 30 44
6 R 9
6 R 40
6 C 486
2 S 487
2 R 27
2 R 5
2 W 31 76
2 W 6 28
2 W 16 80
2 R 2
2 R 7
2 W 6 65
2 W 23 11
2 W 7 76
2 W 17 59
2 R 10
2 W 0 68
2 R 2
2 R 15
2 R 214
2 W 121 13
2 C 487
5 S 488
5 R 2
5 W 3 41
5 R 110
5 W 7 89
5 R 30
5 R 12
5 W 29 47
5 W 28 22
5 R 22
5 R 1
5 R 37
5 W 6 23
5 W 119 81
5 R 122
5 W 20 4
5 C 488
9 S 489
9 W 112 59
9 R 7
9 W 117 29
9 W 0 52
9 R 24
9 W 31 50
9 W 29 19
9 R 111
9 W 18 17
9 R 92
9 W 236 46
9 R 138
9 R 7
9 W 62 94
9 W 23 13
9 R 20
9 W 41 65
9 R 2
9 R 18
9 R 101
9 C 489
5 S 490
5 R 14
5 W 0 90
5 R 30
5 R 1
5 R 30
5 W 10 37
5 R 46
5 W 111 14
5 R 17
5 W 190 92
5 W 173 32
5 R 19
5 R 2
5 R 19
5 R 0
5 R 14
5 C 490
0 S 491
0 W 7 22
0 R 144
0 W 29 36
0 R 22
0 W 124 32
0 W 15 1
0 W 16 32
0 R 2
0 W 23 87
0 W 113 82
0 W 23 25
0 W 98 45
0 R 12
0 W 80 51
0 R 184
0 W 0 93
0 R 14
0 W 24 89
0 W 250 75
0 R 3
0 R 24
0 R 248
0 R 20
0 W 14 95
0 R 28
0 R 29
0 W 16 68
0 R 9
0 R 13
0 R 18
0 W 19 43
0 W 14 6
0 C 491
2 S 492
2 R 20
2 R 253
2 R 17
2 W 2 95
2 R 3
2 R 31
2 R 95
2 R 221
2 R 18
2 R 37
2 R 4
2 R 29
2 R 25
2 W 226 24
2 W 2 50
2 W 205 34
2 W 31 68
2 W 124 75
2 R 115
2 R 10
2 W 13 27
2 R 12
2 R 6
2 R 80
2 W 236 71
2 R 197
2 R 53
2 R 228
2 C 492
6 S 493
6 R 181
6 W 48 71
6 R 0
6 R 14
6 W 31 68
6 R 95
6 R 241
6 W 179 57
6 R 0
6 W 31 66
6 W 71 11
6 W 12 54
6 C 493
3 S 494
3 W 8 1
3 W 10 47
3 W 19 96
3 W 13 6
3 W 25 67
3 R 3
3 R 23
3 W 27 61
3 W 116 74
3 R 44
3 R 104
3 W 15 31
3 R 25
3 W 131 94
3 W 3 77
3 W 198 19
3 W 137 31
3 W 175 75
3 W 17 75
3 R 24
3 W 14 79
3 R 104
3 R 25
3 C 494
7 S 495
7 W 197 37
7 W 20 81
7 W 19 56
7 R 96
7 W 31 24
7 W 7 12
7 W 177 18
7 R 12
7 R 214
7 W 16 7
7 W 10 99
7 W 226 52
7 W 11 36
7 R 239
7 R 138
7 W 48 95
7 C 495
4 S 496
4 R 161
4 W 7 37
4 W 30 92
4 R 18
4 W 31 61
4 W 3 15
4 W 202 2
4 W 55 47
4 R 7
4 R 108
4 R 0
4 W 33 72
4 W 137 44
4 W 0 21
4 R 24
4 R 20
4 W 14 79
4 W 14 2
4 C 496
1 S 497
1 R 0
1 W 246 9
1 R 12
1 W 5 93
1 W 11 19
1 R 220
1 R 89
1 R 4
1 W 30 54
1 W 2 73
1 W 83 13
1 R 13
1 R 211
1 W 20 85
1 W 12 86
1 W 15 6
1 R 0
1 R 8
1 W 136 64
1 R 26
1 R 5
1 W 115 69
1 W 4 23
1 C 497
8 S 498
8 W 178 59
8 R 238
8 R 136
8 R 150
8 W 4 41
8 R 17
8 W 18 41
8 W 10 22
8 R 30
8 R 10
8 C 498
9 S 499
9 W 201 2
9 W 102 75
9 R 21
9 R 217
9 W 10 99
9 R 97
9 R 19
9 W 0 51
9 R 81
9 W 19 68
9 R 29
9 W 167 16
9 R 115
9 R 19
9 R 27
9 W 111 11
9 R 24
9 R 10
9 W 28 28
9 W 12 62
9 R 172
9 W 17 63
9 R 215
9 W 18 60
9 R 27
9 R 55
9 W 15 12
9 R 250
9 R 101
9 W 77 62
9 C 499
8 S 500
8 W 206 44
8 R 29
8 R 30
8 W 15 51
8 R 27
8 R 3
8 W 12 74
8 R 216
8 W 14 24
8 R 134
8 W 5 88
8 R 24
8 W 149 69
8 W 63 36
8 R 246
8 R 187
8 R 10
8 R 16
8 W 50 95
8 W 116 72
8 R 15
8 R 4
8 W 101 79
8 C 500
3 S 501
3 R 123
3 W 24 68
3 W 2 45
3 W 173 85
3 R 12
3 W 21 76
3 R 72
3 W 34 25
3 W 207 39
3 W 31 95
3 W 23 27
3 W 26 90
3 W 22 88
3 R 18
3 R 10
3 R 18
3 W 148 82
3 R 15
3 C 501
0 S 502
0 W 25 38
0 R 186
0 R 0
0 W 243 47
0 R 10
0 W 16 100
0 W 16 7
0 W 98 75
0 W 14 44
0 R 17
0 R 88
0 R 27
0 W 20 33
0 R 16
0 W 189 95
0 W 131 17
0 W 177 84
0 C 502
6 S 503
6 R 24
6 W 12 25
6 R 12
6 R 6
6 W 138 85
6 W 12 73
6 R 174
6 W 13 74
6 R 35
6 W 36 66
6 R 30
6 R 29
6 W 137 32
6 R 26
6 W 14 65
6 R 207
6 W 1 50
6 W 18 72
6 W 13 47
6 W 36 59
6 W 5 13
6 R 132
6 W 210 18
6 R 26
6 W 31 20
6 W 20 0
6 W 29 62
6 C 503
7 S 504
7 W 2 53
7 R 236
7 W 124 8
7 W 24 45
7 R 22
7 R 5
7 W 131 67
7 W 29 45
7 R 30
7 R 10
7 W 3 55
7 W 9 46
7 W 4 34
7 W 14 93
7 R 10
7 R 19
7 W 13 67
7 W 6 91
7 R 13
7 R 4
7 R 4
7 W 4 85
7 C 504
5 S 505
5 W 222 59
5 W 117 84
5 R 63
5 W 91 88
5 W 5 1
5 R 154
5 R 147
5 R 30
5 R 244
5 R 14
5 R 25
5 R 17
5 W 167 79
5 W 240 24
5 R 151
5 R 118
5 W 5 82
5 R 25
5 W 182 25
5 R 0
5 W 126 5
5 R 136
5 W 28 77
5 C 505
2 S 506
2 R 46
2 R 22
2 R 149
2 W 197 92
2 R 9
2 W 19 64
2 W 131 71
2 R 10
2 W 7 43
2 R 142
2 R 4
2 R 204
2 C 506
9 S 507
9 W 99 82
9 W 10 43
9 W 22 47
9 R 78
9 R 20
9 W 11 28
9 R 21
9 W 31 68
9 R 31
9 R 3
9 W 235 46
9 R 182
9 R 171
9 R 71
9 R 3
9 W 4 63
9 W 30 78
9 W 15 8
9 W 24 60
9 W 15 77
9 R 210
9 W 25 79
9 R 12
9 C 507
1 S 508
1 W 216 21
1 R 18
1 R 5
1 W 21 58
1 R 80
1 W 17 38
1 W 115 90
1 W 19 23
1 R 2
1 W 3 64
1 C 508
4 S 509
4 W 209 71
4 W 17 6
4 W 6 3
4 W 162 6
4 W 18 2
4 R 13
4 W 8 69
4 R 9
4 R 142
4 R 14
4 W 225 29
4 W 21 80
4 R 23
4 W 21 13
4 W 221 43
4 R 22
4 R 29
4 W 10 25
4 W 6 22
4 W 21 73
4 W 153 74
4 R 219
4 W 168 82
4 R 17
4 W 16 61
4 R 65
4 W 23 81
4 W 230 12
4 C 509
