6
0-5 o
3 S 0
3 R 195
3 W 32 89
3 R 186
3 W 30 47
3 W 13 59
3 W 7 73
3 C 0
4 S 1
4 W 79 45
4 R 16
4 W 65 2
4 W 135 47
4 R 35
4 W 31 86
4 W 197 63
4 R 178
4 R 18
4 W 82 83
4 R 195
4 W 19 48
4 R 245
4 R 159
4 R 253
4 C 1
5 S 2
5 R 95
5 W 2 28
5 R 253
5 R 217
5 R 211
5 W 131 71
5 W 105 58
5 W 9 66
5 R 115
5 W 3 93
5 W 145 36
5 R 23
5 W 218 31
5 R 126
5 R 14
5 R 129
5 W 7 14
5 W 38 45
5 C 2
0 S 3
0 W 108 22
0 R 188
0 W 235 99
0 R 170
0 W 146 15
0 W 72 39
0 W 107 52
0 R 195
0 R 65
0 W 31 89
0 W 22 12
0 R 219
0 W 31 31
0 W 100 42
0 W 19 17
0 W 230 54
0 R 108
0 C 3
1 S 4
1 W 198 92
1 R 5
1 R 124
1 W 62 65
1 R 72
1 W 49 4
1 W 8 57
1 R 1
1 R 130
1 C 4
2 S 5
2 R 80
2 R 45
2 W 100 7
2 W 9 94
2 W 23 63
2 W 242 93
2 R 232
2 W 155 15
2 W 6 15
2 R 13
2 R 12
2 W 124 62
2 R 4
2 R 173
2 R 3
2 W 22 77
2 W 171 77
2 W 82 34
2 C 5
2 S 6
2 R 6
2 W 2 5
2 W 5 80
2 R 201
2 W 31 13
2 R 63
2 R 171
2 R 194
2 R 5
2 R 71
2 W 89 23
2 W 30 51
2 W 136 20
2 R 108
2 R 12
2 W 123 45
2 R 148
2 C 6
1 S 7
1 R 72
1 W 186 3
1 R 12
1 R 16
1 R 227
1 W 8 32
1 W 215 66
1 R 12
1 R 172
1 W 169 1
1 W 21 16
1 W 103 58
1 W 142 24
1 W 44 53
1 R 212
1 C 7
5 S 8
5 W 197 1
5 R 23
5 W 89 16
5 R 6
5 W 1 49
5 R 9
5 W 48 80
5 R 100
5 W 12 91
5 R 220
5 W 109 73
5 R 139
5 W 30 6
5 R 3
5 W 188 81
5 W 192 71
5 C 8
3 S 9
3 R 21
3 W 129 59
3 R 31
3 R 7
3 R 16
3 W 14 56
3 W 229 12
3 R 219
3 R 214
3 R 165
3 R 18
3 R 11
3 R 36
3 W 221 93
3 W 57 18
3 W 225 87
3 W 69 90
3 R 10
3 C 9
0 S 10
0 R 18
0 R 31
0 W 17 74
0 W 26 44
0 R 11
0 R 254
0 W 1 89
0 R 48
0 R 20
0 R 23
0 R 228
0 W 49 77
0 R 132
0 W 26 28
0 W 47 6
0 C 10
4 S 11
4 R 15
4 W 111 65
4 R 224
4 R 216
4 R 184
4 W 166 80
4 R 177
4 R 203
4 C 11
1 S 12
1 W 126 89
1 W 180 53
1 R 24
1 R 11
1 W 29 87
1 R 122
1 W 164 58
1 W 15 91
1 R 15
1 R 66
1 R 4
1 R 89
1 W 198 62
1 R 19
1 R 1
1 R 110
1 R 159
1 R 13
1 W 113 4
1 R 9
1 C 12
4 S 13
4 W 46 90
4 W 88 60
4 R 119
4 W 31 90
4 R 204
4 W 218 64
4 W 19 34
4 W 146 47
4 R 17
4 R 49
4 W 12 99
4 R 7
4 R 27
4 W 196 89
4 C 13
5 S 14
5 W 82 28
5 R 4
5 W 115 41
5 R 1
5 R 1
5 R 161
5 W 75 19
5 W 11 27
5 W 7 49
5 R 228
5 W 45 78
5 R 6
5 W 204 86
5 W 25 32
5 W 9 37
5 R 13
5 R 3
5 R 107
5 W 26 77
5 W 18 62
5 C 14
0 S 15
0 R 31
0 R 209
0 W 122 65
0 R 121
0 W 176 12
0 W 14 70
0 W 17 81
0 R 168
0 R 220
0 C 15
2 S 16
2 W 22 61
2 R 189
2 R 107
2 W 29 29
2 W 25 39
2 R 123
2 R 7
2 R 201
2 W 142 81
2 W 89 35
2 R 0
2 W 220 3
2 W 9 54
2 R 194
2 W 194 36
2 R 235
2 C 16
3 S 17
3 R 138
3 W 60 57
3 W 28 59
3 W 4 67
3 R 28
3 R 220
3 C 17
0 S 18
0 R 0
0 R 0
0 W 5 28
0 R 229
0 W 190 8
0 R 2
0 W 99 70
0 W 10 58
0 W 8 5
0 R 71
0 W 15 15
0 W 14 49
0 W 15 41
0 C 18
2 S 19
2 R 0
2 W 1 34
2 R 8
2 R 21
2 W 185 20
2 W 184 47
2 R 21
2 W 200 39
2 W 102 36
2 R 0
2 W 23 64
2 W 196 10
2 R 25
2 R 10
2 R 3
2 R 5
2 R 77
2 R 28
2 R 241
2 C 19
3 S 20
3 R 253
3 W 217 73
3 W 23 58
3 W 15 5
3 W 68 27
3 R 27
3 R 32
3 C 20
4 S 21
4 W 11 49
4 R 38
4 R 42
4 W 46 81
4 W 116 92
4 W 132 85
4 R 85
4 W 169 94
4 R 198
4 R 9
4 W 148 40
4 W 20 90
4 W 168 45
4 W 70 3
4 W 235 89
4 W 24 46
4 C 21
1 S 22
1 W 2 69
1 W 114 97
1 W 5 95
1 R 220
1 R 228
1 W 217 23
1 W 194 74
1 R 218
1 R 126
1 R 15
1 R 29
1 W 58 6
1 W 27 35
1 W 103 10
1 W 5 34
1 C 22
5 S 23
5 R 220
5 R 186
5 R 3
5 W 60 35
5 R 6
5 W 30 21
5 W 31 40
5 W 221 24
5 W 145 34
5 R 79
5 R 158
5 W 2 75
5 W 219 63
5 W 157 46
5 W 150 100
5 C 23
2 S 24
2 W 31 96
2 R 95
2 R 12
2 R 153
2 R 233
2 W 28 22
2 W 30 53
2 R 239
2 W 186 89
2 W 81 25
2 W 210 50
2 W 254 6
2 R 243
2 W 201 60
2 R 15
2 R 28
2 W 188 64
2 R 174
2 W 225 8
2 R 179
2 C 24
5 S 25
5 R 148
5 W 23 24
5 R 17
5 R 107
5 W 26 34
5 R 0
5 R 173
5 W 253 13
5 R 129
5 W 138 7
5 W 197 41
5 W 211 84
5 W 223 90
5 W 61 7
5 C 25
3 S 26
3 R 27
3 R 6
3 W 223 24
3 R 18
3 W 129 7
3 R 255
3 C 26
4 S 27
4 W 172 63
4 W 48 2
4 R 19
4 R 26
4 R 52
4 R 15
4 R 99
4 W 253 85
4 W 20 38
4 R 202
4 W 162 67
4 W 8 60
4 R 143
4 W 6 35
4 W 122 65
4 C 27
0 S 28
0 W 83 47
0 R 2
0 W 5 25
0 W 193 63
0 R 27
0 R 21
0 W 25 48
0 R 144
0 R 0
0 W 6 43
0 R 9
0 R 1
0 R 77
0 R 18
0 R 14
0 R 3
0 R 51
0 R 5
0 C 28
1 S 29
1 R 141
1 R 141
1 R 188
1 R 13
1 R 255
1 R 19
1 R 14
1 R 2
1 W 14 26
1 C 29
5 S 30
5 R 234
5 R 167
5 R 187
5 R 179
5 R 21
5 R 19
5 W 14 55
5 W 4 50
5 W 226 9
5 R 149
5 W 47 21
5 R 172
5 W 29 91
5 R 4
5 W 106 17
5 R 127
5 W 15 4
5 W 8 44
5 R 5
5 C 30
2 S 31
2 R 54
2 R 41
2 R 168
2 W 255 100
2 R 38
2 R 17
2 W 207 79
2 W 144 8
2 R 59
2 R 20
2 R 6
2 W 93 66
2 W 171 33
2 R 141
2 R 132
2 R 6
2 R 21
2 C 31
1 S 32
1 W 149 74
1 W 161 51
1 W 139 18
1 W 25 98
1 W 4 18
1 W 7 98
1 R 74
1 R 93
1 W 9 99
1 R 22
1 R 146
1 R 16
1 W 30 71
1 C 32
4 S 33
4 R 3
4 R 27
4 R 133
4 W 174 7
4 W 66 60
4 W 68 65
4 R 19
4 W 19 18
4 R 52
4 W 119 85
4 R 49
4 R 171
4 C 33
3 S 34
3 R 101
3 R 57
3 R 54
3 R 214
3 W 3 41
3 R 174
3 W 1 98
3 W 143 23
3 R 10
3 C 34
0 S 35
0 W 140 42
0 R 157
0 R 11
0 W 19 39
0 W 87 76
0 R 141
0 R 82
0 R 70
0 C 35
3 S 36
3 R 224
3 W 17 46
3 W 23 81
3 R 29
3 W 79 43
3 W 244 47
3 W 25 64
3 W 142 82
3 W 7 61
3 R 228
3 R 135
3 R 0
3 W 0 54
3 W 127 90
3 R 5
3 C 36
1 S 37
1 R 128
1 R 21
1 R 22
1 W 237 27
1 W 27 83
1 R 85
1 R 36
1 W 13 12
1 W 6 2
1 R 27
1 R 14
1 R 8
1 R 32
1 R 205
1 W 14 22
1 R 12
1 W 56 91
1 C 37
2 S 38
2 R 165
2 R 18
2 R 36
2 W 15 11
2 R 219
2 W 102 39
2 W 33 58
2 C 38
0 S 39
0 R 6
0 R 92
0 R 20
0 R 4
0 W 21 91
0 R 10
0 R 28
0 W 16 30
0 R 175
0 R 12
0 R 20
0 R 21
0 W 255 18
0 W 208 50
0 W 189 21
0 R 61
0 W 14 9
0 W 27 27
0 C 39
4 S 40
4 R 68
4 R 12
4 W 18 19
4 R 14
4 W 160 78
4 R 9
4 R 18
4 C 40
5 S 41
5 W 165 55
5 R 179
5 W 124 8
5 R 67
5 R 51
5 R 6
5 R 234
5 R 234
5 C 41
1 S 42
1 W 0 57
1 R 13
1 W 27 45
1 W 12 28
1 R 228
1 W 229 12
1 R 208
1 R 114
1 W 27 40
1 W 1 33
1 R 30
1 W 31 78
1 C 42
0 S 43
0 W 191 21
0 R 14
0 W 93 66
0 R 217
0 W 45 34
0 R 184
0 W 22 35
0 R 101
0 W 11 48
0 W 194 84
0 R 11
0 R 137
0 W 240 1
0 C 43
5 S 44
5 W 26 64
5 R 22
5 R 28
5 R 29
5 R 185
5 W 202 13
5 W 227 11
5 W 229 5
5 R 9
5 R 174
5 C 44
4 S 45
4 R 240
4 W 209 48
4 R 3
4 W 14 88
4 R 180
4 R 18
4 R 12
4 R 185
4 R 32
4 C 45
3 S 46
3 W 241 92
3 W 31 100
3 W 27 34
3 W 26 98
3 R 24
3 W 5 71
3 R 234
3 W 203 24
3 W 230 30
3 W 196 70
3 C 46
2 S 47
2 R 117
2 R 5
2 W 4 81
2 W 30 57
2 R 20
2 W 180 94
2 W 139 87
2 R 14
2 R 23
2 R 93
2 C 47
1 S 48
1 W 88 14
1 W 192 1
1 R 102
1 W 228 14
1 W 235 40
1 W 131 59
1 W 10 10
1 R 254
1 R 38
1 W 191 63
1 W 8 88
1 W 97 89
1 R 250
1 R 21
1 R 14
1 R 117
1 C 48
2 S 49
2 W 18 97
2 W 25 11
2 W 30 17
2 W 60 24
2 W 73 44
2 W 5 85
2 R 0
2 R 31
2 C 49
5 S 50
5 W 12 35
5 R 176
5 W 42 36
5 R 255
5 R 30
5 W 215 25
5 R 30
5 W 245 24
5 R 104
5 R 29
5 W 16 100
5 W 129 24
5 R 70
5 C 50
3 S 51
3 R 232
3 W 228 58
3 W 175 84
3 R 27
3 W 214 60
3 R 5
3 R 221
3 W 180 12
3 W 42 32
3 R 214
3 R 107
3 R 19
3 C 51
0 S 52
0 R 31
0 W 79 57
0 R 191
0 W 227 22
0 R 26
0 W 29 57
0 R 20
0 W 70 29
0 R 16
0 W 216 8
0 R 144
0 W 122 31
0 C 52
4 S 53
4 R 207
4 W 245 82
4 R 192
4 W 224 40
4 R 46
4 W 105 95
4 R 187
4 W 106 96
4 W 22 43
4 R 77
4 W 11 0
4 C 53
3 S 54
3 W 0 10
3 W 241 27
3 R 162
3 W 42 52
3 W 37 43
3 W 24 34
3 W 20 100
3 W 167 29
3 W 220 2
3 R 196
3 C 54
4 S 55
4 W 236 77
4 R 111
4 W 6 25
4 R 167
4 R 219
4 R 242
4 R 20
4 R 237
4 R 25
4 W 104 27
4 W 119 24
4 R 58
4 R 173
4 C 55
2 S 56
2 W 109 9
2 W 67 64
2 W 130 28
2 W 135 45
2 W 27 57
2 W 27 39
2 C 56
5 S 57
5 R 226
5 W 176 40
5 R 112
5 W 0 71
5 W 239 22
5 W 31 70
5 W 2 37
5 R 102
5 W 30 20
5 W 133 58
5 W 55 23
5 R 108
5 W 9 79
5 R 77
5 R 18
5 R 200
5 R 7
5 W 100 95
5 C 57
1 S 58
1 W 6 60
1 R 57
1 R 7
1 R 19
1 R 32
1 W 59 28
1 R 26
1 W 195 59
1 W 25 99
1 R 240
1 W 76 74
1 R 1
1 W 14 60
1 W 175 48
1 W 7 20
1 R 154
1 C 58
0 S 59
0 W 6 55
0 R 145
0 R 159
0 W 144 45
0 W 208 27
0 R 3
0 W 15 90
0 R 31
0 W 60 86
0 C 59
1 S 60
1 W 4 12
1 R 246
1 R 0
1 R 171
1 R 140
1 R 8
1 W 15 39
1 C 60
2 S 61
2 W 6 16
2 R 20
2 R 81
2 R 13
2 R 90
2 R 19
2 R 27
2 W 76 57
2 W 31 62
2 W 24 0
2 W 141 51
2 W 9 58
2 R 15
2 W 219 78
2 W 153 63
2 W 17 74
2 C 61
0 S 62
0 R 81
0 R 254
0 W 163 43
0 W 8 8
0 W 225 92
0 R 135
0 W 117 81
0 W 26 72
0 R 3
0 R 10
0 R 210
0 W 26 87
0 R 7
0 W 143 42
0 W 137 35
0 R 16
0 R 214
0 W 65 69
0 W 13 97
0 R 176
0 C 62
3 S 63
3 R 29
3 R 37
3 W 151 99
3 W 7 99
3 R 86
3 R 111
3 W 76 77
3 R 122
3 R 2
3 W 52 12
3 R 94
3 R 141
3 R 43
3 R 68
3 W 162 1
3 R 112
3 R 162
3 C 63
5 S 64
5 R 191
5 W 50 31
5 R 28
5 W 253 71
5 W 20 36
5 W 185 76
5 R 28
5 W 41 28
5 R 145
5 C 64
4 S 65
4 W 14 63
4 W 9 6
4 R 243
4 W 6 43
4 R 230
4 W 176 71
4 R 204
4 W 37 5
4 W 21 100
4 R 5
4 W 148 85
4 W 87 21
4 W 72 65
4 R 166
4 C 65
5 S 66
5 R 129
5 W 95 45
5 W 13 99
5 W 194 70
5 R 29
5 R 3
5 R 74
5 R 59
5 R 10
5 R 248
5 R 10
5 W 39 68
5 W 117 25
5 W 173 83
5 W 172 21
5 C 66
2 S 67
2 W 207 1
2 W 28 14
2 W 16 34
2 R 212
2 R 70
2 R 65
2 R 27
2 C 67
4 S 68
4 W 188 31
4 R 236
4 W 5 22
4 W 97 52
4 R 146
4 W 28 44
4 W 93 96
4 R 7
4 R 5
4 W 5 17
4 W 7 41
4 W 243 83
4 R 1
4 R 207
4 R 16
4 C 68
1 S 69
1 R 31
1 W 115 65
1 R 77
1 R 214
1 W 138 83
1 W 27 80
1 R 17
1 W 2 100
1 W 182 56
1 R 217
1 W 23 18
1 R 91
1 R 7
1 W 179 72
1 R 5
1 R 53
1 W 18 32
1 R 7
1 C 69
0 S 70
0 R 22
0 W 40 66
0 W 21 74
0 W 132 60
0 W 24 67
0 R 97
0 W 81 48
0 R 154
0 W 52 80
0 R 46
0 R 186
0 C 70
3 S 71
3 W 13 94
3 R 111
3 R 48
3 R 17
3 R 176
3 R 15
3 C 71
2 S 72
2 W 6 89
2 W 31 76
2 R 29
2 W 83 13
2 W 213 1
2 W 41 67
2 R 93
2 R 23
2 W 1 43
2 C 72
0 S 73
0 R 1
0 R 83
0 R 156
0 R 147
0 R 126
0 W 202 43
0 W 159 80
0 C 73
5 S 74
5 W 11 76
5 W 23 41
5 R 14
5 R 37
5 R 9
5 R 146
5 R 48
5 R 77
5 W 165 92
5 R 248
5 R 91
5 R 20
5 R 67
5 R 52
5 W 229 12
5 R 198
5 R 189
5 W 110 35
5 W 202 97
5 R 89
5 C 74
1 S 75
1 W 186 73
1 W 16 67
1 R 104
1 W 96 58
1 R 232
1 W 42 59
1 R 71
1 C 75
3 S 76
3 W 6 50
3 R 147
3 R 7
3 W 16 68
3 R 204
3 W 2 56
3 W 127 16
3 R 69
3 W 4 29
3 W 223 14
3 R 135
3 W 200 100
3 C 76
4 S 77
4 R 118
4 R 24
4 R 128
4 W 26 33
4 W 53 0
4 W 161 93
4 W 22 15
4 C 77
2 S 78
2 W 27 75
2 W 62 1
2 R 8
2 R 119
2 W 166 20
2 W 88 3
2 W 14 25
2 W 110 18
2 W 65 51
2 R 16
2 R 27
2 R 222
2 C 78
5 S 79
5 R 224
5 W 64 80
5 W 1 94
5 W 23 37
5 R 154
5 W 16 68
5 W 18 9
5 W 23 12
5 R 11
5 R 19
5 W 12 35
5 W 225 8
5 R 24
5 R 141
5 W 66 31
5 R 6
5 W 99 61
5 C 79
0 S 80
0 W 214 84
0 R 11
0 W 238 48
0 W 1 37
0 W 20 96
0 R 39
0 W 148 12
0 W 208 14
0 W 96 10
0 R 20
0 R 24
0 W 19 15
0 R 57
0 R 9
0 R 23
0 R 14
0 W 78 46
0 R 17
0 R 11
0 C 80
1 S 81
1 W 24 57
1 W 26 47
1 W 153 8
1 R 20
1 W 83 22
1 W 28 26
1 W 136 51
1 W 94 20
1 W 47 33
1 W 11 0
1 R 131
1 R 95
1 R 115
1 R 228
1 R 26
1 W 17 60
1 R 161
1 W 20 94
1 W 23 37
1 C 81
4 S 82
4 W 42 55
4 R 14
4 W 11 50
4 R 15
4 R 236
4 W 123 88
4 W 110 24
4 W 6 66
4 W 95 99
4 W 69 5
4 R 151
4 W 16 36
4 C 82
3 S 83
3 R 13
3 R 227
3 W 214 28
3 W 146 49
3 R 11
3 R 155
3 W 38 29
3 R 161
3 R 86
3 R 26
3 R 117
3 R 212
3 R 110
3 R 6
3 R 42
3 R 16
3 W 189 59
3 W 239 16
3 R 238
3 C 83
1 S 84
1 R 68
1 R 27
1 W 166 7
1 R 5
1 R 83
1 R 17
1 W 25 67
1 R 30
1 R 56
1 R 2
1 R 15
1 R 15
1 C 84
3 S 85
3 W 13 57
3 R 6
3 W 2 40
3 R 198
3 R 14
3 W 14 70
3 W 190 63
3 W 38 30
3 R 111
3 W 125 89
3 W 174 14
3 R 24
3 C 85
2 S 86
2 R 212
2 R 183
2 R 251
2 W 128 59
2 W 19 28
2 W 65 87
2 R 17
2 R 175
2 R 126
2 R 245
2 R 153
2 W 74 47
2 R 134
2 W 25 27
2 R 31
2 R 1
2 W 58 93
2 R 160
2 W 8 58
2 C 86
5 S 87
5 R 75
5 R 116
5 R 127
5 R 21
5 R 246
5 W 114 50
5 W 206 71
5 W 172 10
5 R 1
5 W 22 84
5 C 87
4 S 88
4 R 30
4 R 3
4 W 25 59
4 R 23
4 W 201 62
4 R 59
4 W 164 100
4 W 243 6
4 C 88
0 S 89
0 R 72
0 R 144
0 W 82 38
0 W 12 37
0 R 0
0 W 120 1
0 C 89
4 S 90
4 W 37 86
4 W 180 59
4 R 13
4 W 22 60
4 W 22 99
4 R 69
4 W 10 24
4 R 158
4 R 153
4 R 29
4 W 216 10
4 C 90
1 S 91
1 W 26 44
1 W 85 46
1 R 218
1 R 3
1 W 225 39
1 R 202
1 R 147
1 C 91
2 S 92
2 R 10
2 R 202
2 W 25 9
2 W 148 59
2 R 219
2 W 11 73
2 W 195 3
2 W 61 90
2 R 124
2 R 246
2 R 85
2 C 92
3 S 93
3 R 11
3 W 28 33
3 R 166
3 R 73
3 R 209
3 R 46
3 W 135 14
3 W 3 86
3 W 180 42
3 W 118 93
3 W 133 30
3 W 12 65
3 R 28
3 R 78
3 R 40
3 W 218 70
3 C 93
0 S 94
0 R 4
0 W 26 41
0 R 211
0 R 98
0 R 30
0 R 162
0 R 88
0 W 0 66
0 W 27 51
0 W 121 57
0 W 132 77
0 R 7
0 W 22 43
0 W 5 52
0 C 94
5 S 95
5 R 28
5 R 63
5 W 19 31
5 R 16
5 W 191 90
5 R 12
5 W 18 14
5 W 190 88
5 W 28 85
5 W 18 9
5 R 19
5 W 188 19
5 R 23
5 R 5
5 C 95
1 S 96
1 R 5
1 W 134 77
1 W 67 69
1 W 2 90
1 W 5 95
1 R 23
1 W 100 63
1 R 132
1 W 2 52
1 W 12 13
1 W 58 57
1 R 61
1 W 171 1
1 R 35
1 W 29 75
1 R 67
1 R 111
1 R 197
1 C 96
5 S 97
5 R 144
5 R 33
5 W 172 75
5 R 17
5 R 201
5 R 47
5 R 38
5 W 89 9
5 W 30 67
5 R 73
5 R 13
5 R 68
5 R 200
5 W 21 74
5 R 8
5 W 29 57
5 R 28
5 R 28
5 R 158
5 W 10 5
5 C 97
0 S 98
0 W 149 22
0 R 6
0 W 31 41
0 R 16
0 W 45 100
0 R 18
0 W 141 78
0 W 123 42
0 R 111
0 W 43 3
0 W 22 35
0 W 2 82
0 R 117
0 W 14 82
0 C 98
4 S 99
4 R 138
4 W 188 2
4 R 226
4 W 36 77
4 R 15
4 W 205 0
4 W 80 1
4 R 231
4 W 1 96
4 W 152 72
4 W 69 1
4 W 181 97
4 W 14 27
4 R 112
4 W 141 53
4 R 20
4 W 12 98
4 C 99
2 S 100
2 W 16 96
2 R 98
2 W 168 83
2 R 33
2 W 16 48
2 W 29 79
2 R 30
2 C 100
3 S 101
3 W 50 17
3 R 176
3 R 138
3 W 214 5
3 R 171
3 W 29 80
3 R 157
3 R 12
3 W 15 87
3 W 218 6
3 W 49 12
3 W 20 68
3 W 24 72
3 W 20 13
3 W 178 39
3 R 56
3 R 202
3 W 221 32
3 R 101
3 R 150
3 C 101
2 S 102
2 W 234 84
2 R 117
2 R 175
2 W 25 91
2 R 249
2 R 26
2 W 188 61
2 R 30
2 W 12 79
2 R 196
2 R 235
2 W 178 74
2 W 164 95
2 R 201
2 W 22 38
2 W 18 1
2 W 13 58
2 W 3 61
2 C 102
0 S 103
0 W 27 2
0 R 147
0 W 205 1
0 R 79
0 R 22
0 R 251
0 R 168
0 W 161 11
0 R 25
0 R 41
0 W 24 74
0 W 2 100
0 R 120
0 R 27
0 R 230
0 W 20 11
0 W 28 34
0 W 41 2
0 R 165
0 C 103
5 S 104
5 W 133 65
5 R 192
5 W 2 75
5 R 5
5 W 17 96
5 R 11
5 R 1
5 R 33
5 W 97 4
5 W 130 49
5 W 21 30
5 W 4 18
5 R 33
5 R 10
5 R 79
5 R 21
5 R 147
5 C 104
3 S 105
3 R 139
3 R 131
3 W 209 19
3 R 16
3 W 122 74
3 R 23
3 W 156 0
3 W 16 77
3 W 141 72
3 W 219 36
3 R 18
3 W 4 79
3 W 22 78
3 R 29
3 C 105
4 S 106
4 W 12 1
4 W 14 73
4 R 101
4 R 1
4 W 1 20
4 W 24 4
4 R 1
4 W 16 71
4 W 8 23
4 W 20 96
4 W 4 63
4 R 29
4 C 106
1 S 107
1 W 58 62
1 W 11 50
1 R 163
1 R 11
1 R 3
1 W 25 95
1 R 171
1 R 11
1 W 23 26
1 R 17
1 W 130 91
1 C 107
2 S 108
2 W 154 77
2 W 3 81
2 R 145
2 R 19
2 R 8
2 R 26
2 R 121
2 R 29
2 W 5 4
2 W 50 92
2 R 46
2 R 7
2 C 108
4 S 109
4 R 140
4 W 246 89
4 W 14 82
4 R 160
4 W 17 35
4 R 13
4 W 147 25
4 W 111 16
4 C 109
3 S 110
3 R 8
3 R 213
3 W 99 60
3 W 28 84
3 W 30 32
3 R 50
3 W 177 17
3 R 127
3 W 86 64
3 W 188 9
3 R 233
3 W 151 55
3 R 29
3 W 114 75
3 R 6
3 R 0
3 W 179 50
3 R 9
3 C 110
1 S 111
1 W 13 59
1 R 166
1 W 6 37
1 R 81
1 R 21
1 R 10
1 R 77
1 C 111
5 S 112
5 W 75 66
5 W 5 84
5 W 17 3
5 R 5
5 W 26 92
5 R 1
5 R 26
5 W 130 1
5 W 133 48
5 C 112
0 S 113
0 W 14 13
0 R 30
0 W 126 17
0 W 70 90
0 W 149 52
0 W 8 46
0 R 180
0 W 17 45
0 W 18 11
0 W 147 99
0 R 144
0 C 113
4 S 114
4 W 108 43
4 W 119 41
4 W 16 82
4 W 31 6
4 R 186
4 W 184 4
4 W 23 2
4 R 26
4 W 1 31
4 W 211 95
4 C 114
2 S 115
2 W 21 74
2 W 169 29
2 W 3 67
2 R 5
2 R 62
2 R 6
2 C 115
1 S 116
1 R 145
1 R 179
1 R 81
1 R 22
1 R 12
1 R 146
1 R 20
1 W 41 10
1 W 162 42
1 W 28 81
1 W 227 15
1 R 144
1 R 19
1 R 19
1 R 10
1 R 15
1 C 116
0 S 117
0 W 89 43
0 W 196 77
0 R 38
0 R 89
0 R 27
0 R 55
0 R 11
0 C 117
5 S 118
5 R 221
5 W 4 77
5 R 30
5 W 45 55
5 R 110
5 R 85
5 W 170 86
5 W 155 76
5 R 4
5 W 175 68
5 C 118
3 S 119
3 W 20 92
3 R 32
3 W 8 39
3 W 47 4
3 W 106 16
3 R 33
3 R 222
3 W 9 72
3 W 78 63
3 R 52
3 W 2 73
3 R 220
3 W 199 95
3 R 24
3 W 30 30
3 W 15 83
3 R 108
3 R 6
3 R 18
3 R 27
3 C 119
3 S 120
3 W 6 92
3 R 77
3 R 26
3 R 221
3 R 23
3 R 16
3 C 120
5 S 121
5 W 27 88
5 W 186 80
5 W 3 18
5 W 127 46
5 W 103 25
5 W 13 86
5 W 142 57
5 W 174 81
5 R 180
5 C 121
4 S 122
4 W 119 95
4 R 18
4 R 8
4 R 94
4 R 73
4 W 14 10
4 R 89
4 R 167
4 C 122
1 S 123
1 W 85 89
1 W 234 36
1 R 26
1 W 84 94
1 W 203 55
1 W 2 74
1 R 3
1 R 160
1 W 5 92
1 W 197 8
1 R 168
1 W 26 78
1 W 7 63
1 W 81 95
1 W 90 2
1 W 31 18
1 R 30
1 R 31
1 R 2
1 R 165
1 C 123
2 S 124
2 W 155 98
2 W 136 31
2 W 188 63
2 W 40 24
2 W 51 50
2 R 188
2 W 33 23
2 W 2 18
2 W 150 68
2 W 146 76
2 R 9
2 R 22
2 R 35
2 R 25
2 R 223
2 W 45 5
2 R 16
2 C 124
0 S 125
0 R 77
0 R 1
0 R 132
0 W 195 50
0 W 44 62
0 R 50
0 R 28
0 R 99
0 W 31 40
0 W 27 63
0 R 4
0 R 96
0 W 23 100
0 C 125
1 S 126
1 R 3
1 W 97 63
1 R 156
1 W 13 83
1 W 26 46
1 R 16
1 R 52
1 R 101
1 R 31
1 W 20 12
1 W 24 0
1 R 229
1 R 110
1 C 126
5 S 127
5 R 42
5 R 29
5 W 73 20
5 W 29 59
5 W 112 12
5 R 95
5 R 182
5 R 221
5 R 22
5 R 22
5 W 93 11
5 C 127
4 S 128
4 W 102 57
4 W 116 58
4 W 31 81
4 R 118
4 W 46 86
4 R 110
4 R 116
4 R 77
4 R 15
4 R 14
4 W 2 97
4 R 249
4 R 64
4 W 232 45
4 C 128
3 S 129
3 R 11
3 R 11
3 W 29 69
3 W 3 82
3 W 210 33
3 R 113
3 R 23
3 R 84
3 W 236 42
3 W 18 29
3 W 171 57
3 C 129
0 S 130
0 R 21
0 W 234 39
0 R 239
0 R 54
0 R 32
0 W 134 52
0 W 105 99
0 W 95 97
0 R 38
0 R 226
0 R 107
0 R 60
0 C 130
2 S 131
2 R 7
2 W 120 2
2 W 18 71
2 R 74
2 W 69 76
2 R 166
2 R 0
2 C 131
4 S 132
4 R 25
4 R 20
4 R 49
4 R 155
4 W 30 71
4 R 28
4 W 13 54
4 R 169
4 W 132 33
4 W 31 73
4 R 61
4 W 23 53
4 R 6
4 R 20
4 W 173 79
4 R 105
4 W 21 73
4 C 132
2 S 133
2 R 1
2 R 16
2 W 15 12
2 W 8 51
2 W 61 8
2 W 165 53
2 W 140 5
2 W 29 25
2 R 39
2 W 17 93
2 W 18 4
2 W 44 82
2 C 133
5 S 134
5 W 238 31
5 R 211
5 W 28 72
5 R 106
5 W 86 27
5 R 249
5 R 169
5 C 134
1 S 135
1 W 99 33
1 W 122 63
1 R 67
1 W 167 22
1 R 8
1 R 75
1 W 225 71
1 R 18
1 W 135 69
1 W 157 21
1 W 61 12
1 W 142 68
1 R 186
1 W 16 80
1 W 4 13
1 R 189
1 R 192
1 W 72 97
1 R 31
1 C 135
0 S 136
0 W 13 41
0 W 29 65
0 W 49 40
0 R 82
0 W 142 96
0 W 17 80
0 R 24
0 R 101
0 W 108 100
0 R 140
0 R 75
0 W 31 44
0 R 30
0 W 12 96
0 R 109
0 W 0 29
0 R 6
0 W 18 8
0 W 10 35
0 C 136
3 S 137
3 R 150
3 W 223 48
3 W 59 12
3 R 204
3 W 229 73
3 W 178 25
3 R 50
3 W 32 11
3 W 56 30
3 R 16
3 R 68
3 W 143 60
3 R 70
3 C 137
5 S 138
5 W 5 11
5 R 189
5 W 237 42
5 R 2
5 R 9
5 R 183
5 R 157
5 W 3 90
5 W 241 97
5 R 18
5 W 0 87
5 R 172
5 C 138
2 S 139
2 R 98
2 R 13
2 R 144
2 R 26
2 R 153
2 R 3
2 W 95 21
2 W 29 70
2 R 24
2 R 28
2 R 15
2 C 139
1 S 140
1 W 3 35
1 R 127
1 W 30 78
1 W 212 0
1 W 93 63
1 R 120
1 W 19 73
1 R 54
1 W 133 61
1 W 28 83
1 W 20 59
1 R 26
1 R 141
1 R 231
1 R 1
1 W 32 2
1 C 140
0 S 141
0 R 8
0 R 10
0 W 183 46
0 R 11
0 W 124 69
0 W 6 22
0 R 13
0 W 31 75
0 W 15 38
0 C 141
3 S 142
3 R 103
3 W 5 39
3 W 5 89
3 W 4 11
3 R 18
3 W 134 58
3 R 30
3 C 142
4 S 143
4 W 192 43
4 R 128
4 R 162
4 R 16
4 R 222
4 W 96 15
4 R 1
4 R 121
4 R 30
4 C 143
0 S 144
0 R 71
0 R 12
0 W 23 19
0 W 68 72
0 W 167 27
0 R 24
0 W 233 70
0 W 207 49
0 W 12 45
0 W 23 69
0 R 102
0 W 14 94
0 R 9
0 C 144
2 S 145
2 W 166 9
2 W 45 73
2 W 207 52
2 R 197
2 R 178
2 W 201 36
2 W 28 59
2 W 115 98
2 W 30 64
2 W 0 39
2 W 3 26
2 C 145
1 S 146
1 W 68 5
1 W 139 69
1 R 59
1 R 123
1 R 23
1 W 101 63
1 R 80
1 C 146
5 S 147
5 R 123
5 W 49 23
5 R 19
5 R 19
5 R 153
5 W 31 67
5 W 94 100
5 C 147
3 S 148
3 R 157
3 R 85
3 R 189
3 R 10
3 R 137
3 W 203 64
3 W 27 41
3 W 226 14
3 R 15
3 W 97 57
3 W 68 30
3 W 40 92
3 C 148
4 S 149
4 W 38 17
4 W 252 81
4 W 16 91
4 R 196
4 W 222 78
4 R 131
4 R 194
4 W 21 61
4 R 30
4 R 17
4 W 66 25
4 W 58 2
4 R 29
4 R 77
4 W 251 89
4 R 160
4 W 168 41
4 W 111 60
4 R 50
4 C 149
4 S 150
4 W 38 23
4 R 21
4 W 122 20
4 R 59
4 R 0
4 W 27 22
4 W 235 78
4 W 176 6
4 R 11
4 C 150
1 S 151
1 W 11 80
1 W 86 60
1 W 21 56
1 R 172
1 R 12
1 W 174 34
1 W 77 50
1 W 219 24
1 R 79
1 R 1
1 W 124 72
1 W 18 40
1 W 11 77
1 R 6
1 W 27 73
1 R 213
1 C 151
5 S 152
5 W 31 78
5 R 11
5 W 26 88
5 W 5 54
5 W 8 32
5 R 148
5 W 106 84
5 C 152
3 S 153
3 R 3
3 W 202 20
3 W 149 49
3 R 231
3 W 243 71
3 R 110
3 W 249 62
3 R 75
3 W 106 47
3 W 182 64
3 C 153
2 S 154
2 W 16 36
2 W 232 5
2 W 6 20
2 W 0 42
2 R 157
2 W 231 33
2 W 28 5
2 R 59
2 W 222 52
2 W 1 1
2 R 17
2 W 150 64
2 R 79
2 R 22
2 R 205
2 R 230
2 R 183
2 C 154
0 S 155
0 W 111 66
0 R 15
0 R 45
0 W 192 71
0 W 194 38
0 R 23
0 W 21 76
0 R 14
0 W 252 20
0 W 116 100
0 R 15
0 R 254
0 R 77
0 R 15
0 R 22
0 C 155
1 S 156
1 W 170 92
1 R 60
1 R 201
1 R 28
1 R 182
1 W 193 44
1 W 24 16
1 C 156
3 S 157
3 R 179
3 W 7 39
3 R 11
3 W 30 38
3 W 67 96
3 W 85 15
3 R 30
3 R 143
3 R 125
3 R 11
3 W 30 32
3 R 10
3 W 173 44
3 R 5
3 W 53 62
3 R 40
3 C 157
0 S 158
0 R 92
0 W 187 11
0 R 87
0 R 24
0 W 22 26
0 R 252
0 W 7 10
0 W 187 9
0 W 97 21
0 R 31
0 R 115
0 W 17 40
0 R 249
0 R 119
0 R 154
0 W 176 15
0 R 19
0 W 17 39
0 C 158
4 S 159
4 W 2 75
4 R 228
4 R 150
4 R 30
4 R 0
4 W 1 53
4 R 249
4 W 234 79
4 R 191
4 C 159
5 S 160
5 W 105 36
5 W 200 81
5 R 163
5 W 21 6
5 R 102
5 R 72
5 W 130 65
5 R 6
5 W 32 34
5 W 105 97
5 W 130 61
5 W 27 47
5 C 160
2 S 161
2 W 199 61
2 R 117
2 W 24 5
2 R 210
2 R 77
2 R 211
2 W 88 82
2 W 46 40
2 R 84
2 W 180 30
2 C 161
5 S 162
5 W 3 72
5 R 196
5 W 204 16
5 W 8 14
5 R 242
5 W 149 75
5 R 233
5 R 76
5 C 162
4 S 163
4 R 84
4 W 7 37
4 W 234 77
4 R 9
4 R 24
4 R 25
4 W 29 60
4 R 44
4 W 200 100
4 R 7
4 W 145 99
4 R 8
4 W 33 9
4 W 1 92
4 W 90 71
4 R 134
4 C 163
3 S 164
3 W 8 16
3 R 206
3 R 10
3 R 104
3 W 51 93
3 R 136
3 W 177 78
3 W 36 36
3 R 180
3 W 106 41
3 W 15 65
3 C 164
2 S 165
2 R 204
2 R 7
2 R 192
2 W 27 84
2 R 1
2 R 250
2 R 106
2 R 18
2 R 93
2 R 20
2 R 15
2 C 165
0 S 166
0 W 28 2
0 R 20
0 W 25 7
0 W 12 99
0 R 31
0 W 160 79
0 C 166
1 S 167
1 R 107
1 W 3 62
1 W 2 82
1 R 171
1 W 57 45
1 W 199 3
1 R 149
1 W 26 5
1 R 84
1 W 188 20
1 R 39
1 R 49
1 W 78 78
1 R 101
1 R 29
1 C 167
5 S 168
5 R 6
5 W 252 61
5 R 61
5 W 11 0
5 W 20 90
5 R 193
5 W 24 76
5 W 128 51
5 R 22
5 C 168
0 S 169
0 R 194
0 R 21
0 W 17 84
0 W 12 64
0 W 13 12
0 W 255 94
0 R 10
0 W 147 48
0 R 41
0 R 163
0 R 228
0 R 27
0 R 132
0 R 197
0 R 178
0 R 24
0 W 148 52
0 W 173 20
0 C 169
3 S 170
3 W 231 56
3 R 173
3 W 127 87
3 W 208 88
3 W 3 47
3 W 0 0
3 R 210
3 C 170
2 S 171
2 R 89
2 R 6
2 W 4 65
2 R 51
2 R 165
2 W 16 55
2 R 99
2 R 2
2 R 7
2 C 171
4 S 172
4 R 120
4 R 149
4 W 28 30
4 W 20 1
4 W 24 42
4 R 136
4 W 26 60
4 W 241 96
4 R 232
4 R 31
4 C 172
1 S 173
1 R 16
1 W 0 52
1 R 122
1 W 84 4
1 W 129 60
1 W 174 56
1 R 16
1 W 26 48
1 R 19
1 W 242 58
1 C 173
3 S 174
3 W 149 35
3 W 193 23
3 R 238
3 R 54
3 W 192 51
3 R 65
3 R 215
3 W 230 24
3 R 169
3 R 218
3 W 14 62
3 R 29
3 R 251
3 W 21 72
3 R 19
3 W 22 27
3 R 121
3 C 174
2 S 175
2 R 30
2 R 247
2 R 140
2 W 82 25
2 R 4
2 R 69
2 W 21 76
2 R 4
2 W 123 28
2 R 127
2 R 104
2 C 175
5 S 176
5 R 217
5 R 12
5 R 175
5 R 31
5 R 28
5 W 27 71
5 W 135 26
5 W 13 25
5 R 146
5 W 13 95
5 R 49
5 R 251
5 C 176
1 S 177
1 W 22 74
1 R 5
1 W 16 7
1 R 161
1 W 35 87
1 R 246
1 R 85
1 R 62
1 W 19 41
1 R 0
1 W 27 36
1 W 149 58
1 R 221
1 R 218
1 C 177
0 S 178
0 R 13
0 W 222 48
0 R 227
0 W 31 44
0 W 73 49
0 W 176 72
0 C 178
4 S 179
4 W 7 52
4 R 196
4 W 129 43
4 R 234
4 R 221
4 R 26
4 R 14
4 R 193
4 W 231 37
4 R 20
4 W 223 34
4 W 6 49
4 R 28
4 C 179
0 S 180
0 W 11 93
0 W 7 64
0 W 66 59
0 R 251
0 W 81 6
0 W 246 62
0 W 4 35
0 R 209
0 R 141
0 W 179 14
0 W 72 72
0 R 73
0 W 18 42
0 R 54
0 W 130 6
0 W 9 46
0 C 180
3 S 181
3 R 78
3 W 136 33
3 R 238
3 W 5 72
3 R 176
3 R 14
3 W 7 87
3 R 19
3 R 2
3 R 8
3 R 140
3 R 5
3 W 2 69
3 R 199
3 C 181
1 S 182
1 W 17 48
1 W 22 5
1 R 25
1 W 211 1
1 R 43
1 R 158
1 W 6 72
1 R 0
1 W 48 77
1 C 182
2 S 183
2 W 12 13
2 W 28 71
2 W 29 68
2 R 98
2 R 54
2 R 0
2 R 123
2 W 22 12
2 W 130 51
2 C 183
4 S 184
4 R 212
4 W 18 20
4 W 226 94
4 W 7 82
4 W 146 93
4 W 22 63
4 W 188 87
4 R 28
4 W 28 48
4 W 22 54
4 R 98
4 W 167 45
4 W 9 76
4 W 131 55
4 R 20
4 W 27 9
4 W 120 89
4 W 26 6
4 R 173
4 W 59 22
4 C 184
5 S 185
5 R 123
5 R 7
5 R 25
5 W 46 82
5 W 4 90
5 R 19
5 R 175
5 W 108 89
5 W 2 83
5 W 99 22
5 R 67
5 R 64
5 W 125 82
5 W 82 77
5 W 44 3
5 R 78
5 C 185
0 S 186
0 W 14 94
0 R 243
0 W 3 70
0 R 20
0 R 154
0 R 17
0 R 243
0 W 135 42
0 W 24 70
0 C 186
2 S 187
2 R 15
2 W 9 86
2 W 62 81
2 W 28 94
2 W 69 39
2 R 127
2 R 20
2 W 5 9
2 W 188 44
2 R 232
2 R 59
2 W 8 51
2 R 190
2 R 0
2 C 187
3 S 188
3 R 47
3 W 170 76
3 W 145 28
3 W 203 10
3 W 207 39
3 W 181 31
3 R 240
3 R 24
3 C 188
5 S 189
5 W 30 67
5 R 9
5 W 7 61
5 W 30 76
5 R 111
5 W 121 97
5 W 87 75
5 R 157
5 W 254 9
5 W 209 78
5 W 189 73
5 R 22
5 C 189
4 S 190
4 W 9 16
4 W 160 44
4 W 182 60
4 R 150
4 W 8 65
4 W 7 57
4 R 12
4 W 159 33
4 W 13 93
4 W 237 42
4 W 27 4
4 W 167 27
4 R 16
4 W 26 38
4 W 43 18
4 C 190
1 S 191
1 W 14 53
1 W 7 76
1 R 91
1 R 214
1 W 4 100
1 R 107
1 W 18 28
1 R 4
1 C 191
2 S 192
2 W 20 97
2 R 231
2 R 8
2 R 37
2 R 26
2 R 42
2 W 76 72
2 W 208 70
2 R 23
2 W 232 28
2 R 132
2 W 204 48
2 W 4 96
2 C 192
5 S 193
5 W 5 90
5 W 167 40
5 W 204 83
5 R 21
5 W 126 38
5 W 29 30
5 R 17
5 R 10
5 R 8
5 W 129 43
5 W 5 19
5 W 25 55
5 C 193
3 S 194
3 R 234
3 W 142 45
3 R 28
3 W 15 37
3 R 203
3 R 85
3 W 157 38
3 C 194
1 S 195
1 R 0
1 W 167 31
1 W 49 75
1 W 183 6
1 R 30
1 R 137
1 C 195
4 S 196
4 W 15 74
4 R 241
4 W 17 86
4 W 69 92
4 W 0 68
4 R 59
4 W 113 15
4 W 20 82
4 W 170 16
4 R 192
4 R 14
4 W 123 70
4 W 114 66
4 W 136 56
4 R 89
4 R 237
4 W 1 19
4 W 43 63
4 W 111 37
4 C 196
0 S 197
0 R 129
0 W 16 72
0 R 170
0 R 25
0 R 30
0 R 30
0 R 0
0 R 66
0 R 219
0 R 211
0 R 4
0 R 201
0 W 113 30
0 W 75 80
0 W 21 65
0 W 50 58
0 W 246 29
0 W 202 90
0 R 10
0 R 191
0 C 197
2 S 198
2 R 230
2 R 7
2 W 28 18
2 R 199
2 W 114 88
2 W 166 27
2 W 16 40
2 R 245
2 R 122
2 R 126
2 W 65 75
2 W 42 84
2 R 58
2 R 77
2 R 6
2 C 198
0 S 199
0 W 251 94
0 W 8 83
0 W 13 93
0 R 151
0 W 111 23
0 R 86
0 C 199
3 S 200
3 W 13 93
3 R 138
3 R 21
3 W 152 29
3 R 12
3 W 2 5
3 R 175
3 W 14 75
3 R 2
3 C 200
4 S 201
4 W 6 23
4 W 24 59
4 W 211 26
4 R 124
4 W 112 40
4 R 186
4 W 46 84
4 W 175 95
4 W 131 12
4 R 28
4 W 154 3
4 W 21 79
4 W 163 26
4 W 247 9
4 W 250 3
4 R 198
4 R 52
4 R 18
4 C 201
1 S 202
1 W 66 87
1 R 110
1 R 64
1 R 213
1 W 95 42
1 W 7 99
1 W 226 56
1 W 251 23
1 W 46 0
1 R 215
1 W 28 69
1 W 16 32
1 W 248 77
1 R 20
1 W 28 100
1 R 1
1 R 7
1 R 26
1 R 119
1 C 202
5 S 203
5 R 9
5 W 183 5
5 R 240
5 R 10
5 W 13 95
5 W 145 28
5 W 22 78
5 R 5
5 C 203
3 S 204
3 R 135
3 W 27 26
3 R 1
3 W 145 77
3 R 177
3 R 234
3 R 17
3 R 163
3 W 233 53
3 W 7 51
3 W 72 73
3 R 185
3 W 23 30
3 R 30
3 W 184 63
3 R 236
3 R 26
3 R 30
3 W 122 52
3 R 15
3 C 204
4 S 205
4 W 104 61
4 R 59
4 W 121 1
4 W 17 23
4 W 141 98
4 R 30
4 R 73
4 W 86 100
4 R 167
4 W 65 56
4 C 205
0 S 206
0 W 25 2
0 R 160
0 W 115 25
0 R 13
0 W 42 69
0 W 32 39
0 W 168 48
0 W 0 81
0 R 23
0 R 115
0 R 100
0 W 108 53
0 R 29
0 W 5 83
0 R 108
0 R 5
0 R 20
0 C 206
5 S 207
5 W 101 32
5 W 32 18
5 R 167
5 R 12
5 R 28
5 W 179 49
5 R 8
5 W 28 25
5 W 13 79
5 R 229
5 R 25
5 W 9 53
5 R 18
5 R 149
5 R 88
5 W 17 72
5 W 210 83
5 C 207
2 S 208
2 W 10 12
2 W 131 18
2 W 221 66
2 W 187 47
2 W 12 72
2 R 134
2 R 87
2 C 208
1 S 209
1 W 25 61
1 R 3
1 R 4
1 W 9 70
1 R 29
1 W 174 65
1 R 217
1 W 97 42
1 W 22 12
1 W 0 26
1 W 24 3
1 C 209
3 S 210
3 W 1 27
3 W 1 9
3 W 77 99
3 W 27 55
3 R 87
3 R 112
3 R 150
3 C 210
1 S 211
1 W 30 63
1 W 4 100
1 W 2 55
1 W 254 58
1 W 138 20
1 W 219 98
1 R 21
1 R 22
1 W 143 5
1 R 117
1 R 118
1 W 5 11
1 R 119
1 R 21
1 W 23 99
1 W 137 19
1 R 120
1 C 211
0 S 212
0 W 16 98
0 R 4
0 W 62 87
0 W 244 37
0 R 239
0 W 214 62
0 W 42 55
0 C 212
5 S 213
5 W 20 28
5 R 24
5 W 159 32
5 R 9
5 R 131
5 R 88
5 W 119 19
5 W 22 61
5 R 18
5 C 213
2 S 214
2 W 26 60
2 W 244 1
2 R 250
2 W 6 48
2 R 244
2 W 82 83
2 W 132 48
2 W 137 42
2 W 169 2
2 W 26 93
2 W 105 18
2 R 2
2 R 31
2 W 17 44
2 W 248 19
2 W 145 75
2 C 214
4 S 215
4 W 199 67
4 R 250
4 W 9 76
4 R 19
4 R 18
4 R 26
4 R 178
4 C 215
5 S 216
5 R 157
5 W 22 47
5 W 8 43
5 W 254 88
5 W 25 56
5 W 97 66
5 W 110 1
5 R 219
5 R 85
5 C 216
0 S 217
0 R 95
0 W 234 21
0 R 79
0 W 158 13
0 W 2 48
0 W 9 31
0 W 252 24
0 W 125 54
0 R 203
0 W 17 23
0 R 62
0 W 179 74
0 C 217
3 S 218
3 R 172
3 W 52 19
3 R 233
3 W 2 41
3 W 12 82
3 W 221 4
3 W 8 38
3 W 4 77
3 R 10
3 R 13
3 R 44
3 W 154 35
3 W 22 3
3 R 168
3 R 216
3 R 37
3 W 87 42
3 R 28
3 C 218
2 S 219
2 R 203
2 R 0
2 R 88
2 W 150 52
2 W 2 25
2 R 186
2 R 6
2 R 142
2 R 44
2 R 89
2 R 84
2 W 74 3
2 W 126 26
2 R 227
2 W 197 17
2 R 18
2 C 219
1 S 220
1 W 113 13
1 R 219
1 W 157 44
1 W 15 30
1 R 136
1 W 31 72
1 W 5 53
1 R 18
1 W 5 46
1 R 143
1 R 86
1 R 18
1 R 109
1 W 11 7
1 W 8 69
1 R 29
1 C 220
4 S 221
4 R 115
4 W 141 32
4 R 112
4 R 19
4 R 165
4 W 14 67
4 R 14
4 R 192
4 W 27 85
4 W 5 86
4 R 244
4 R 208
4 W 175 82
4 C 221
2 S 222
2 R 121
2 W 87 88
2 R 10
2 W 247 3
2 R 8
2 R 172
2 R 55
2 W 186 13
2 W 18 8
2 W 221 48
2 R 14
2 W 236 86
2 R 6
2 W 172 4
2 W 169 15
2 R 0
2 R 7
2 R 6
2 R 19
2 R 133
2 C 222
1 S 223
1 R 247
1 R 235
1 R 149
1 R 8
1 R 31
1 R 252
1 W 12 15
1 R 19
1 R 143
1 R 21
1 C 223
0 S 224
0 W 227 40
0 W 1 43
0 R 123
0 R 113
0 W 0 15
0 W 73 70
0 W 116 58
0 W 28 26
0 C 224
3 S 225
3 R 247
3 R 133
3 W 55 65
3 W 74 26
3 W 16 99
3 R 21
3 R 13
3 R 25
3 R 92
3 C 225
5 S 226
5 W 21 31
5 R 11
5 W 99 52
5 R 26
5 W 11 35
5 R 2
5 R 254
5 C 226
4 S 227
4 R 106
4 R 223
4 W 4 2
4 W 29 44
4 R 17
4 R 10
4 W 120 32
4 R 5
4 R 4
4 R 224
4 W 26 15
4 W 47 0
4 C 227
5 S 228
5 R 2
5 W 12 83
5 W 29 55
5 R 103
5 R 142
5 R 72
5 W 15 13
5 W 133 66
5 W 34 72
5 W 111 81
5 W 194 95
5 R 227
5 W 221 55
5 W 20 54
5 C 228
2 S 229
2 W 139 84
2 R 214
2 W 216 68
2 W 23 9
2 R 2
2 R 77
2 R 12
2 C 229
3 S 230
3 W 10 97
3 R 2
3 R 17
3 W 181 27
3 W 10 0
3 R 128
3 W 252 99
3 W 5 98
3 W 4 63
3 W 32 17
3 W 140 8
3 W 10 34
3 W 207 93
3 W 45 31
3 R 229
3 R 119
3 W 15 9
3 W 135 5
3 R 182
3 C 230
0 S 231
0 W 30 58
0 W 216 11
0 R 159
0 W 23 97
0 W 179 42
0 W 221 31
0 R 132
0 R 8
0 W 68 75
0 W 29 79
0 C 231
1 S 232
1 W 174 29
1 R 225
1 R 176
1 W 10 36
1 R 230
1 R 15
1 R 198
1 R 196
1 W 103 34
1 C 232
4 S 233
4 W 8 16
4 R 96
4 R 58
4 R 47
4 W 188 52
4 W 0 61
4 R 1
4 W 14 23
4 R 7
4 W 174 27
4 W 25 42
4 R 159
4 W 75 51
4 R 124
4 R 168
4 R 120
4 R 2
4 R 123
4 R 188
4 W 14 39
4 C 233
2 S 234
2 W 249 89
2 R 28
2 R 199
2 W 31 53
2 R 81
2 W 3 22
2 W 10 75
2 W 2 3
2 R 5
2 W 30 59
2 W 88 78
2 W 1 39
2 R 193
2 W 118 73
2 C 234
1 S 235
1 R 0
1 R 28
1 W 105 20
1 R 165
1 R 130
1 W 63 63
1 C 235
4 S 236
4 R 36
4 R 106
4 W 212 93
4 R 60
4 R 108
4 W 186 3
4 W 23 44
4 W 57 89
4 R 17
4 W 8 98
4 R 55
4 R 26
4 R 1
4 R 254
4 W 1 67
4 R 96
4 W 178 98
4 W 41 40
4 R 30
4 C 236
3 S 237
3 W 216 32
3 W 161 4
3 W 132 88
3 R 12
3 W 42 84
3 R 4
3 W 25 17
3 W 20 24
3 C 237
5 S 238
5 R 3
5 W 105 19
5 R 24
5 W 61 62
5 R 195
5 R 116
5 W 213 51
5 R 24
5 R 254
5 R 84
5 R 83
5 R 9
5 R 238
5 W 22 66
5 C 238
0 S 239
0 R 123
0 W 12 52
0 W 179 4
0 R 2
0 R 88
0 R 205
0 R 6
0 W 17 13
0 R 8
0 W 20 35
0 W 21 55
0 R 207
0 W 53 44
0 C 239
0 S 240
0 W 254 63
0 R 61
0 R 15
0 W 27 61
0 R 56
0 W 31 78
0 W 25 82
0 W 251 1
0 R 70
0 R 14
0 R 93
0 C 240
5 S 241
5 W 215 77
5 W 155 0
5 W 144 51
5 W 27 80
5 R 127
5 R 41
5 W 8 11
5 W 222 9
5 W 213 15
5 R 236
5 R 12
5 W 25 56
5 R 251
5 R 42
5 R 171
5 W 30 69
5 R 189
5 C 241
3 S 242
3 R 26
3 R 28
3 R 42
3 W 21 91
3 R 197
3 W 252 12
3 R 15
3 C 242
4 S 243
4 R 25
4 R 164
4 R 2
4 W 219 12
4 W 33 81
4 W 103 27
4 R 35
4 R 11
4 R 15
4 R 123
4 R 13
4 W 251 11
4 C 243
2 S 244
2 R 143
2 W 84 31
2 R 139
2 R 251
2 R 66
2 W 129 1
2 W 11 5
2 R 119
2 C 244
1 S 245
1 R 181
1 W 39 4
1 R 220
1 W 180 83
1 W 28 73
1 W 119 52
1 R 8
1 R 111
1 W 5 75
1 W 17 59
1 W 1 36
1 W 12 79
1 R 65
1 W 162 25
1 W 12 62
1 W 16 36
1 W 143 55
1 R 249
1 C 245
5 S 246
5 R 13
5 W 23 0
5 W 68 23
5 W 200 0
5 R 194
5 R 31
5 W 69 98
5 W 28 71
5 W 1 14
5 R 108
5 R 105
5 W 20 17
5 R 103
5 W 20 26
5 W 116 52
5 R 99
5 R 138
5 R 10
5 R 130
5 W 9 46
5 C 246
2 S 247
2 R 91
2 R 7
2 R 195
2 W 23 53
2 R 220
2 R 160
2 R 203
2 R 29
2 R 11
2 W 8 70
2 W 101 13
2 W 75 88
2 W 5 80
2 W 164 24
2 W 242 26
2 R 113
2 W 143 35
2 R 22
2 W 7 94
2 W 26 15
2 C 247
1 S 248
1 W 30 35
1 R 7
1 W 10 69
1 W 151 34
1 R 17
1 W 95 97
1 R 12
1 R 30
1 R 10
1 W 28 1
1 W 147 65
1 W 1 9
1 W 0 39
1 R 40
1 C 248
4 S 249
4 R 73
4 R 170
4 R 22
4 W 155 20
4 R 23
4 R 6
4 R 190
4 R 203
4 W 103 25
4 R 12
4 R 14
4 W 25 25
4 W 201 39
4 C 249
0 S 250
0 R 7
0 R 30
0 W 146 6
0 R 74
0 R 8
0 R 229
0 C 250
3 S 251
3 W 46 3
3 R 30
3 R 9
3 R 51
3 R 30
3 R 71
3 W 79 7
3 R 214
3 R 9
3 R 190
3 C 251
3 S 252
3 W 12 90
3 W 167 71
3 R 65
3 R 245
3 R 27
3 W 162 38
3 W 40 57
3 R 7
3 W 41 78
3 R 207
3 R 24
3 R 142
3 W 55 25
3 W 213 3
3 C 252
5 S 253
5 W 126 15
5 W 186 90
5 W 31 80
5 R 3
5 R 34
5 R 29
5 W 8 83
5 R 27
5 R 29
5 R 83
5 R 9
5 R 3
5 C 253
2 S 254
2 R 3
2 W 13 30
2 W 159 20
2 R 220
2 R 40
2 W 121 66
2 R 2
2 W 24 20
2 W 7 72
2 C 254
0 S 255
0 W 3 53
0 W 53 83
0 R 207
0 W 17 75
0 W 22 99
0 R 23
0 R 207
0 R 185
0 C 255
4 S 256
4 W 30 56
4 W 28 1
4 R 17
4 W 230 28
4 W 44 83
4 W 7 33
4 R 21
4 R 29
4 W 91 8
4 W 7 39
4 W 253 76
4 W 21 38
4 R 105
4 W 121 82
4 W 174 42
4 C 256
1 S 257
1 W 126 79
1 W 8 72
1 W 23 45
1 R 46
1 R 57
1 W 254 81
1 C 257
1 S 258
1 R 234
1 W 12 1
1 W 61 66
1 W 107 48
1 W 161 37
1 R 28
1 R 247
1 W 110 79
1 W 59 74
1 W 237 62
1 W 20 0
1 W 249 4
1 R 16
1 W 112 67
1 W 17 86
1 R 191
1 W 212 32
1 R 15
1 R 148
1 R 117
1 C 258
0 S 259
0 R 21
0 W 169 40
0 W 243 93
0 W 9 40
0 R 195
0 W 169 75
0 R 21
0 R 188
0 R 11
0 W 243 56
0 R 18
0 C 259
3 S 260
3 W 20 0
3 R 229
3 W 28 48
3 R 185
3 R 71
3 W 43 37
3 W 7 47
3 R 31
3 W 29 100
3 R 126
3 W 219 6
3 R 65
3 W 206 90
3 W 185 3
3 R 178
3 W 29 54
3 R 204
3 R 134
3 C 260
4 S 261
4 R 151
4 W 21 42
4 W 18 75
4 R 133
4 W 16 57
4 W 222 87
4 W 249 12
4 W 101 97
4 W 3 96
4 R 113
4 W 1 28
4 R 237
4 R 28
4 R 164
4 R 30
4 R 1
4 W 51 42
4 W 31 22
4 C 261
5 S 262
5 R 128
5 R 157
5 R 15
5 R 6
5 W 242 71
5 R 19
5 R 174
5 R 24
5 R 124
5 W 118 40
5 W 13 67
5 W 55 46
5 W 27 94
5 R 156
5 W 46 26
5 C 262
2 S 263
2 W 110 94
2 W 14 97
2 W 6 21
2 R 24
2 R 13
2 W 17 1
2 R 142
2 W 135 99
2 R 2
2 R 189
2 R 19
2 W 143 78
2 R 71
2 R 146
2 C 263
2 S 264
2 R 30
2 R 104
2 W 235 43
2 R 18
2 W 187 79
2 R 25
2 R 14
2 R 129
2 R 111
2 W 20 1
2 C 264
3 S 265
3 W 146 35
3 R 205
3 W 12 34
3 W 205 92
3 R 44
3 W 160 71
3 W 72 35
3 R 30
3 W 14 25
3 R 227
3 W 14 47
3 W 26 64
3 R 4
3 R 242
3 C 265
4 S 266
4 W 226 93
4 W 11 2
4 R 14
4 W 43 80
4 W 224 12
4 R 190
4 R 6
4 W 3 10
4 R 24
4 W 45 97
4 R 32
4 W 111 2
4 W 218 14
4 R 1
4 W 175 16
4 C 266
0 S 267
0 W 3 93
0 R 252
0 R 16
0 R 57
0 R 22
0 R 2
0 R 19
0 W 192 7
0 R 1
0 R 51
0 R 102
0 R 18
0 W 6 69
0 W 143 10
0 R 19
0 R 42
0 R 193
0 W 0 39
0 W 20 70
0 W 59 74
0 C 267
1 S 268
1 R 23
1 W 30 71
1 W 2 82
1 W 4 32
1 W 155 16
1 W 2 54
1 W 110 66
1 R 253
1 R 249
1 W 28 65
1 R 231
1 W 20 63
1 W 95 45
1 R 8
1 W 92 52
1 C 268
5 S 269
5 R 22
5 R 28
5 R 7
5 R 204
5 R 14
5 W 77 39
5 W 9 67
5 R 38
5 R 111
5 W 137 29
5 R 12
5 W 14 91
5 W 102 84
5 W 142 5
5 W 196 27
5 W 14 53
5 R 63
5 R 96
5 C 269
3 S 270
3 W 128 49
3 W 44 11
3 R 189
3 W 49 83
3 R 166
3 W 76 25
3 R 155
3 W 30 63
3 W 29 52
3 C 270
5 S 271
5 R 10
5 R 215
5 R 116
5 R 148
5 R 12
5 R 107
5 R 4
5 R 194
5 R 205
5 R 183
5 W 7 22
5 W 183 29
5 W 27 42
5 C 271
0 S 272
0 W 131 45
0 R 61
0 R 164
0 W 83 32
0 R 28
0 W 197 35
0 W 19 8
0 R 1
0 R 233
0 R 223
0 R 181
0 R 81
0 R 24
0 R 7
0 W 188 100
0 W 65 43
0 R 28
0 W 107 35
0 R 106
0 W 14 93
0 C 272
2 S 273
2 R 1
2 R 101
2 R 15
2 R 35
2 R 30
2 W 172 0
2 W 7 36
2 W 113 7
2 R 5
2 R 55
2 W 3 92
2 W 164 63
2 R 91
2 R 11
2 W 191 41
2 R 28
2 W 14 85
2 R 52
2 W 4 80
2 C 273
4 S 274
4 W 227 15
4 W 245 22
4 W 199 8
4 R 34
4 R 16
4 R 31
4 R 20
4 W 115 72
4 W 30 26
4 C 274
1 S 275
1 R 29
1 R 81
1 R 8
1 W 21 17
1 W 195 29
1 R 84
1 W 175 12
1 R 15
1 W 159 51
1 C 275
0 S 276
0 W 117 57
0 R 161
0 W 67 53
0 R 223
0 W 27 67
0 W 179 88
0 R 42
0 W 20 55
0 R 68
0 C 276
5 S 277
5 R 86
5 R 91
5 R 11
5 W 188 63
5 R 3
5 R 48
5 W 3 50
5 R 1
5 R 6
5 W 5 47
5 W 72 47
5 C 277
1 S 278
1 W 169 5
1 R 15
1 W 15 73
1 R 178
1 W 248 70
1 R 85
1 R 124
1 W 23 84
1 W 32 9
1 R 106
1 R 67
1 W 12 85
1 W 20 19
1 W 219 86
1 C 278
3 S 279
3 W 10 40
3 R 17
3 R 5
3 R 70
3 R 30
3 W 5 60
3 R 16
3 C 279
2 S 280
2 W 161 90
2 R 92
2 W 13 30
2 W 89 87
2 W 5 63
2 W 228 39
2 R 26
2 R 40
2 R 41
2 R 190
2 W 31 69
2 W 194 44
2 R 36
2 R 19
2 W 175 32
2 W 59 64
2 W 128 37
2 C 280
4 S 281
4 W 22 56
4 R 200
4 W 147 49
4 W 7 23
4 R 7
4 R 234
4 R 9
4 R 14
4 W 26 8
4 W 135 0
4 R 5
4 W 0 67
4 R 24
4 W 204 46
4 W 141 28
4 W 235 80
4 C 281
0 S 282
0 R 11
0 W 14 25
0 R 183
0 R 13
0 W 102 8
0 R 30
0 R 80
0 W 212 26
0 W 111 35
0 R 15
0 R 191
0 R 160
0 R 86
0 W 228 44
0 R 9
0 R 5
0 W 22 32
0 C 282
2 S 283
2 R 46
2 W 5 41
2 R 224
2 W 82 46
2 W 22 24
2 R 2
2 W 38 69
2 R 31
2 W 171 20
2 R 244
2 W 9 84
2 R 198
2 C 283
1 S 284
1 R 33
1 R 94
1 R 28
1 R 178
1 W 64 100
1 W 23 23
1 R 169
1 W 234 2
1 R 65
1 W 191 45
1 W 46 46
1 R 27
1 W 1 77
1 R 9
1 C 284
4 S 285
4 W 16 95
4 W 71 89
4 W 1 80
4 R 6
4 R 242
4 W 200 6
4 R 100
4 C 285
3 S 286
3 R 201
3 R 138
3 W 224 22
3 W 111 4
3 W 120 1
3 W 16 61
3 R 175
3 W 11 16
3 W 16 79
3 C 286
5 S 287
5 R 57
5 R 220
5 W 110 17
5 R 217
5 R 30
5 R 61
5 W 78 63
5 W 148 50
5 W 5 94
5 R 84
5 R 202
5 R 19
5 W 4 8
5 R 161
5 R 185
5 R 180
5 W 230 33
5 W 158 60
5 C 287
5 S 288
5 R 147
5 R 118
5 W 17 72
5 W 4 18
5 R 0
5 R 17
5 R 7
5 W 176 5
5 R 165
5 R 160
5 W 6 39
5 R 123
5 W 11 86
5 C 288
3 S 289
3 R 178
3 R 19
3 R 156
3 W 243 97
3 R 15
3 R 221
3 R 125
3 R 115
3 C 289
0 S 290
0 R 241
0 W 88 64
0 R 20
0 W 7 88
0 R 38
0 R 0
0 W 16 60
0 W 254 19
0 W 47 66
0 R 6
0 R 49
0 R 153
0 R 26
0 W 43 7
0 W 124 90
0 W 130 67
0 R 13
0 C 290
2 S 291
2 R 8
2 R 214
2 R 122
2 R 25
2 W 27 55
2 R 27
2 W 114 89
2 R 23
2 W 218 19
2 W 147 62
2 R 213
2 R 167
2 R 123
2 W 1 83
2 W 125 12
2 W 138 8
2 C 291
1 S 292
1 W 13 98
1 W 7 12
1 R 5
1 W 77 42
1 W 148 53
1 R 13
1 W 112 24
1 W 25 94
1 R 186
1 W 81 51
1 R 83
1 W 93 79
1 W 12 44
1 W 128 55
1 W 186 52
1 R 234
1 R 5
1 R 29
1 C 292
4 S 293
4 W 11 74
4 R 216
4 R 17
4 R 193
4 R 200
4 W 84 30
4 W 15 84
4 R 66
4 R 162
4 R 159
4 R 2
4 R 103
4 R 191
4 C 293
0 S 294
0 W 255 70
0 W 16 61
0 W 141 47
0 R 8
0 W 9 75
0 W 28 62
0 W 8 34
0 R 5
0 W 12 66
0 W 84 92
0 R 76
0 W 15 83
0 R 78
0 W 16 19
0 W 4 50
0 R 86
0 C 294
3 S 295
3 R 21
3 W 78 18
3 W 227 20
3 W 17 65
3 W 20 38
3 W 21 3
3 R 94
3 C 295
5 S 296
5 R 124
5 W 6 95
5 R 19
5 R 28
5 W 8 43
5 W 12 42
5 W 26 38
5 R 121
5 R 31
5 R 25
5 W 62 60
5 W 23 66
5 W 22 17
5 R 6
5 R 79
5 W 50 91
5 R 5
5 W 183 20
5 W 72 6
5 W 108 34
5 C 296
4 S 297
4 R 8
4 R 16
4 R 190
4 R 63
4 W 17 64
4 W 147 37
4 R 126
4 W 31 18
4 R 31
4 C 297
1 S 298
1 W 88 83
1 R 120
1 W 78 96
1 R 23
1 W 139 45
1 R 30
1 R 148
1 R 11
1 C 298
2 S 299
2 W 167 7
2 W 7 15
2 W 74 2
2 W 15 35
2 W 25 35
2 R 22
2 W 66 98
2 R 30
2 W 182 97
2 W 252 97
2 R 63
2 R 201
2 R 41
2 W 235 46
2 W 25 94
2 W 24 74
2 R 164
2 W 185 65
2 C 299
2 S 300
2 W 22 0
2 R 194
2 R 12
2 R 138
2 W 14 50
2 R 9
2 R 33
2 R 23
2 W 28 78
2 W 4 96
2 W 236 17
2 R 17
2 W 198 11
2 W 136 62
2 W 25 58
2 W 187 55
2 R 240
2 W 149 98
2 R 69
2 W 2 47
2 C 300
3 S 301
3 R 183
3 R 90
3 W 41 59
3 W 0 18
3 R 170
3 R 22
3 C 301
0 S 302
0 W 169 91
0 W 206 83
0 R 3
0 W 227 36
0 W 83 46
0 W 99 45
0 R 241
0 C 302
1 S 303
1 R 14
1 R 16
1 R 18
1 W 30 64
1 R 16
1 W 143 4
1 R 141
1 W 16 9
1 C 303
4 S 304
4 R 222
4 W 55 55
4 W 228 82
4 R 19
4 W 215 64
4 W 160 45
4 R 86
4 R 2
4 R 23
4 C 304
5 S 305
5 W 140 78
5 W 17 23
5 R 95
5 W 11 45
5 W 135 18
5 W 120 82
5 R 93
5 R 226
5 W 100 94
5 R 116
5 W 216 92
5 W 218 97
5 R 19
5 W 19 83
5 W 26 17
5 R 183
5 W 148 0
5 C 305
