7
0-6 o
2 S 0
2 W 3 66
2 W 18 6
2 R 115
2 W 9 24
2 R 16
2 R 23
2 W 10 2
2 W 138 99
2 R 143
2 W 29 52
2 W 27 32
2 W 8 54
2 W 188 13
2 C 0
6 S 1
6 W 154 10
6 W 207 67
6 R 107
6 R 21
6 W 6 78
6 W 55 64
6 R 113
6 W 34 57
6 W 40 51
6 W 6 76
6 W 178 99
6 R 55
6 R 83
6 W 6 62
6 W 90 89
6 W 8 2
6 C 1
0 S 2
0 R 29
0 R 48
0 R 187
0 R 170
0 W 4 37
0 W 5 42
0 W 20 9
0 R 4
0 W 167 29
0 W 35 38
0 R 0
0 R 137
0 R 251
0 W 60 27
0 R 21
0 W 21 27
0 W 4 25
0 C 2
3 S 3
3 W 241 26
3 W 9 67
3 R 14
3 R 239
3 W 52 95
3 W 0 34
3 W 78 13
3 R 135
3 R 24
3 R 28
3 R 15
3 W 26 60
3 C 3
4 S 4
4 R 14
4 W 157 56
4 W 235 85
4 R 147
4 W 192 24
4 W 175 39
4 W 3 77
4 W 26 44
4 R 216
4 R 178
4 W 9 88
4 W 180 1
4 W 86 65
4 R 10
4 W 7 29
4 R 61
4 C 4
5 S 5
5 W 125 56
5 R 92
5 R 184
5 R 0
5 R 215
5 W 51 30
5 W 29 62
5 R 9
5 R 15
5 W 229 5
5 W 19 8
5 W 254 90
5 R 157
5 R 3
5 W 81 73
5 W 64 29
5 R 234
5 R 15
5 R 6
5 C 5
1 S 6
1 R 23
1 R 19
1 W 30 31
1 W 8 4
1 R 9
1 W 218 64
1 R 135
1 W 28 94
1 W 190 93
1 W 29 89
1 R 8
1 W 75 86
1 W 0 26
1 R 13
1 W 115 3
1 R 203
1 W 4 28
1 W 148 97
1 R 20
1 C 6
2 S 7
2 W 102 12
2 W 8 94
2 W 16 69
2 R 201
2 W 59 76
2 R 93
2 W 114 30
2 W 129 14
2 W 53 83
2 W 232 14
2 R 198
2 R 26
2 W 88 9
2 R 103
2 W 245 65
2 R 24
2 C 7
4 S 8
4 W 1 92
4 R 42
4 W 50 20
4 W 213 74
4 R 2
4 R 205
4 W 19 6
4 W 226 25
4 R 167
4 R 212
4 W 26 85
4 R 13
4 W 146 99
4 W 8 21
4 W 79 48
4 C 8
5 S 9
5 W 9 81
5 W 239 82
5 W 64 61
5 W 74 53
5 R 152
5 R 100
5 W 4 98
5 W 192 7
5 W 132 12
5 W 41 57
5 W 64 21
5 R 18
5 R 29
5 W 213 71
5 R 183
5 R 153
5 R 24
5 C 9
6 S 10
6 W 174 6
6 R 235
6 R 98
6 W 86 41
6 R 2
6 W 10 28
6 W 14 12
6 W 7 68
6 W 19 92
6 W 9 43
6 C 10
1 S 11
1 R 4
1 W 121 12
1 R 242
1 R 9
1 W 4 84
1 W 13 4
1 W 19 48
1 W 56 53
1 R 77
1 R 17
1 W 0 58
1 R 28
1 W 234 6
1 W 26 0
1 W 218 44
1 C 11
3 S 12
3 W 224 8
3 R 70
3 W 6 89
3 W 156 78
3 R 213
3 W 157 67
3 R 18
3 W 21 23
3 W 23 52
3 R 4
3 W 215 24
3 R 176
3 C 12
0 S 13
0 R 71
0 W 9 72
0 W 248 82
0 W 237 98
0 R 0
0 R 3
0 R 25
0 W 6 98
0 W 44 1
0 W 3 47
0 W 198 76
0 W 0 59
0 R 15
0 R 224
0 W 0 32
0 R 144
0 W 140 7
0 R 80
0 C 13
6 S 14
6 W 81 7
6 W 219 88
6 R 255
6 W 246 8
6 W 182 81
6 W 9 97
6 W 23 8
6 W 20 27
6 W 126 81
6 R 177
6 W 223 13
6 W 28 18
6 R 221
6 R 17
6 W 80 54
6 R 81
6 R 20
6 W 156 58
6 R 20
6 C 14
4 S 15
4 W 6 32
4 W 0 17
4 R 11
4 R 14
4 R 195
4 W 255 96
4 W 144 60
4 C 15
1 S 16
1 R 31
1 R 77
1 W 19 56
1 W 92 100
1 W 82 22
1 R 16
1 W 135 34
1 R 20
1 R 183
1 W 56 87
1 R 2
1 W 79 0
1 C 16
2 S 17
2 W 41 25
2 W 221 5
2 W 190 13
2 W 205 34
2 W 2 74
2 W 234 86
2 W 135 56
2 C 17
5 S 18
5 R 20
5 W 26 35
5 R 94
5 R 1
5 W 253 94
5 R 77
5 R 85
5 R 55
5 R 194
5 R 171
5 W 30 38
5 R 243
5 R 21
5 R 191
5 R 197
5 W 116 1
5 R 29
5 C 18
0 S 19
0 W 149 47
0 W 237 68
0 W 153 60
0 R 137
0 R 220
0 R 9
0 R 19
0 W 27 11
0 R 35
0 R 12
0 W 0 77
0 R 229
0 R 10
0 W 94 66
0 W 162 45
0 W 69 77
0 W 34 28
0 R 229
0 C 19
3 S 20
3 R 9
3 R 70
3 W 17 5
3 W 201 45
3 W 26 99
3 R 69
3 R 245
3 R 73
3 R 8
3 R 9
3 R 255
3 W 13 69
3 W 3 9
3 R 5
3 R 14
3 W 39 69
3 C 20
5 S 21
5 R 21
5 R 97
5 R 112
5 R 99
5 W 120 39
5 W 19 85
5 W 157 21
5 W 14 0
5 R 242
5 R 174
5 R 54
5 W 1 29
5 R 103
5 R 3
5 W 2 33
5 W 11 26
5 R 20
5 C 21
1 S 22
1 W 194 33
1 R 27
1 W 133 27
1 W 155 53
1 W 3 48
1 R 51
1 R 215
1 R 207
1 W 27 36
1 W 2 79
1 W 243 44
1 W 168 40
1 R 191
1 C 22
4 S 23
4 R 157
4 R 223
4 R 21
4 R 10
4 W 173 100
4 W 11 9
4 R 213
4 R 23
4 R 6
4 W 188 59
4 W 36 89
4 W 150 100
4 R 30
4 W 21 67
4 R 78
4 R 137
4 R 68
4 R 215
4 W 5 10
4 C 23
6 S 24
6 R 125
6 W 58 70
6 R 10
6 R 229
6 W 146 40
6 R 25
6 R 12
6 R 114
6 R 129
6 W 12 33
6 W 209 14
6 W 67 48
6 W 5 88
6 R 96
6 W 17 35
6 R 14
6 C 24
0 S 25
0 W 219 30
0 W 48 47
0 W 0 57
0 W 11 51
0 R 51
0 R 209
0 C 25
2 S 26
2 W 2 13
2 W 223 95
2 R 72
2 W 111 16
2 R 106
2 W 13 45
2 R 28
2 R 26
2 W 153 20
2 W 12 32
2 R 128
2 W 157 11
2 C 26
3 S 27
3 W 106 76
3 R 8
3 R 241
3 W 17 63
3 W 208 54
3 R 15
3 W 19 61
3 W 11 65
3 W 1 37
3 R 246
3 C 27
3 S 28
3 W 138 58
3 W 14 99
3 W 97 15
3 R 81
3 R 22
3 W 189 58
3 W 223 99
3 W 15 21
3 W 147 86
3 R 203
3 W 115 80
3 W 203 23
3 W 31 32
3 R 208
3 R 150
3 R 22
3 C 28
5 S 29
5 R 39
5 W 30 69
5 R 11
5 R 210
5 W 214 89
5 R 208
5 R 35
5 W 66 23
5 W 9 37
5 R 51
5 W 26 60
5 W 126 69
5 R 25
5 C 29
1 S 30
1 W 175 24
1 W 24 50
1 W 10 66
1 R 216
1 W 93 82
1 R 22
1 W 1 86
1 R 157
1 R 188
1 R 17
1 R 128
1 C 30
2 S 31
2 R 242
2 W 39 48
2 R 21
2 R 43
2 W 28 81
2 W 185 86
2 R 153
2 R 249
2 W 23 35
2 R 21
2 W 246 37
2 C 31
4 S 32
4 R 99
4 W 95 77
4 R 16
4 W 12 100
4 R 155
4 R 26
4 R 137
4 R 10
4 R 21
4 R 193
4 C 32
0 S 33
0 R 0
0 W 65 44
0 W 109 32
0 R 129
0 W 162 98
0 W 117 72
0 C 33
6 S 34
6 R 19
6 R 216
6 W 33 69
6 W 12 83
6 R 1
6 W 94 7
6 R 4
6 W 217 28
6 R 24
6 R 26
6 W 55 90
6 R 233
6 W 33 1
6 C 34
2 S 35
2 R 185
2 W 111 55
2 R 201
2 R 25
2 W 17 80
2 R 19
2 R 21
2 R 113
2 C 35
6 S 36
6 W 242 45
6 W 1 23
6 W 53 77
6 R 11
6 R 2
6 W 140 69
6 R 4
6 R 51
6 W 43 10
6 W 180 94
6 R 144
6 W 5 30
6 W 20 66
6 W 124 5
6 W 26 72
6 C 36
0 S 37
0 R 19
0 R 24
0 W 253 4
0 W 0 51
0 W 178 25
0 W 1 97
0 R 30
0 W 27 55
0 W 251 20
0 W 157 11
0 W 27 3
0 W 198 69
0 W 89 29
0 W 74 13
0 W 19 15
0 R 80
0 W 95 30
0 C 37
5 S 38
5 W 234 42
5 R 240
5 W 138 11
5 R 127
5 R 45
5 R 163
5 R 17
5 R 22
5 R 174
5 W 202 90
5 W 18 11
5 R 106
5 W 15 54
5 W 120 88
5 R 143
5 W 22 6
5 W 59 18
5 W 7 11
5 R 108
5 W 11 45
5 C 38
4 S 39
4 R 209
4 W 107 6
4 W 147 17
4 W 4 79
4 W 219 29
4 R 222
4 W 10 89
4 W 22 66
4 R 25
4 W 14 64
4 W 13 92
4 R 237
4 W 89 32
4 R 180
4 R 106
4 R 0
4 C 39
1 S 40
1 W 31 23
1 W 143 13
1 R 46
1 W 24 73
1 R 28
1 R 126
1 R 23
1 R 179
1 W 63 81
1 R 21
1 W 199 21
1 R 176
1 W 10 51
1 C 40
3 S 41
3 R 148
3 R 1
3 W 143 13
3 R 113
3 W 30 7
3 W 24 49
3 R 16
3 C 41
5 S 42
5 R 192
5 R 56
5 R 114
5 R 50
5 W 85 83
5 R 17
5 W 11 21
5 W 2 55
5 W 4 40
5 C 42
0 S 43
0 W 139 15
0 W 227 94
0 W 80 59
0 W 163 40
0 R 24
0 R 125
0 W 29 29
0 C 43
2 S 44
2 R 27
2 R 121
2 W 17 72
2 W 190 5
2 R 122
2 W 20 20
2 W 78 45
2 W 9 26
2 W 29 10
2 W 180 62
2 W 55 82
2 R 27
2 W 8 17
2 W 16 41
2 R 251
2 W 98 9
2 W 3 62
2 R 220
2 W 249 13
2 C 44
3 S 45
3 W 186 75
3 R 66
3 R 29
3 W 3 53
3 R 231
3 W 23 74
3 W 31 50
3 W 255 84
3 R 2
3 W 236 83
3 W 97 88
3 W 10 62
3 W 23 50
3 R 4
3 C 45
6 S 46
6 R 30
6 R 1
6 W 12 81
6 R 9
6 W 83 13
6 W 108 96
6 R 174
6 R 86
6 W 207 33
6 R 55
6 W 147 32
6 W 22 12
6 R 0
6 R 2
6 R 99
6 C 46
1 S 47
1 W 242 5
1 R 250
1 W 17 74
1 W 143 20
1 R 206
1 W 9 12
1 C 47
4 S 48
4 R 19
4 W 103 5
4 R 102
4 W 38 1
4 W 211 62
4 W 71 69
4 R 155
4 W 18 87
4 R 152
4 R 6
4 R 24
4 W 0 49
4 R 12
4 C 48
6 S 49
6 W 22 78
6 W 251 6
6 W 82 93
6 R 181
6 R 131
6 W 113 51
6 C 49
0 S 50
0 W 96 4
0 R 88
0 R 114
0 R 236
0 R 239
0 R 176
0 W 16 4
0 R 105
0 R 223
0 R 171
0 R 24
0 W 9 91
0 W 19 50
0 R 17
0 R 28
0 R 69
0 R 220
0 W 22 16
0 C 50
1 S 51
1 R 20
1 R 23
1 R 170
1 W 18 21
1 W 160 64
1 R 45
1 W 8 69
1 R 17
1 R 2
1 W 123 38
1 R 222
1 W 13 18
1 R 145
1 W 125 30
1 R 66
1 R 226
1 W 29 76
1 W 145 49
1 C 51
3 S 52
3 W 11 46
3 W 20 68
3 R 78
3 R 27
3 W 219 70
3 W 21 38
3 R 69
3 W 19 29
3 R 147
3 R 15
3 C 52
2 S 53
2 W 92 54
2 R 95
2 W 20 28
2 W 36 17
2 W 1 97
2 W 21 98
2 R 95
2 R 237
2 R 185
2 C 53
4 S 54
4 W 138 10
4 R 17
4 W 2 58
4 R 133
4 R 29
4 W 30 43
4 R 161
4 W 148 82
4 W 191 89
4 C 54
5 S 55
5 W 6 99
5 W 25 91
5 W 15 92
5 R 19
5 R 61
5 W 138 24
5 W 9 6
5 R 13
5 W 27 22
5 R 207
5 W 159 17
5 W 100 27
5 W 13 60
5 R 219
5 W 1 99
5 W 84 12
5 W 60 78
5 R 216
5 C 55
3 S 56
3 R 28
3 W 18 76
3 W 94 16
3 W 25 23
3 W 12 71
3 R 215
3 R 93
3 R 196
3 W 84 1
3 R 1
3 W 107 7
3 W 29 86
3 R 227
3 W 21 1
3 R 8
3 R 173
3 R 75
3 R 194
3 W 19 13
3 C 56
2 S 57
2 W 9 72
2 W 65 11
2 R 1
2 R 31
2 R 183
2 W 31 37
2 W 52 46
2 W 170 20
2 W 30 59
2 W 84 88
2 C 57
5 S 58
5 R 19
5 R 71
5 W 213 23
5 W 61 58
5 R 16
5 W 26 79
5 W 24 58
5 R 22
5 W 17 74
5 R 7
5 R 22
5 W 115 4
5 R 20
5 C 58
1 S 59
1 R 124
1 W 181 59
1 W 1 98
1 R 179
1 W 21 27
1 W 34 73
1 R 6
1 R 91
1 W 67 25
1 W 239 80
1 W 25 55
1 C 59
6 S 60
6 R 105
6 W 9 34
6 R 17
6 W 70 15
6 W 178 65
6 R 53
6 W 221 42
6 R 99
6 W 43 60
6 R 25
6 C 60
0 S 61
0 R 5
0 W 182 78
0 R 16
0 R 4
0 W 79 10
0 R 40
0 W 28 54
0 R 29
0 R 224
0 W 5 6
0 R 21
0 C 61
4 S 62
4 R 169
4 W 122 34
4 R 19
4 W 23 8
4 R 35
4 W 26 23
4 W 115 52
4 R 177
4 R 231
4 R 215
4 W 27 61
4 R 134
4 R 27
4 C 62
3 S 63
3 W 189 64
3 R 199
3 R 105
3 R 201
3 W 177 9
3 W 19 97
3 W 103 44
3 R 84
3 W 5 70
3 W 147 29
3 R 14
3 R 95
3 W 156 71
3 W 85 25
3 R 122
3 R 24
3 W 17 63
3 C 63
5 S 64
5 R 5
5 W 6 5
5 W 79 26
5 R 79
5 W 149 16
5 W 153 69
5 R 115
5 R 189
5 R 156
5 R 13
5 R 253
5 W 21 97
5 R 39
5 R 20
5 C 64
0 S 65
0 R 21
0 R 239
0 R 15
0 R 71
0 W 155 98
0 R 75
0 R 7
0 R 203
0 R 178
0 W 177 57
0 R 27
0 R 248
0 C 65
2 S 66
2 R 140
2 R 145
2 W 20 54
2 R 195
2 R 19
2 W 88 37
2 W 186 22
2 W 206 64
2 C 66
6 S 67
6 R 202
6 R 94
6 W 22 22
6 W 41 4
6 R 123
6 W 49 3
6 W 26 81
6 W 120 0
6 R 69
6 R 70
6 W 27 25
6 R 7
6 W 20 10
6 R 12
6 C 67
4 S 68
4 R 181
4 R 10
4 R 183
4 R 149
4 R 234
4 R 22
4 C 68
1 S 69
1 R 87
1 R 133
1 W 74 8
1 R 113
1 W 39 86
1 R 115
1 R 58
1 W 108 61
1 W 118 95
1 R 2
1 W 75 90
1 R 8
1 W 34 24
1 R 90
1 C 69
0 S 70
0 W 6 73
0 R 5
0 R 18
0 R 179
0 W 108 8
0 R 72
0 W 28 100
0 W 218 88
0 R 57
0 R 109
0 R 23
0 W 59 94
0 W 12 41
0 R 208
0 W 153 32
0 W 25 24
0 C 70
1 S 71
1 W 52 78
1 W 6 31
1 R 27
1 R 23
1 R 9
1 R 196
1 C 71
3 S 72
3 W 7 96
3 W 183 95
3 R 78
3 R 43
3 W 17 0
3 R 171
3 R 165
3 C 72
4 S 73
4 W 8 49
4 R 91
4 W 199 72
4 W 12 94
4 W 128 87
4 W 169 88
4 W 4 14
4 R 29
4 W 135 31
4 W 247 62
4 W 2 86
4 C 73
5 S 74
5 W 191 64
5 W 12 4
5 W 17 77
5 R 178
5 W 129 100
5 R 16
5 R 173
5 W 3 77
5 W 30 37
5 R 239
5 R 252
5 R 16
5 R 81
5 R 21
5 W 62 28
5 W 23 87
5 C 74
2 S 75
2 W 168 82
2 W 3 62
2 R 252
2 R 0
2 W 73 43
2 R 8
2 R 6
2 R 13
2 R 27
2 R 14
2 R 12
2 R 33
2 R 24
2 R 183
2 W 212 21
2 W 209 95
2 R 15
2 W 12 7
2 W 229 95
2 W 71 79
2 C 75
6 S 76
6 W 76 91
6 R 121
6 W 211 4
6 R 11
6 R 221
6 W 28 93
6 W 2 20
6 R 10
6 W 92 64
6 W 120 29
6 W 25 2
6 R 24
6 W 78 59
6 W 162 40
6 C 76
4 S 77
4 W 212 17
4 W 139 81
4 W 21 47
4 R 1
4 R 162
4 W 22 23
4 W 102 3
4 R 138
4 W 1 40
4 W 95 39
4 R 142
4 R 120
4 R 249
4 R 233
4 W 98 13
4 W 107 24
4 R 0
4 R 6
4 W 0 95
4 W 7 20
4 C 77
6 S 78
6 W 134 99
6 W 26 22
6 W 155 20
6 R 174
6 W 108 11
6 W 30 21
6 W 149 14
6 W 39 40
6 R 20
6 R 229
6 W 7 89
6 W 6 14
6 R 69
6 W 0 58
6 W 230 37
6 C 78
0 S 79
0 R 28
0 W 177 69
0 R 30
0 R 125
0 R 29
0 R 191
0 W 16 53
0 R 156
0 R 32
0 R 84
0 R 81
0 R 104
0 W 24 80
0 W 32 25
0 R 150
0 R 7
0 W 210 49
0 W 35 49
0 W 192 86
0 C 79
1 S 80
1 R 23
1 W 23 34
1 W 214 94
1 R 74
1 R 71
1 R 134
1 W 228 67
1 C 80
2 S 81
2 W 94 86
2 R 178
2 W 181 91
2 W 19 22
2 W 250 42
2 W 11 61
2 R 22
2 C 81
5 S 82
5 R 0
5 W 95 49
5 R 84
5 R 188
5 W 42 45
5 R 123
5 W 255 8
5 R 80
5 R 17
5 C 82
3 S 83
3 W 62 83
3 W 18 24
3 W 113 42
3 W 249 68
3 W 19 8
3 W 8 26
3 W 122 21
3 W 122 75
3 R 31
3 W 5 80
3 R 88
3 W 93 57
3 W 223 70
3 W 149 95
3 R 146
3 R 21
3 W 18 50
3 R 24
3 W 233 3
3 R 75
3 C 83
2 S 84
2 R 94
2 W 226 32
2 R 152
2 W 139 59
2 W 136 52
2 W 213 78
2 W 181 49
2 C 84
5 S 85
5 R 30
5 R 28
5 R 9
5 R 26
5 W 126 74
5 R 108
5 W 2 83
5 W 235 91
5 W 199 19
5 W 232 72
5 R 64
5 W 82 65
5 W 235 100
5 C 85
0 S 86
0 W 189 62
0 W 18 44
0 R 31
0 R 6
0 W 6 72
0 W 192 18
0 R 2
0 W 21 38
0 R 78
0 W 36 0
0 R 191
0 R 117
0 R 95
0 R 133
0 C 86
3 S 87
3 W 35 17
3 R 18
3 W 13 2
3 R 243
3 W 135 34
3 R 19
3 W 18 74
3 W 18 83
3 W 20 74
3 W 0 33
3 R 51
3 C 87
1 S 88
1 W 5 8
1 W 94 72
1 W 236 84
1 R 26
1 W 5 57
1 R 0
1 W 139 35
1 R 167
1 R 9
1 W 24 39
1 W 213 37
1 R 16
1 R 138
1 R 171
1 W 34 97
1 W 167 14
1 R 254
1 R 59
1 W 7 7
1 W 103 55
1 C 88
6 S 89
6 W 9 63
6 R 221
6 R 152
6 R 30
6 W 7 33
6 R 76
6 W 112 77
6 R 181
6 R 31
6 W 18 100
6 R 216
6 W 222 26
6 R 7
6 R 128
6 W 20 17
6 W 128 86
6 R 19
6 R 6
6 C 89
4 S 90
4 R 196
4 R 31
4 W 16 100
4 R 6
4 W 110 72
4 W 203 96
4 W 25 24
4 W 29 94
4 R 172
4 W 1 59
4 C 90
0 S 91
0 W 31 96
0 W 21 32
0 W 100 85
0 R 197
0 R 174
0 R 4
0 W 165 48
0 R 195
0 W 88 58
0 R 4
0 R 4
0 R 46
0 R 0
0 C 91
4 S 92
4 R 14
4 W 115 95
4 W 86 42
4 R 10
4 W 18 96
4 R 26
4 W 19 32
4 R 203
4 W 57 81
4 R 5
4 R 19
4 R 130
4 R 173
4 R 153
4 R 18
4 R 47
4 C 92
2 S 93
2 R 4
2 R 61
2 W 10 47
2 W 145 81
2 W 81 12
2 W 19 11
2 R 166
2 C 93
3 S 94
3 R 78
3 W 8 98
3 W 4 7
3 W 139 54
3 W 14 5
3 W 29 54
3 R 3
3 R 235
3 W 136 74
3 W 20 72
3 R 98
3 W 14 52
3 R 156
3 W 19 46
3 W 17 80
3 R 238
3 R 113
3 W 184 72
3 R 11
3 C 94
6 S 95
6 W 40 56
6 R 6
6 W 28 54
6 R 5
6 W 12 48
6 W 28 17
6 R 0
6 W 70 71
6 W 72 65
6 R 11
6 R 224
6 R 28
6 R 13
6 W 68 89
6 R 31
6 W 96 73
6 C 95
5 S 96
5 R 214
5 W 36 55
5 R 234
5 R 244
5 R 26
5 W 130 94
5 W 157 57
5 W 30 8
5 W 121 85
5 W 52 87
5 R 8
5 R 176
5 W 216 36
5 R 33
5 R 97
5 R 106
5 C 96
1 S 97
1 W 241 97
1 W 110 66
1 W 102 14
1 W 78 0
1 R 150
1 W 98 49
1 C 97
4 S 98
4 W 4 64
4 W 169 87
4 R 117
4 W 10 88
4 R 244
4 R 97
4 R 155
4 W 4 70
4 W 204 21
4 R 56
4 W 124 5
4 R 7
4 W 240 18
4 R 24
4 R 39
4 R 203
4 C 98
0 S 99
0 R 38
0 R 28
0 R 15
0 R 5
0 R 25
0 R 27
0 R 11
0 R 33
0 W 201 37
0 R 16
0 W 145 49
0 R 174
0 W 228 16
0 R 180
0 R 20
0 W 23 15
0 W 88 81
0 R 168
0 C 99
5 S 100
5 R 93
5 W 99 2
5 W 66 43
5 R 118
5 W 184 80
5 R 226
5 W 215 22
5 W 21 83
5 W 169 52
5 W 12 37
5 W 5 81
5 W 184 67
5 R 2
5 W 243 13
5 C 100
1 S 101
1 W 24 74
1 R 6
1 W 15 83
1 R 233
1 R 111
1 R 173
1 R 27
1 R 23
1 R 128
1 W 8 16
1 W 40 99
1 W 150 29
1 W 13 63
1 R 22
1 C 101
6 S 102
6 W 15 49
6 W 170 0
6 W 8 57
6 R 28
6 W 111 90
6 W 217 10
6 W 223 74
6 W 62 68
6 R 30
6 W 13 97
6 R 87
6 R 23
6 C 102
3 S 103
3 R 13
3 W 5 14
3 R 72
3 R 224
3 W 13 83
3 W 168 87
3 R 147
3 R 30
3 R 48
3 W 10 94
3 R 168
3 W 59 82
3 W 24 97
3 R 239
3 C 103
2 S 104
2 W 247 81
2 R 169
2 R 20
2 R 234
2 R 25
2 R 153
2 W 234 95
2 R 29
2 R 43
2 W 10 63
2 W 243 56
2 W 20 71
2 R 101
2 W 251 18
2 W 229 57
2 R 3
2 R 156
2 C 104
1 S 105
1 R 51
1 R 189
1 R 11
1 R 36
1 R 52
1 W 18 51
1 R 115
1 W 211 12
1 R 28
1 R 2
1 W 4 46
1 W 157 63
1 C 105
4 S 106
4 R 8
4 R 59
4 W 153 69
4 W 14 35
4 R 9
4 W 7 45
4 R 8
4 W 106 48
4 R 118
4 R 15
4 R 0
4 W 192 97
4 R 6
4 R 213
4 C 106
6 S 107
6 R 212
6 R 183
6 W 231 93
6 W 14 86
6 W 173 64
6 R 74
6 R 172
6 R 1
6 W 96 82
6 R 16
6 W 7 22
6 W 51 65
6 W 188 38
6 W 241 73
6 R 13
6 R 151
6 W 8 84
6 C 107
3 S 108
3 R 181
3 W 26 2
3 W 231 58
3 W 132 78
3 R 11
3 W 236 11
3 R 31
3 W 4 54
3 R 155
3 W 140 53
3 C 108
2 S 109
2 R 31
2 W 211 11
2 W 16 32
2 R 70
2 W 15 1
2 R 165
2 W 162 12
2 R 11
2 W 90 88
2 R 13
2 R 210
2 R 30
2 R 27
2 R 35
2 W 28 95
2 W 87 77
2 R 218
2 C 109
0 S 110
0 R 76
0 R 186
0 W 165 78
0 W 13 93
0 R 220
0 W 20 52
0 C 110
5 S 111
5 R 111
5 W 207 25
5 R 138
5 R 11
5 R 4
5 W 16 45
5 R 24
5 W 99 7
5 R 43
5 W 114 57
5 W 52 55
5 R 41
5 C 111
4 S 112
4 W 214 87
4 W 87 7
4 R 6
4 W 91 46
4 R 127
4 R 4
4 R 183
4 R 1
4 W 19 89
4 R 25
4 W 3 1
4 W 20 83
4 W 17 7
4 W 2 68
4 C 112
6 S 113
6 W 142 12
6 R 103
6 R 9
6 R 17
6 W 40 53
6 R 133
6 W 0 86
6 R 118
6 W 216 28
6 W 22 52
6 C 113
3 S 114
3 R 13
3 W 71 97
3 R 79
3 R 240
3 W 195 20
3 W 125 94
3 R 164
3 R 165
3 W 239 57
3 R 45
3 C 114
5 S 115
5 W 0 8
5 W 27 80
5 R 238
5 R 19
5 W 44 28
5 R 229
5 R 177
5 R 23
5 W 3 92
5 R 196
5 R 18
5 R 124
5 R 230
5 W 176 72
5 W 28 9
5 W 54 72
5 W 5 27
5 R 91
5 R 167
5 C 115
2 S 116
2 W 62 37
2 R 220
2 W 213 30
2 W 238 24
2 W 123 10
2 R 165
2 W 20 5
2 R 22
2 W 180 92
2 W 27 96
2 R 28
2 W 5 24
2 R 204
2 W 2 58
2 W 179 94
2 R 2
2 W 161 80
2 R 4
2 W 111 11
2 C 116
0 S 117
0 R 18
0 R 84
0 W 2 28
0 W 12 2
0 W 159 61
0 R 201
0 R 142
0 W 11 99
0 R 37
0 R 228
0 W 10 29
0 R 41
0 W 113 41
0 C 117
1 S 118
1 R 119
1 R 148
1 W 31 90
1 W 12 71
1 W 12 60
1 W 245 75
1 R 70
1 R 10
1 R 141
1 W 21 79
1 R 21
1 W 11 64
1 W 13 75
1 C 118
6 S 119
6 R 188
6 R 14
6 W 220 18
6 R 15
6 W 6 22
6 W 246 80
6 W 189 68
6 W 14 1
6 R 230
6 R 24
6 W 15 76
6 R 89
6 R 206
6 R 42
6 C 119
0 S 120
0 W 39 28
0 W 27 57
0 W 6 28
0 W 151 29
0 W 40 81
0 R 70
0 R 17
0 W 23 89
0 R 75
0 W 30 23
0 C 120
4 S 121
4 W 86 36
4 W 68 57
4 W 5 66
4 W 60 4
4 W 244 96
4 W 195 43
4 W 224 14
4 W 173 20
4 W 3 97
4 W 180 57
4 W 10 46
4 R 21
4 R 172
4 R 125
4 R 248
4 C 121
3 S 122
3 W 1 43
3 W 2 94
3 R 135
3 W 9 30
3 W 24 4
3 W 5 25
3 W 14 2
3 R 221
3 W 14 3
3 W 18 8
3 R 14
3 R 30
3 R 63
3 W 10 64
3 C 122
1 S 123
1 W 201 22
1 R 220
1 W 48 19
1 R 110
1 W 16 27
1 R 11
1 W 85 98
1 R 19
1 W 112 5
1 W 95 77
1 W 99 91
1 W 18 79
1 W 240 44
1 R 224
1 W 218 22
1 R 156
1 W 234 33
1 W 247 84
1 C 123
5 S 124
5 R 8
5 R 140
5 W 224 25
5 R 40
5 R 147
5 R 30
5 W 31 96
5 W 17 99
5 W 135 64
5 R 12
5 W 203 89
5 W 54 37
5 W 26 51
5 C 124
2 S 125
2 R 1
2 W 130 46
2 R 183
2 W 110 43
2 W 31 48
2 R 220
2 R 14
2 W 75 38
2 W 195 83
2 R 23
2 R 14
2 C 125
0 S 126
0 W 232 74
0 R 9
0 R 167
0 R 103
0 R 17
0 W 154 24
0 W 2 57
0 W 0 99
0 C 126
5 S 127
5 W 25 58
5 R 36
5 W 40 10
5 W 70 46
5 W 167 87
5 W 177 68
5 R 244
5 R 14
5 W 24 68
5 C 127
2 S 128
2 W 18 29
2 W 102 68
2 W 19 48
2 R 201
2 R 185
2 R 232
2 W 170 92
2 W 27 95
2 W 77 14
2 R 31
2 W 14 14
2 W 23 21
2 R 157
2 R 13
2 W 129 45
2 R 6
2 C 128
3 S 129
3 W 65 44
3 W 102 51
3 W 85 98
3 R 93
3 R 193
3 R 22
3 W 17 36
3 W 226 67
3 W 247 13
3 R 10
3 W 21 27
3 C 129
4 S 130
4 R 178
4 W 216 78
4 R 5
4 R 88
4 R 96
4 W 24 72
4 W 207 78
4 W 147 77
4 R 16
4 R 28
4 W 131 60
4 R 17
4 W 49 24
4 R 58
4 R 54
4 W 172 63
4 C 130
6 S 131
6 R 35
6 W 10 86
6 R 13
6 W 55 76
6 R 168
6 W 40 23
6 R 0
6 W 31 73
6 W 13 55
6 W 7 27
6 R 44
6 W 2 100
6 W 128 52
6 R 152
6 R 17
6 W 61 45
6 W 7 91
6 C 131
1 S 132
1 R 9
1 R 12
1 W 218 18
1 W 108 49
1 W 0 30
1 W 232 41
1 W 10 86
1 W 61 32
1 R 113
1 R 214
1 R 6
1 R 28
1 R 244
1 R 17
1 W 24 49
1 R 150
1 R 94
1 W 206 90
1 C 132
6 S 133
6 W 157 3
6 W 226 46
6 W 1 87
6 W 20 62
6 R 24
6 W 70 44
6 R 123
6 R 159
6 R 63
6 R 215
6 R 11
6 W 21 73
6 C 133
4 S 134
4 R 77
4 W 125 83
4 R 105
4 R 26
4 R 157
4 W 142 12
4 W 16 89
4 R 22
4 W 117 46
4 W 2 69
4 C 134
5 S 135
5 R 56
5 R 6
5 W 6 30
5 W 109 85
5 R 5
5 W 20 39
5 W 78 63
5 W 182 92
5 C 135
3 S 136
3 R 193
3 R 99
3 W 25 0
3 W 135 37
3 R 3
3 R 147
3 W 97 4
3 W 18 35
3 R 0
3 W 122 93
3 R 0
3 R 4
3 R 11
3 W 136 25
3 R 80
3 R 56
3 W 116 40
3 R 242
3 C 136
0 S 137
0 R 24
0 W 96 95
0 W 143 52
0 R 169
0 R 172
0 R 14
0 W 24 94
0 W 103 11
0 C 137
2 S 138
2 R 28
2 R 12
2 W 5 36
2 R 218
2 R 64
2 W 149 82
2 R 3
2 R 8
2 R 4
2 R 91
2 R 24
2 C 138
1 S 139
1 W 6 32
1 W 4 71
1 W 202 53
1 R 21
1 R 147
1 W 223 58
1 W 25 15
1 W 30 18
1 R 27
1 R 14
1 R 8
1 W 56 88
1 R 26
1 C 139
2 S 140
2 R 186
2 W 0 16
2 W 57 13
2 W 86 16
2 W 10 73
2 R 25
2 W 106 27
2 R 168
2 W 24 31
2 W 20 52
2 W 52 8
2 W 22 57
2 R 6
2 W 143 17
2 R 55
2 W 85 78
2 R 49
2 C 140
3 S 141
3 R 21
3 R 30
3 R 31
3 R 116
3 R 79
3 W 252 41
3 W 166 70
3 W 209 46
3 R 14
3 R 20
3 W 73 44
3 C 141
5 S 142
5 R 173
5 R 19
5 R 228
5 W 10 12
5 W 123 51
5 R 15
5 W 171 20
5 R 34
5 R 9
5 C 142
6 S 143
6 W 7 16
6 R 249
6 R 83
6 W 64 100
6 R 15
6 R 27
6 W 75 18
6 W 175 66
6 R 23
6 W 86 84
6 R 6
6 W 91 12
6 C 143
1 S 144
1 R 241
1 W 24 2
1 W 126 24
1 W 20 52
1 R 6
1 W 254 69
1 W 5 31
1 W 5 94
1 R 190
1 R 16
1 R 109
1 W 154 13
1 W 15 22
1 R 96
1 W 128 54
1 R 92
1 W 83 66
1 R 11
1 W 8 45
1 C 144
0 S 145
0 W 12 39
0 W 21 90
0 R 64
0 W 29 31
0 R 104
0 W 24 91
0 R 14
0 W 69 65
0 R 136
0 R 64
0 W 19 22
0 R 4
0 R 25
0 R 165
0 W 30 37
0 C 145
4 S 146
4 W 115 73
4 R 13
4 W 48 96
4 R 11
4 W 49 26
4 R 2
4 W 13 79
4 R 27
4 W 118 58
4 R 173
4 W 4 2
4 W 179 80
4 R 43
4 R 156
4 C 146
3 S 147
3 W 174 98
3 R 21
3 W 162 42
3 W 14 55
3 W 107 36
3 R 231
3 R 42
3 R 112
3 R 161
3 R 238
3 R 211
3 W 106 35
3 C 147
4 S 148
4 R 118
4 R 16
4 W 51 12
4 R 90
4 W 14 56
4 W 16 59
4 W 22 5
4 W 44 57
4 W 12 81
4 W 172 7
4 W 18 16
4 R 30
4 R 27
4 W 47 3
4 W 148 37
4 W 22 35
4 C 148
0 S 149
0 R 181
0 W 2 13
0 R 56
0 R 63
0 R 8
0 R 2
0 W 8 81
0 W 9 45
0 R 3
0 R 208
0 R 112
0 W 23 5
0 W 139 45
0 W 126 0
0 C 149
6 S 150
6 W 2 29
6 W 207 56
6 R 234
6 W 51 10
6 W 128 6
6 R 19
6 W 120 23
6 R 38
6 R 188
6 C 150
2 S 151
2 W 201 29
2 R 154
2 R 185
2 W 31 26
2 R 108
2 W 1 61
2 C 151
5 S 152
5 W 248 23
5 W 12 65
5 W 249 65
5 W 247 34
5 W 14 82
5 W 225 98
5 R 114
5 R 191
5 W 26 13
5 R 24
5 R 164
5 R 4
5 W 241 7
5 R 190
5 C 152
1 S 153
1 W 2 23
1 R 15
1 R 146
1 W 2 61
1 R 216
1 W 37 19
1 R 243
1 W 57 94
1 R 87
1 R 23
1 R 83
1 W 0 75
1 R 143
1 R 17
1 W 203 91
1 R 70
1 R 0
1 R 16
1 W 92 43
1 C 153
5 S 154
5 W 31 56
5 W 169 2
5 R 202
5 R 193
5 R 21
5 R 18
5 R 180
5 C 154
6 S 155
6 W 24 38
6 W 136 99
6 R 182
6 R 7
6 R 77
6 W 253 71
6 R 71
6 W 35 42
6 W 30 63
6 W 235 5
6 R 139
6 R 14
6 R 194
6 W 60 42
6 W 8 15
6 C 155
1 S 156
1 W 96 33
1 W 20 67
1 W 203 96
1 R 14
1 R 241
1 R 217
1 W 177 95
1 R 105
1 R 8
1 R 41
1 W 13 69
1 C 156
0 S 157
0 R 113
0 R 58
0 R 10
0 R 3
0 R 70
0 W 6 58
0 R 70
0 R 137
0 C 157
4 S 158
4 W 37 93
4 W 6 95
4 W 71 65
4 R 26
4 R 7
4 W 220 4
4 C 158
2 S 159
2 R 189
2 W 9 16
2 W 6 20
2 W 10 28
2 R 23
2 W 31 59
2 W 94 11
2 W 130 22
2 C 159
3 S 160
3 W 26 68
3 W 6 21
3 R 27
3 W 176 5
3 W 5 81
3 R 36
3 R 175
3 W 36 80
3 R 0
3 W 3 61
3 W 100 68
3 W 94 26
3 W 116 38
3 R 10
3 W 219 24
3 W 26 11
3 C 160
3 S 161
3 R 35
3 W 20 21
3 R 137
3 R 170
3 R 105
3 W 177 73
3 R 119
3 R 28
3 R 129
3 R 115
3 C 161
2 S 162
2 W 255 17
2 W 31 14
2 W 157 46
2 R 125
2 W 223 92
2 R 9
2 R 123
2 W 17 78
2 R 1
2 R 15
2 R 222
2 R 24
2 W 12 74
2 W 187 14
2 W 179 59
2 W 18 45
2 R 30
2 W 118 4
2 R 86
2 C 162
4 S 163
4 R 59
4 R 78
4 R 101
4 W 184 34
4 R 117
4 R 227
4 W 124 46
4 C 163
1 S 164
1 W 56 50
1 W 37 60
1 W 5 68
1 R 32
1 W 172 70
1 R 87
1 W 180 51
1 C 164
6 S 165
6 R 42
6 R 24
6 R 82
6 R 10
6 R 161
6 W 13 30
6 W 137 75
6 R 105
6 R 192
6 C 165
0 S 166
0 W 171 59
0 R 7
0 W 4 62
0 R 109
0 R 242
0 W 5 9
0 C 166
5 S 167
5 R 22
5 W 165 36
5 R 9
5 R 199
5 W 4 40
5 R 229
5 W 255 27
5 W 169 34
5 W 190 1
5 C 167
1 S 168
1 W 70 15
1 R 104
1 R 29
1 W 196 98
1 R 118
1 R 19
1 R 12
1 R 109
1 W 238 7
1 R 140
1 R 4
1 R 0
1 C 168
3 S 169
3 R 0
3 R 56
3 W 84 18
3 R 197
3 R 52
3 W 5 26
3 R 129
3 R 94
3 W 252 6
3 C 169
4 S 170
4 R 12
4 R 28
4 W 217 31
4 R 6
4 W 31 50
4 W 6 17
4 W 184 67
4 W 125 52
4 R 53
4 W 12 96
4 R 0
4 R 11
4 W 8 62
4 W 239 78
4 W 26 72
4 R 27
4 R 5
4 C 170
5 S 171
5 R 30
5 W 17 26
5 R 18
5 R 0
5 W 102 59
5 R 26
5 W 27 11
5 W 106 7
5 W 26 38
5 W 3 80
5 R 124
5 R 0
5 W 215 92
5 C 171
6 S 172
6 W 61 59
6 W 241 51
6 R 11
6 R 113
6 R 250
6 W 20 77
6 W 25 72
6 R 109
6 R 118
6 W 186 77
6 C 172
2 S 173
2 R 238
2 W 1 66
2 R 29
2 R 51
2 R 9
2 W 124 30
2 W 99 94
2 C 173
0 S 174
0 W 16 95
0 R 141
0 R 20
0 W 31 9
0 W 22 38
0 R 58
0 R 13
0 W 156 86
0 R 5
0 R 122
0 R 37
0 R 69
0 R 10
0 R 6
0 W 29 29
0 R 89
0 R 23
0 R 182
0 C 174
3 S 175
3 R 24
3 W 14 61
3 W 68 68
3 W 25 23
3 W 199 78
3 R 5
3 W 79 64
3 C 175
6 S 176
6 W 4 46
6 R 15
6 W 182 50
6 W 1 31
6 W 162 42
6 R 64
6 W 171 66
6 W 188 40
6 R 50
6 R 129
6 W 29 22
6 R 252
6 R 26
6 R 176
6 W 18 85
6 W 26 7
6 R 46
6 R 16
6 C 176
5 S 177
5 R 229
5 R 13
5 R 41
5 R 45
5 R 153
5 R 221
5 W 66 82
5 W 14 46
5 R 2
5 W 24 10
5 W 142 12
5 W 164 9
5 R 223
5 W 169 96
5 R 196
5 R 74
5 R 111
5 W 188 49
5 W 103 95
5 R 74
5 C 177
2 S 178
2 R 1
2 W 4 53
2 R 20
2 W 244 87
2 R 243
2 R 89
2 R 82
2 R 22
2 R 29
2 W 251 0
2 W 22 52
2 C 178
4 S 179
4 W 3 19
4 W 211 28
4 W 28 60
4 W 137 84
4 W 205 92
4 W 26 4
4 R 123
4 R 3
4 W 28 71
4 R 179
4 W 254 44
4 R 159
4 R 186
4 W 123 8
4 R 20
4 R 123
4 W 117 66
4 W 143 39
4 C 179
0 S 180
0 R 14
0 R 9
0 R 29
0 R 22
0 R 2
0 R 137
0 R 54
0 R 128
0 W 127 39
0 R 2
0 W 77 33
0 R 58
0 W 234 4
0 R 26
0 C 180
1 S 181
1 W 46 52
1 W 211 24
1 W 53 63
1 R 178
1 R 12
1 W 21 57
1 W 227 12
1 W 175 5
1 W 190 91
1 W 205 52
1 W 12 28
1 W 138 50
1 W 167 41
1 W 62 66
1 R 12
1 R 16
1 R 146
1 W 144 22
1 C 181
3 S 182
3 W 48 61
3 R 247
3 R 27
3 W 33 41
3 R 99
3 R 87
3 R 63
3 R 210
3 W 231 75
3 W 17 98
3 W 73 99
3 R 9
3 W 14 71
3 W 82 100
3 W 16 10
3 W 96 3
3 R 211
3 W 1 20
3 W 152 50
3 C 182
4 S 183
4 W 21 96
4 W 85 76
4 R 186
4 W 25 77
4 W 8 55
4 R 197
4 R 25
4 R 199
4 R 123
4 W 101 88
4 R 183
4 R 29
4 C 183
1 S 184
1 R 29
1 R 28
1 R 139
1 R 177
1 R 147
1 R 23
1 R 31
1 W 65 95
1 R 30
1 R 229
1 W 30 79
1 C 184
5 S 185
5 W 9 38
5 W 7 60
5 W 21 65
5 W 157 72
5 R 4
5 R 9
5 R 184
5 W 16 79
5 R 0
5 W 168 86
5 W 98 95
5 R 23
5 W 28 49
5 W 51 19
5 C 185
2 S 186
2 W 29 50
2 R 53
2 W 26 91
2 W 13 41
2 W 40 56
2 W 240 59
2 W 42 46
2 C 186
6 S 187
6 R 54
6 W 73 59
6 W 230 82
6 R 17
6 R 18
6 W 31 0
6 R 61
6 R 116
6 R 32
6 R 41
6 R 142
6 R 236
6 W 187 73
6 R 22
6 R 155
6 W 169 65
6 C 187
0 S 188
0 W 46 63
0 W 95 61
0 W 18 3
0 W 29 0
0 W 196 57
0 R 16
0 R 13
0 W 26 71
0 R 30
0 W 204 77
0 R 30
0 W 4 36
0 C 188
6 S 189
6 R 211
6 W 81 87
6 R 117
6 R 174
6 R 14
6 R 171
6 R 14
6 W 61 29
6 W 64 100
6 R 24
6 R 6
6 W 159 0
6 W 211 44
6 W 10 68
6 R 162
6 W 14 8
6 R 250
6 W 10 72
6 C 189
1 S 190
1 R 82
1 W 50 73
1 R 36
1 R 1
1 W 47 37
1 W 195 12
1 W 156 42
1 W 4 54
1 R 198
1 R 25
1 W 7 63
1 R 121
1 R 16
1 W 142 45
1 R 68
1 C 190
2 S 191
2 W 98 47
2 R 62
2 W 122 18
2 R 23
2 W 25 19
2 W 142 90
2 W 127 74
2 W 112 22
2 W 1 35
2 R 17
2 W 200 25
2 R 15
2 W 47 100
2 R 234
2 C 191
0 S 192
0 R 221
0 W 254 94
0 W 21 18
0 R 61
0 R 68
0 R 8
0 W 27 64
0 C 192
4 S 193
4 R 8
4 R 12
4 W 56 81
4 R 186
4 R 107
4 W 232 65
4 W 10 11
4 R 93
4 R 128
4 W 30 33
4 R 121
4 W 122 91
4 W 8 61
4 W 29 96
4 W 152 40
4 W 56 28
4 R 7
4 R 216
4 W 15 55
4 C 193
5 S 194
5 R 56
5 R 17
5 R 9
5 R 150
5 W 93 52
5 R 233
5 W 59 36
5 W 42 21
5 W 16 63
5 W 49 19
5 R 121
5 W 206 53
5 R 74
5 R 104
5 R 24
5 R 11
5 W 138 53
5 R 65
5 W 19 90
5 W 14 54
5 C 194
3 S 195
3 R 6
3 W 4 40
3 W 1 10
3 R 157
3 W 5 1
3 W 112 92
3 W 17 22
3 W 243 5
3 W 76 22
3 W 20 94
3 R 1
3 R 91
3 R 148
3 R 159
3 W 223 24
3 R 5
3 R 127
3 R 26
3 R 30
3 W 95 92
3 C 195
5 S 196
5 R 55
5 W 110 56
5 W 5 51
5 R 244
5 R 18
5 W 28 28
5 W 159 73
5 W 168 15
5 R 174
5 C 196
3 S 197
3 W 27 13
3 W 63 96
3 R 8
3 W 152 41
3 W 111 38
3 R 43
3 W 1 98
3 R 21
3 W 22 70
3 R 12
3 R 18
3 W 131 14
3 W 249 71
3 R 233
3 W 107 37
3 R 148
3 W 23 76
3 R 137
3 R 109
3 C 197
6 S 198
6 R 29
6 R 185
6 W 223 34
6 W 31 63
6 R 24
6 R 24
6 R 63
6 R 3
6 R 79
6 R 30
6 C 198
1 S 199
1 W 11 52
1 R 152
1 R 23
1 R 3
1 W 150 46
1 W 28 39
1 R 232
1 W 26 55
1 W 25 67
1 R 83
1 W 140 18
1 W 2 76
1 W 15 84
1 W 145 81
1 R 43
1 C 199
0 S 200
0 R 172
0 R 243
0 W 68 60
0 W 126 35
0 R 88
0 R 236
0 R 28
0 W 6 14
0 W 15 56
0 W 99 43
0 W 22 90
0 W 50 65
0 R 109
0 W 15 6
0 R 148
0 W 213 69
0 W 187 31
0 C 200
4 S 201
4 R 142
4 W 128 67
4 W 66 69
4 R 238
4 R 47
4 R 19
4 W 21 97
4 R 217
4 R 242
4 R 89
4 W 218 83
4 W 26 58
4 W 138 19
4 C 201
2 S 202
2 W 8 85
2 R 34
2 R 97
2 R 62
2 W 69 5
2 R 252
2 R 22
2 W 161 7
2 R 228
2 W 239 97
2 W 224 46
2 W 180 6
2 R 61
2 W 0 34
2 W 97 67
2 R 34
2 W 3 79
2 C 202
3 S 203
3 W 2 45
3 R 218
3 R 29
3 W 128 95
3 W 88 78
3 W 9 84
3 W 31 78
3 R 70
3 W 18 8
3 W 173 85
3 W 30 62
3 C 203
6 S 204
6 W 16 40
6 R 162
6 W 47 70
6 W 3 49
6 W 30 53
6 R 206
6 W 8 97
6 W 53 88
6 W 48 4
6 W 202 40
6 W 175 32
6 W 23 52
6 R 0
6 W 17 40
6 R 112
6 W 51 60
6 R 115
6 R 243
6 R 48
6 C 204
4 S 205
4 R 30
4 W 24 34
4 R 18
4 R 14
4 W 25 29
4 W 140 74
4 W 245 23
4 W 18 30
4 R 107
4 R 27
4 R 124
4 R 157
4 R 20
4 W 2 17
4 R 8
4 R 37
4 W 126 17
4 C 205
1 S 206
1 R 118
1 W 27 22
1 R 34
1 W 216 87
1 W 11 4
1 R 35
1 R 26
1 R 2
1 W 142 32
1 R 5
1 W 15 71
1 R 37
1 W 255 85
1 R 51
1 W 34 98
1 R 3
1 W 187 64
1 R 25
1 W 250 13
1 R 113
1 C 206
5 S 207
5 R 23
5 W 15 81
5 W 24 71
5 R 206
5 W 50 21
5 W 63 36
5 R 11
5 W 176 92
5 R 31
5 R 44
5 R 180
5 R 40
5 W 140 99
5 R 157
5 R 215
5 R 254
5 W 221 52
5 C 207
0 S 208
0 R 75
0 W 1 75
0 W 19 9
0 W 2 39
0 W 151 46
0 R 111
0 R 187
0 W 129 82
0 R 38
0 R 73
0 W 8 52
0 W 17 31
0 W 0 50
0 R 52
0 R 22
0 R 187
0 R 31
0 W 63 54
0 C 208
2 S 209
2 R 7
2 R 159
2 R 53
2 W 106 46
2 W 220 40
2 R 42
2 W 15 40
2 R 21
2 C 209
5 S 210
5 W 97 100
5 W 169 74
5 W 41 74
5 R 33
5 W 2 96
5 W 198 15
5 W 16 87
5 W 45 59
5 W 55 0
5 R 155
5 W 73 94
5 R 13
5 R 202
5 W 254 10
5 R 117
5 R 22
5 W 109 19
5 W 67 27
5 W 146 38
5 C 210
1 S 211
1 W 7 79
1 W 237 91
1 R 124
1 W 62 68
1 R 62
1 W 4 87
1 W 66 60
1 R 70
1 W 215 12
1 W 121 31
1 W 153 89
1 W 16 22
1 R 60
1 W 158 21
1 R 1
1 R 239
1 R 98
1 C 211
4 S 212
4 R 13
4 W 89 54
4 W 14 88
4 R 70
4 W 52 35
4 R 5
4 W 130 92
4 R 18
4 W 17 67
4 R 68
4 R 59
4 R 248
4 R 193
4 W 191 1
4 W 2 59
4 R 14
4 R 148
4 R 39
4 W 164 74
4 R 232
4 C 212
0 S 213
0 R 153
0 W 73 25
0 W 85 57
0 W 178 96
0 W 224 92
0 R 211
0 W 72 79
0 R 141
0 R 105
0 W 249 75
0 W 254 77
0 W 0 82
0 R 126
0 C 213
6 S 214
6 W 21 90
6 W 8 13
6 W 16 87
6 R 21
6 W 20 19
6 R 12
6 W 18 76
6 R 98
6 R 211
6 R 87
6 R 232
6 R 252
6 C 214
2 S 215
2 W 204 27
2 R 18
2 W 23 33
2 W 9 8
2 R 29
2 R 25
2 W 130 61
2 W 19 74
2 W 250 63
2 W 221 34
2 C 215
3 S 216
3 W 8 48
3 W 240 42
3 R 231
3 W 164 79
3 R 55
3 R 19
3 W 63 16
3 W 25 4
3 W 28 34
3 W 169 47
3 W 132 22
3 R 113
3 W 22 12
3 R 186
3 W 1 69
3 R 185
3 W 19 6
3 W 112 93
3 C 216
6 S 217
6 R 29
6 R 133
6 R 31
6 R 129
6 W 155 23
6 W 245 32
6 R 70
6 R 34
6 W 22 26
6 C 217
2 S 218
2 R 1
2 R 191
2 R 247
2 R 104
2 R 126
2 R 238
2 R 7
2 W 105 11
2 W 68 78
2 W 29 19
2 W 224 8
2 W 19 88
2 C 218
4 S 219
4 W 142 98
4 W 19 48
4 R 38
4 W 55 54
4 R 23
4 R 42
4 W 233 2
4 C 219
1 S 220
1 R 155
1 W 202 33
1 W 21 83
1 W 5 12
1 W 41 46
1 R 227
1 R 27
1 C 220
0 S 221
0 W 22 85
0 R 217
0 R 144
0 W 165 11
0 R 194
0 W 11 49
0 W 143 25
0 R 95
0 W 17 9
0 C 221
3 S 222
3 W 8 47
3 R 233
3 R 28
3 R 0
3 W 250 55
3 W 139 18
3 R 70
3 W 5 24
3 R 26
3 W 153 29
3 R 208
3 R 23
3 W 121 3
3 R 21
3 W 39 3
3 R 103
3 C 222
5 S 223
5 W 7 35
5 W 31 82
5 W 190 31
5 W 29 36
5 W 7 74
5 W 80 10
5 W 68 62
5 W 17 82
5 W 184 9
5 W 75 97
5 W 71 59
5 R 19
5 R 178
5 C 223
5 S 224
5 W 71 30
5 R 27
5 R 41
5 R 24
5 W 30 50
5 R 153
5 C 224
2 S 225
2 W 79 82
2 R 30
2 W 20 79
2 W 132 66
2 R 216
2 R 42
2 W 1 81
2 R 35
2 W 94 71
2 W 36 12
2 W 137 78
2 W 98 48
2 W 16 16
2 W 134 3
2 R 17
2 W 121 82
2 R 20
2 C 225
6 S 226
6 R 196
6 R 12
6 W 222 15
6 R 21
6 R 90
6 R 24
6 W 240 57
6 R 85
6 W 30 92
6 W 236 94
6 W 5 50
6 W 237 73
6 R 168
6 R 49
6 R 59
6 C 226
4 S 227
4 W 90 55
4 R 158
4 R 4
4 R 139
4 R 15
4 W 18 5
4 R 162
4 W 79 85
4 W 12 95
4 R 121
4 R 6
4 R 172
4 W 198 8
4 W 31 70
4 R 4
4 R 1
4 W 176 88
4 C 227
1 S 228
1 R 247
1 W 8 62
1 R 26
1 R 29
1 R 3
1 W 38 1
1 W 221 13
1 R 27
1 R 101
1 R 244
1 R 114
1 R 2
1 C 228
3 S 229
3 W 121 60
3 W 17 66
3 R 13
3 W 24 7
3 W 4 15
3 W 9 20
3 R 143
3 W 0 85
3 W 64 92
3 W 23 65
3 W 189 12
3 R 206
3 R 58
3 R 10
3 R 11
3 W 13 98
3 R 24
3 W 202 92
3 R 251
3 C 229
0 S 230
0 W 2 35
0 W 199 89
0 W 70 43
0 R 10
0 W 27 29
0 W 50 50
0 R 4
0 W 13 2
0 R 202
0 W 205 51
0 R 4
0 W 28 62
0 W 197 14
0 R 31
0 C 230
6 S 231
6 W 21 37
6 W 1 34
6 R 18
6 R 75
6 W 225 48
6 R 45
6 C 231
5 S 232
5 R 236
5 W 186 59
5 W 13 52
5 W 26 33
5 R 65
5 R 111
5 W 6 55
5 R 55
5 W 25 63
5 W 22 48
5 W 94 54
5 R 124
5 W 14 64
5 R 22
5 C 232
3 S 233
3 W 205 29
3 R 238
3 W 21 51
3 W 217 50
3 W 13 24
3 R 131
3 R 4
3 W 181 37
3 W 77 69
3 R 81
3 C 233
0 S 234
0 R 55
0 W 18 36
0 R 29
0 W 111 73
0 W 182 41
0 R 255
0 W 115 11
0 W 69 80
0 W 3 54
0 W 24 65
0 R 67
0 R 17
0 R 69
0 R 2
0 W 0 99
0 R 243
0 R 247
0 R 1
0 C 234
4 S 235
4 R 244
4 R 116
4 W 186 95
4 W 7 35
4 W 174 3
4 R 202
4 W 225 82
4 W 31 54
4 W 219 48
4 W 247 84
4 W 41 56
4 R 170
4 C 235
1 S 236
1 R 79
1 W 19 77
1 R 115
1 R 69
1 R 153
1 R 7
1 R 15
1 R 29
1 W 21 4
1 R 81
1 R 29
1 W 13 23
1 R 2
1 R 61
1 W 122 30
1 W 9 99
1 R 1
1 R 31
1 W 50 22
1 C 236
2 S 237
2 R 1
2 R 240
2 W 26 24
2 R 38
2 W 65 97
2 W 60 59
2 W 7 80
2 W 63 10
2 R 118
2 R 34
2 W 6 55
2 W 21 78
2 R 14
2 R 34
2 R 199
2 R 23
2 W 247 34
2 R 109
2 R 244
2 W 130 99
2 C 237
3 S 238
3 R 48
3 W 98 79
3 R 6
3 R 179
3 R 149
3 W 49 80
3 W 4 7
3 R 13
3 R 10
3 W 71 34
3 C 238
1 S 239
1 R 30
1 W 198 46
1 W 68 88
1 R 190
1 R 11
1 W 234 80
1 W 91 1
1 W 17 80
1 C 239
4 S 240
4 R 19
4 W 6 3
4 R 120
4 W 88 42
4 R 1
4 W 20 21
4 W 148 81
4 W 92 18
4 W 18 74
4 W 20 89
4 R 183
4 W 99 60
4 R 8
4 R 161
4 W 213 86
4 R 77
4 W 30 28
4 W 197 11
4 R 15
4 W 8 97
4 C 240
2 S 241
2 R 125
2 R 125
2 W 204 89
2 R 148
2 R 16
2 R 25
2 W 31 66
2 W 247 20
2 W 210 95
2 R 125
2 W 2 80
2 C 241
5 S 242
5 R 28
5 R 88
5 R 239
5 R 3
5 R 1
5 R 234
5 R 179
5 W 19 91
5 W 81 11
5 R 11
5 R 24
5 W 225 90
5 W 223 14
5 W 23 82
5 R 11
5 R 15
5 R 14
5 R 242
5 C 242
0 S 243
0 W 108 13
0 W 18 51
0 W 31 32
0 W 45 93
0 R 127
0 W 11 50
0 C 243
6 S 244
6 R 29
6 R 220
6 W 0 16
6 W 21 50
6 W 8 12
6 W 239 28
6 R 10
6 C 244
0 S 245
0 R 0
0 W 219 92
0 R 77
0 R 29
0 W 253 18
0 W 1 93
0 W 7 95
0 R 115
0 C 245
5 S 246
5 W 6 5
5 W 79 97
5 W 28 24
5 R 70
5 W 112 5
5 W 27 63
5 W 26 47
5 W 12 26
5 W 34 25
5 R 130
5 R 195
5 R 14
5 C 246
3 S 247
3 R 19
3 R 141
3 R 166
3 R 0
3 W 4 61
3 W 25 58
3 R 19
3 W 163 82
3 R 7
3 W 180 68
3 W 22 85
3 R 67
3 R 191
3 W 13 56
3 W 99 51
3 R 252
3 R 215
3 R 24
3 R 25
3 R 45
3 C 247
4 S 248
4 R 19
4 R 32
4 W 160 69
4 R 222
4 W 143 67
4 W 36 14
4 W 16 69
4 W 25 39
4 C 248
6 S 249
6 R 43
6 W 60 99
6 W 93 80
6 W 9 0
6 W 75 73
6 R 192
6 R 97
6 R 85
6 W 14 2
6 C 249
2 S 250
2 R 232
2 W 249 83
2 R 78
2 W 230 29
2 W 104 93
2 R 14
2 R 9
2 W 221 45
2 R 42
2 R 235
2 C 250
1 S 251
1 W 44 48
1 R 143
1 R 62
1 R 122
1 R 27
1 W 26 29
1 R 174
1 R 4
1 R 15
1 W 12 79
1 W 241 32
1 C 251
