8
0-7 o
2 S 0
2 W 143 50
2 R 169
2 R 11
2 W 45 58
2 R 8
2 W 127 7
2 R 115
2 W 9 23
2 W 37 57
2 R 30
2 R 243
2 R 237
2 W 9 77
2 C 0
3 S 1
3 W 97 3
3 R 10
3 R 162
3 R 132
3 R 24
3 W 23 42
3 W 5 68
3 C 1
6 S 2
6 R 26
6 R 1
6 R 109
6 W 13 30
6 R 13
6 R 5
6 R 209
6 R 41
6 R 12
6 W 31 50
6 W 204 24
6 R 240
6 R 188
6 R 245
6 C 2
7 S 3
7 R 20
7 R 4
7 R 11
7 W 17 28
7 R 152
7 W 12 47
7 C 3
1 S 4
1 R 194
1 R 253
1 W 33 2
1 R 9
1 W 62 68
1 R 240
1 R 136
1 C 4
4 S 5
4 W 20 11
4 R 13
4 W 19 51
4 W 2 44
4 W 113 33
4 W 217 84
4 W 39 28
4 R 4
4 R 101
4 W 23 59
4 R 1
4 W 123 59
4 R 151
4 R 250
4 W 99 53
4 W 234 61
4 R 23
4 C 5
5 S 6
5 W 56 87
5 W 242 83
5 R 29
5 W 219 67
5 R 140
5 W 158 4
5 W 16 87
5 W 8 28
5 R 134
5 W 26 13
5 R 145
5 R 12
5 R 30
5 W 64 47
5 R 68
5 W 41 9
5 C 6
0 S 7
0 W 47 31
0 W 13 25
0 W 150 87
0 W 119 34
0 W 29 74
0 W 75 17
0 W 107 67
0 W 180 60
0 R 6
0 R 46
0 R 93
0 W 22 99
0 R 9
0 R 177
0 W 11 51
0 C 7
5 S 8
5 R 151
5 R 5
5 W 233 78
5 W 7 3
5 W 10 86
5 W 18 84
5 W 218 23
5 W 17 8
5 R 1
5 W 141 77
5 C 8
6 S 9
6 W 11 81
6 W 115 34
6 R 152
6 R 183
6 W 16 16
6 R 61
6 R 20
6 W 207 14
6 R 21
6 W 15 4
6 W 14 79
6 R 7
6 W 208 36
6 W 26 55
6 R 120
6 R 232
6 R 31
6 W 66 43
6 C 9
7 S 10
7 W 3 80
7 R 3
7 W 12 39
7 R 139
7 W 15 95
7 R 145
7 W 89 43
7 W 110 94
7 W 28 14
7 R 4
7 W 23 29
7 R 14
7 R 127
7 R 7
7 W 89 84
7 R 13
7 W 235 32
7 R 12
7 W 176 92
7 C 10
1 S 11
1 W 55 90
1 R 6
1 W 20 24
1 W 139 12
1 W 2 5
1 W 200 75
1 R 19
1 R 236
1 W 75 71
1 W 20 29
1 R 9
1 R 250
1 R 6
1 W 110 92
1 W 3 74
1 R 81
1 R 230
1 W 218 36
1 R 21
1 R 14
1 C 11
0 S 12
0 W 6 52
0 R 26
0 R 216
0 W 5 59
0 R 13
0 W 142 39
0 R 101
0 W 20 54
0 R 81
0 W 8 67
0 R 29
0 R 255
0 C 12
3 S 13
3 R 114
3 W 209 45
3 R 210
3 W 105 33
3 R 56
3 W 138 89
3 W 42 95
3 R 21
3 R 3
3 W 1 28
3 W 230 91
3 W 1 44
3 W 26 44
3 W 22 44
3 C 13
2 S 14
2 R 241
2 R 16
2 R 15
2 W 32 15
2 W 112 56
2 R 29
2 R 27
2 R 3
2 W 20 16
2 W 5 40
2 R 18
2 W 202 72
2 R 15
2 C 14
4 S 15
4 R 3
4 R 114
4 W 18 42
4 R 150
4 W 91 40
4 R 209
4 W 173 50
4 W 177 23
4 R 253
4 R 26
4 C 15
0 S 16
0 W 35 30
0 W 5 79
0 R 30
0 R 104
0 R 196
0 R 23
0 W 233 84
0 W 24 97
0 W 26 55
0 W 25 64
0 R 57
0 R 11
0 W 202 70
0 W 26 52
0 R 23
0 W 167 80
0 W 40 96
0 W 122 50
0 C 16
6 S 17
6 W 189 53
6 R 210
6 R 171
6 W 21 20
6 W 152 11
6 W 108 36
6 R 58
6 R 17
6 R 16
6 R 111
6 W 165 27
6 R 160
6 W 205 5
6 W 179 38
6 R 179
6 W 236 2
6 W 1 4
6 R 207
6 R 130
6 R 28
6 C 17
1 S 18
1 W 30 88
1 R 20
1 R 12
1 R 30
1 R 15
1 R 76
1 W 5 75
1 W 23 71
1 R 254
1 R 115
1 W 18 61
1 R 13
1 W 98 9
1 W 230 22
1 R 201
1 W 6 19
1 R 0
1 W 116 34
1 C 18
2 S 19
2 R 41
2 W 54 60
2 W 16 85
2 R 89
2 R 220
2 W 173 72
2 W 96 17
2 R 118
2 W 106 70
2 R 137
2 W 126 61
2 C 19
3 S 20
3 W 214 32
3 W 10 81
3 W 14 13
3 R 12
3 R 26
3 R 10
3 R 9
3 W 168 34
3 W 40 3
3 W 113 24
3 W 72 55
3 W 25 95
3 W 221 86
3 W 9 85
3 R 30
3 R 24
3 W 11 59
3 W 11 99
3 C 20
5 S 21
5 W 221 95
5 W 6 36
5 W 0 65
5 W 169 5
5 R 147
5 W 82 6
5 R 70
5 W 30 84
5 R 222
5 R 21
5 R 125
5 R 16
5 W 19 87
5 C 21
4 S 22
4 W 148 96
4 W 139 83
4 R 1
4 R 242
4 R 185
4 R 23
4 W 40 48
4 R 9
4 C 22
7 S 23
7 W 10 25
7 W 22 17
7 W 89 23
7 R 25
7 W 50 78
7 W 173 5
7 W 22 83
7 W 229 16
7 W 27 10
7 W 22 31
7 R 8
7 W 219 93
7 R 77
7 R 110
7 W 12 14
7 C 23
3 S 24
3 W 7 52
3 W 183 52
3 W 81 90
3 R 11
3 W 8 86
3 R 234
3 W 22 39
3 R 19
3 W 169 6
3 R 151
3 W 47 33
3 W 25 7
3 R 171
3 R 85
3 W 23 85
3 W 147 15
3 C 24
2 S 25
2 R 24
2 R 88
2 R 217
2 R 234
2 R 118
2 R 16
2 W 246 76
2 R 142
2 R 7
2 R 30
2 R 111
2 W 6 88
2 C 25
6 S 26
6 R 6
6 R 56
6 W 27 41
6 R 130
6 W 87 28
6 R 130
6 W 231 5
6 W 146 11
6 C 26
0 S 27
0 R 25
0 R 38
0 R 99
0 W 243 52
0 R 177
0 R 195
0 R 14
0 W 207 31
0 W 244 57
0 R 237
0 W 215 4
0 W 9 40
0 W 2 98
0 W 21 18
0 R 5
0 C 27
4 S 28
4 W 12 72
4 R 102
4 W 213 37
4 R 214
4 R 5
4 W 26 61
4 R 28
4 R 107
4 C 28
1 S 29
1 W 30 80
1 R 28
1 W 30 54
1 W 61 23
1 W 5 98
1 W 21 31
1 R 28
1 R 29
1 R 231
1 R 66
1 C 29
7 S 30
7 W 18 12
7 W 19 93
7 R 155
7 W 99 44
7 R 171
7 R 190
7 W 92 24
7 W 29 51
7 W 17 85
7 R 88
7 W 21 59
7 R 8
7 W 54 0
7 W 31 85
7 W 145 53
7 R 68
7 W 18 77
7 R 196
7 C 30
5 S 31
5 W 61 94
5 R 2
5 W 10 91
5 R 111
5 W 230 68
5 W 202 63
5 R 73
5 R 64
5 W 180 74
5 C 31
2 S 32
2 R 17
2 W 59 55
2 R 24
2 W 55 44
2 W 52 55
2 R 14
2 W 5 59
2 R 25
2 W 8 80
2 W 252 79
2 R 2
2 R 196
2 R 201
2 W 2 5
2 W 8 49
2 R 190
2 W 33 76
2 C 32
7 S 33
7 R 23
7 R 18
7 R 164
7 W 16 3
7 W 16 40
7 R 139
7 R 144
7 R 151
7 W 103 76
7 R 58
7 W 161 37
7 R 5
7 W 140 49
7 R 51
7 W 168 34
7 W 16 97
7 R 130
7 R 91
7 R 4
7 R 242
7 C 33
6 S 34
6 R 31
6 R 0
6 W 29 80
6 R 17
6 R 232
6 W 246 46
6 R 21
6 W 28 83
6 W 71 76
6 W 180 9
6 W 20 34
6 C 34
1 S 35
1 W 63 91
1 R 43
1 R 20
1 W 222 95
1 W 23 86
1 W 1 46
1 W 99 64
1 W 73 29
1 R 25
1 R 79
1 R 3
1 W 20 74
1 C 35
3 S 36
3 W 44 6
3 W 34 53
3 W 5 8
3 W 94 47
3 R 25
3 W 11 91
3 W 214 63
3 R 82
3 R 95
3 R 189
3 R 43
3 C 36
4 S 37
4 W 17 23
4 R 22
4 R 29
4 R 4
4 R 59
4 R 18
4 W 3 55
4 R 143
4 W 250 47
4 W 218 35
4 R 11
4 R 115
4 W 169 99
4 W 76 51
4 W 95 3
4 R 17
4 C 37
5 S 38
5 W 22 90
5 W 103 32
5 R 141
5 W 13 26
5 R 14
5 R 5
5 R 15
5 W 69 27
5 R 2
5 W 30 5
5 R 164
5 C 38
0 S 39
0 W 126 86
0 W 13 51
0 W 23 11
0 R 93
0 R 71
0 R 35
0 R 116
0 R 54
0 W 20 98
0 W 198 94
0 W 117 51
0 W 126 7
0 R 184
0 R 21
0 R 58
0 W 42 42
0 C 39
0 S 40
0 R 26
0 R 12
0 W 214 5
0 W 13 36
0 R 6
0 W 15 56
0 R 57
0 R 30
0 W 182 73
0 R 21
0 R 15
0 W 160 0
0 W 18 4
0 W 252 7
0 W 27 36
0 C 40
1 S 41
1 W 206 54
1 W 49 86
1 R 247
1 R 28
1 W 6 88
1 W 163 43
1 W 12 14
1 W 108 97
1 W 164 17
1 R 2
1 R 26
1 C 41
3 S 42
3 R 67
3 W 9 38
3 R 106
3 W 31 32
3 R 15
3 R 15
3 W 108 92
3 C 42
6 S 43
6 R 17
6 R 252
6 R 6
6 R 31
6 R 31
6 R 15
6 R 15
6 R 132
6 W 209 20
6 R 98
6 C 43
4 S 44
4 R 27
4 R 56
4 W 120 94
4 W 23 65
4 R 0
4 W 186 53
4 W 21 45
4 W 23 26
4 W 42 54
4 W 57 94
4 R 26
4 R 252
4 W 6 9
4 C 44
2 S 45
2 R 81
2 R 29
2 W 0 19
2 W 242 20
2 R 115
2 W 238 63
2 R 5
2 R 196
2 R 18
2 W 46 17
2 R 26
2 R 16
2 R 219
2 W 15 70
2 R 26
2 W 11 67
2 C 45
5 S 46
5 R 168
5 W 206 34
5 W 108 22
5 R 252
5 W 30 61
5 W 12 60
5 W 172 67
5 W 0 34
5 R 167
5 W 205 40
5 W 66 51
5 C 46
7 S 47
7 R 24
7 R 144
7 W 176 47
7 W 29 33
7 R 23
7 R 125
7 W 17 10
7 R 22
7 R 14
7 W 93 86
7 W 25 7
7 R 10
7 R 135
7 W 12 3
7 W 93 13
7 R 184
7 W 151 19
7 R 68
7 W 99 14
7 C 47
6 S 48
6 W 15 90
6 W 59 39
6 R 102
6 R 152
6 R 6
6 R 194
6 W 41 75
6 R 123
6 R 51
6 W 231 8
6 W 31 29
6 W 64 83
6 R 181
6 C 48
7 S 49
7 R 143
7 R 175
7 R 201
7 W 170 24
7 W 38 25
7 R 126
7 W 124 3
7 W 115 46
7 W 175 97
7 W 94 1
7 W 101 99
7 W 11 43
7 R 177
7 R 217
7 R 204
7 R 22
7 R 31
7 W 9 76
7 R 10
7 C 49
3 S 50
3 R 1
3 R 14
3 R 20
3 R 206
3 W 239 22
3 R 250
3 R 217
3 R 198
3 W 44 87
3 R 8
3 W 132 53
3 W 160 57
3 W 19 57
3 R 13
3 W 78 33
3 W 170 34
3 R 210
3 R 211
3 C 50
1 S 51
1 W 126 92
1 R 170
1 R 22
1 W 11 36
1 W 180 98
1 W 6 38
1 W 123 94
1 R 5
1 R 223
1 W 167 15
1 W 30 80
1 W 16 62
1 R 42
1 W 48 64
1 R 26
1 R 164
1 W 7 6
1 R 8
1 W 251 63
1 R 108
1 C 51
0 S 52
0 W 31 49
0 R 85
0 W 34 4
0 W 15 62
0 R 27
0 W 20 35
0 W 126 61
0 R 94
0 W 243 92
0 W 20 47
0 R 26
0 W 154 38
0 W 248 71
0 R 242
0 W 237 37
0 W 168 60
0 C 52
2 S 53
2 R 7
2 R 112
2 W 233 84
2 R 219
2 W 0 51
2 W 44 90
2 W 192 62
2 W 165 62
2 R 4
2 R 148
2 R 158
2 R 4
2 W 38 97
2 R 225
2 W 54 2
2 W 28 81
2 W 45 32
2 C 53
4 S 54
4 R 79
4 R 131
4 R 72
4 W 22 97
4 R 14
4 W 5 99
4 W 148 0
4 W 158 80
4 W 21 16
4 C 54
5 S 55
5 W 107 82
5 R 142
5 R 208
5 R 124
5 R 204
5 R 67
5 W 184 65
5 C 55
7 S 56
7 R 17
7 R 18
7 W 190 26
7 W 160 89
7 W 253 50
7 R 23
7 W 13 100
7 W 20 66
7 R 209
7 R 78
7 R 9
7 R 31
7 W 0 11
7 W 27 16
7 W 6 84
7 R 18
7 W 159 20
7 W 106 73
7 W 1 91
7 C 56
3 S 57
3 R 38
3 R 26
3 R 124
3 R 43
3 W 12 78
3 R 5
3 R 1
3 R 11
3 R 244
3 R 162
3 W 167 5
3 W 164 22
3 R 66
3 R 3
3 R 26
3 W 32 88
3 R 136
3 C 57
5 S 58
5 W 68 71
5 R 29
5 W 205 82
5 W 31 32
5 W 18 47
5 R 26
5 W 8 68
5 W 30 3
5 R 13
5 W 24 47
5 C 58
0 S 59
0 W 26 69
0 R 27
0 R 72
0 W 16 67
0 W 36 5
0 W 12 86
0 W 154 0
0 R 29
0 C 59
1 S 60
1 W 17 32
1 W 16 53
1 W 45 24
1 W 172 8
1 W 97 12
1 R 21
1 W 220 55
1 W 11 44
1 C 60
4 S 61
4 R 25
4 R 99
4 R 73
4 W 5 19
4 R 29
4 R 5
4 R 4
4 W 146 63
4 W 30 86
4 W 48 23
4 W 1 42
4 C 61
2 S 62
2 W 166 97
2 R 23
2 W 20 17
2 W 7 57
2 R 19
2 W 160 19
2 W 27 85
2 R 24
2 R 19
2 R 2
2 R 10
2 R 102
2 R 48
2 W 196 74
2 W 27 63
2 W 10 44
2 R 203
2 W 38 12
2 W 5 82
2 C 62
6 S 63
6 W 17 71
6 R 45
6 R 28
6 W 63 24
6 W 15 87
6 W 6 26
6 R 10
6 R 120
6 C 63
2 S 64
2 W 20 55
2 R 26
2 R 191
2 R 220
2 W 1 9
2 R 105
2 R 105
2 W 28 33
2 C 64
7 S 65
7 R 39
7 R 211
7 R 77
7 W 18 84
7 R 23
7 W 152 8
7 R 236
7 R 52
7 R 179
7 W 23 26
7 W 208 90
7 W 39 68
7 W 100 75
7 C 65
0 S 66
0 R 239
0 W 29 69
0 R 30
0 W 15 40
0 R 127
0 R 15
0 C 66
4 S 67
4 R 169
4 R 8
4 R 77
4 R 188
4 R 37
4 R 17
4 R 174
4 R 119
4 R 152
4 R 12
4 W 113 87
4 R 19
4 R 81
4 W 211 20
4 R 25
4 R 126
4 W 8 30
4 W 233 92
4 R 31
4 R 1
4 C 67
6 S 68
6 R 29
6 W 16 45
6 W 10 44
6 W 3 54
6 R 183
6 W 166 34
6 R 3
6 R 122
6 W 19 3
6 R 226
6 R 150
6 C 68
5 S 69
5 R 156
5 R 171
5 W 46 65
5 W 253 61
5 W 36 48
5 W 24 61
5 W 28 64
5 R 11
5 R 21
5 R 152
5 W 4 16
5 W 189 21
5 R 16
5 R 27
5 R 199
5 R 145
5 R 208
5 W 135 92
5 W 242 45
5 C 69
3 S 70
3 R 85
3 W 249 63
3 R 146
3 R 118
3 R 0
3 R 7
3 W 196 72
3 R 101
3 R 110
3 R 2
3 R 73
3 W 165 90
3 C 70
1 S 71
1 R 22
1 R 40
1 W 23 31
1 R 201
1 W 144 66
1 R 9
1 W 104 37
1 C 71
5 S 72
5 R 11
5 R 206
5 R 24
5 R 71
5 R 44
5 R 154
5 C 72
2 S 73
2 W 204 61
2 W 6 99
2 W 133 31
2 R 124
2 R 20
2 W 14 0
2 R 195
2 R 57
2 R 32
2 R 14
2 R 16
2 W 3 48
2 R 36
2 R 74
2 R 9
2 W 202 54
2 W 24 95
2 W 209 46
2 R 199
2 W 251 45
2 C 73
6 S 74
6 W 10 50
6 W 28 26
6 R 82
6 W 94 5
6 R 37
6 R 5
6 W 17 12
6 W 53 34
6 R 30
6 R 167
6 R 2
6 W 56 81
6 R 238
6 R 21
6 W 31 25
6 R 30
6 C 74
3 S 75
3 W 9 77
3 R 25
3 W 10 67
3 W 12 38
3 R 142
3 R 9
3 W 154 11
3 W 50 20
3 C 75
1 S 76
1 R 99
1 R 225
1 W 20 95
1 W 195 26
1 W 216 48
1 W 27 45
1 R 37
1 C 76
7 S 77
7 R 33
7 R 211
7 R 66
7 R 211
7 W 225 52
7 W 42 32
7 W 70 92
7 W 115 83
7 R 21
7 W 234 28
7 R 37
7 W 28 50
7 C 77
4 S 78
4 R 167
4 R 223
4 W 179 15
4 W 95 72
4 R 1
4 W 201 72
4 W 96 94
4 W 179 77
4 W 110 75
4 R 12
4 R 16
4 R 174
4 R 24
4 R 60
4 R 24
4 W 165 83
4 R 242
4 W 112 22
4 C 78
0 S 79
0 W 204 50
0 R 13
0 W 192 80
0 R 8
0 W 171 62
0 W 8 10
0 W 208 81
0 R 30
0 W 154 66
0 W 52 60
0 W 30 92
0 R 53
0 R 12
0 R 16
0 C 79
1 S 80
1 W 24 93
1 W 245 68
1 R 17
1 W 166 60
1 W 17 66
1 W 10 62
1 W 27 77
1 R 12
1 W 25 33
1 R 11
1 R 136
1 W 69 64
1 W 61 49
1 R 13
1 W 29 78
1 W 29 9
1 W 66 14
1 C 80
7 S 81
7 R 56
7 R 0
7 W 82 46
7 R 134
7 R 11
7 W 173 79
7 C 81
0 S 82
0 W 24 24
0 R 17
0 W 9 18
0 R 109
0 W 81 47
0 W 114 92
0 C 82
6 S 83
6 W 146 91
6 R 189
6 W 9 54
6 W 183 35
6 W 50 19
6 R 18
6 W 14 79
6 R 47
6 W 129 48
6 R 5
6 W 29 97
6 W 30 60
6 R 105
6 R 106
6 W 100 71
6 C 83
5 S 84
5 W 156 8
5 W 105 75
5 R 30
5 R 159
5 R 46
5 W 120 74
5 R 94
5 R 59
5 W 1 61
5 R 63
5 W 16 74
5 W 11 45
5 R 5
5 R 9
5 W 98 9
5 W 161 97
5 W 172 40
5 R 96
5 W 51 57
5 C 84
4 S 85
4 R 62
4 R 2
4 R 28
4 W 25 0
4 W 4 35
4 R 160
4 R 8
4 R 4
4 W 22 80
4 R 12
4 W 102 6
4 W 90 41
4 W 148 79
4 W 70 43
4 C 85
3 S 86
3 W 0 93
3 W 15 26
3 R 222
3 W 8 71
3 R 17
3 R 119
3 W 25 83
3 W 42 84
3 W 40 51
3 W 159 71
3 R 95
3 C 86
2 S 87
2 W 59 48
2 R 100
2 R 16
2 W 5 87
2 R 122
2 R 149
2 R 0
2 R 27
2 C 87
2 S 88
2 R 58
2 W 27 57
2 W 3 32
2 W 4 73
2 R 29
2 R 75
2 R 22
2 R 15
2 W 205 50
2 C 88
4 S 89
4 R 23
4 R 90
4 W 24 37
4 R 133
4 R 24
4 R 30
4 C 89
7 S 90
7 W 23 6
7 W 5 33
7 W 220 76
7 W 158 63
7 W 159 41
7 R 76
7 R 16
7 C 90
5 S 91
5 R 18
5 W 40 20
5 R 28
5 W 67 65
5 R 10
5 R 0
5 R 238
5 R 8
5 R 180
5 W 28 45
5 C 91
0 S 92
0 W 169 54
0 W 17 23
0 R 6
0 W 16 22
0 W 17 49
0 W 5 68
0 W 239 88
0 W 93 50
0 R 149
0 R 86
0 R 101
0 W 92 33
0 R 3
0 W 244 66
0 R 237
0 R 70
0 R 24
0 W 11 1
0 W 207 85
0 R 22
0 C 92
3 S 93
3 W 127 72
3 R 23
3 R 175
3 W 22 64
3 W 103 14
3 W 212 48
3 W 38 31
3 R 144
3 W 67 62
3 R 30
3 C 93
6 S 94
6 W 148 93
6 W 18 60
6 R 173
6 R 18
6 W 223 95
6 W 18 77
6 W 88 52
6 W 10 39
6 W 22 77
6 W 250 65
6 R 31
6 R 20
6 W 10 34
6 R 118
6 C 94
1 S 95
1 W 14 19
1 W 15 99
1 W 201 4
1 W 30 70
1 R 0
1 W 131 31
1 W 0 95
1 W 162 18
1 W 24 10
1 C 95
0 S 96
0 R 137
0 R 16
0 W 1 88
0 R 234
0 R 43
0 R 13
0 R 169
0 R 155
0 W 92 88
0 R 81
0 W 28 44
0 W 167 47
0 R 112
0 W 9 84
0 W 9 27
0 W 66 25
0 W 29 59
0 C 96
1 S 97
1 W 15 68
1 W 108 16
1 R 16
1 W 25 44
1 W 142 46
1 W 123 85
1 C 97
2 S 98
2 W 113 29
2 R 49
2 R 30
2 W 3 66
2 R 28
2 R 203
2 R 79
2 R 85
2 W 17 15
2 W 92 48
2 R 24
2 W 223 54
2 W 70 0
2 W 197 61
2 R 157
2 W 40 64
2 W 94 47
2 W 116 23
2 C 98
5 S 99
5 R 21
5 R 231
5 R 211
5 W 16 0
5 R 191
5 R 87
5 W 221 29
5 R 14
5 W 9 32
5 R 9
5 R 123
5 R 151
5 R 192
5 W 92 59
5 W 171 89
5 C 99
4 S 100
4 W 19 87
4 R 87
4 W 31 20
4 W 10 74
4 W 29 30
4 R 20
4 C 100
3 S 101
3 R 12
3 R 13
3 R 28
3 W 197 71
3 R 33
3 R 26
3 C 101
7 S 102
7 R 189
7 W 161 40
7 W 53 13
7 R 2
7 W 14 11
7 R 109
7 W 126 69
7 R 255
7 W 246 95
7 R 96
7 R 11
7 W 110 69
7 R 184
7 R 24
7 W 219 38
7 W 14 51
7 C 102
6 S 103
6 W 6 98
6 R 110
6 W 88 25
6 W 253 81
6 R 255
6 W 86 87
6 R 167
6 R 239
6 C 103
5 S 104
5 R 18
5 W 212 87
5 W 156 80
5 R 69
5 R 15
5 R 24
5 R 29
5 W 31 83
5 R 25
5 C 104
1 S 105
1 W 205 93
1 R 166
1 R 255
1 W 128 64
1 W 228 36
1 W 24 66
1 R 243
1 W 101 56
1 R 72
1 R 73
1 R 191
1 W 46 15
1 R 31
1 R 29
1 W 17 87
1 W 20 95
1 W 12 40
1 R 102
1 C 105
3 S 106
3 W 22 22
3 W 28 71
3 W 39 35
3 R 31
3 R 200
3 R 22
3 W 167 23
3 W 88 14
3 R 7
3 R 0
3 C 106
7 S 107
7 W 19 46
7 W 20 57
7 R 169
7 R 246
7 W 253 58
7 W 19 71
7 R 54
7 W 25 30
7 W 144 41
7 R 59
7 R 20
7 R 74
7 W 7 3
7 R 205
7 W 5 34
7 R 22
7 R 7
7 W 30 75
7 R 21
7 W 242 65
7 C 107
0 S 108
0 W 101 69
0 W 100 2
0 R 79
0 W 171 25
0 W 67 29
0 R 108
0 W 6 7
0 C 108
4 S 109
4 W 30 89
4 R 4
4 R 19
4 W 13 11
4 R 53
4 W 15 5
4 W 199 26
4 W 172 83
4 W 3 40
4 C 109
2 S 110
2 W 239 27
2 R 174
2 R 29
2 W 7 98
2 W 100 20
2 W 101 49
2 R 182
2 W 52 39
2 R 54
2 W 15 99
2 R 14
2 W 139 12
2 R 0
2 R 12
2 W 15 34
2 C 110
6 S 111
6 R 53
6 R 0
6 W 30 16
6 R 76
6 R 28
6 R 66
6 C 111
5 S 112
5 W 86 86
5 W 50 90
5 W 3 51
5 W 78 23
5 R 8
5 R 110
5 W 227 61
5 W 16 76
5 W 226 9
5 W 73 36
5 W 64 80
5 R 3
5 W 57 14
5 W 46 21
5 W 187 29
5 R 227
5 W 5 19
5 R 8
5 W 104 60
5 C 112
7 S 113
7 W 103 48
7 R 165
7 R 77
7 R 7
7 R 166
7 R 177
7 R 26
7 R 52
7 W 9 91
7 R 2
7 W 88 81
7 W 40 42
7 W 5 52
7 W 193 0
7 R 34
7 C 113
3 S 114
3 W 95 56
3 R 12
3 R 2
3 W 10 45
3 R 30
3 W 13 29
3 R 9
3 W 99 6
3 W 11 74
3 R 5
3 W 9 11
3 R 167
3 C 114
0 S 115
0 W 6 60
0 R 202
0 W 91 30
0 R 28
0 W 79 61
0 W 21 91
0 W 117 34
0 R 118
0 R 19
0 W 58 78
0 W 23 33
0 W 26 77
0 W 213 34
0 C 115
4 S 116
4 R 186
4 W 14 17
4 R 25
4 W 105 8
4 R 30
4 R 210
4 R 195
4 W 82 27
4 W 38 81
4 W 31 32
4 W 186 47
4 R 158
4 W 22 38
4 R 38
4 R 251
4 R 8
4 R 29
4 R 133
4 C 116
6 S 117
6 W 2 64
6 R 11
6 W 12 62
6 R 187
6 W 145 27
6 W 169 54
6 R 44
6 R 67
6 W 220 70
6 W 11 24
6 R 16
6 R 11
6 R 25
6 W 22 55
6 R 19
6 W 183 63
6 W 8 39
6 W 6 72
6 W 147 82
6 R 253
6 C 117
2 S 118
2 W 168 61
2 R 4
2 R 6
2 W 7 6
2 W 240 78
2 R 77
2 W 73 3
2 W 184 24
2 W 0 75
2 C 118
1 S 119
1 W 100 81
1 W 73 72
1 W 21 99
1 R 3
1 W 185 64
1 W 174 34
1 W 26 57
1 R 7
1 R 9
1 W 147 82
1 W 12 44
1 R 178
1 W 88 12
1 W 2 43
1 C 119
3 S 120
3 R 2
3 W 250 94
3 W 84 67
3 W 248 82
3 W 26 21
3 W 133 37
3 R 216
3 W 188 13
3 W 103 92
3 R 7
3 R 34
3 R 61
3 W 210 77
3 R 241
3 R 20
3 R 15
3 W 6 36
3 W 1 56
3 W 29 18
3 C 120
1 S 121
1 R 22
1 R 15
1 W 254 30
1 R 38
1 R 9
1 W 87 65
1 R 239
1 R 158
1 W 24 98
1 W 6 80
1 W 2 59
1 R 20
1 W 9 18
1 C 121
6 S 122
6 R 103
6 W 13 70
6 R 190
6 W 48 79
6 R 3
6 W 175 51
6 R 209
6 R 118
6 R 185
6 W 7 27
6 W 188 12
6 W 218 38
6 R 74
6 W 164 44
6 W 21 66
6 R 22
6 C 122
2 S 123
2 R 136
2 W 43 55
2 R 194
2 R 20
2 R 20
2 W 198 17
2 R 2
2 W 1 64
2 W 164 80
2 W 39 84
2 W 42 87
2 W 81 30
2 R 51
2 W 25 73
2 W 10 87
2 W 190 3
2 W 236 29
2 R 55
2 W 104 29
2 R 86
2 C 123
5 S 124
5 R 27
5 R 23
5 W 4 93
5 W 14 82
5 W 106 83
5 R 233
5 R 70
5 W 194 73
5 W 184 85
5 R 12
5 W 120 51
5 R 14
5 R 173
5 W 118 33
5 R 49
5 C 124
7 S 125
7 W 29 19
7 W 9 35
7 W 37 97
7 R 96
7 W 239 52
7 W 172 21
7 W 14 98
7 R 35
7 W 4 79
7 R 245
7 W 255 52
7 R 9
7 W 31 13
7 R 14
7 R 8
7 W 228 90
7 C 125
4 S 126
4 W 108 59
4 W 1 20
4 W 12 11
4 R 181
4 W 19 94
4 R 103
4 W 20 61
4 R 13
4 R 116
4 W 177 0
4 W 99 8
4 W 196 100
4 W 107 57
4 W 37 95
4 W 29 30
4 W 28 49
4 R 157
4 R 4
4 C 126
0 S 127
0 R 17
0 W 27 8
0 R 9
0 R 1
0 R 9
0 R 246
0 W 30 22
0 W 206 72
0 R 80
0 R 19
0 W 116 83
0 W 135 20
0 W 12 54
0 R 213
0 W 6 97
0 W 27 89
0 C 127
7 S 128
7 R 190
7 W 53 9
7 W 10 44
7 W 209 99
7 R 27
7 R 1
7 W 23 51
7 W 7 2
7 R 16
7 C 128
3 S 129
3 R 30
3 W 24 49
3 W 25 13
3 W 185 3
3 R 27
3 R 228
3 W 12 74
3 R 223
3 R 187
3 W 215 14
3 C 129
6 S 130
6 W 118 53
6 W 1 76
6 W 12 41
6 W 14 52
6 R 141
6 W 217 1
6 W 16 69
6 R 103
6 W 149 0
6 R 141
6 W 55 28
6 W 16 18
6 R 162
6 C 130
2 S 131
2 W 134 20
2 W 18 26
2 W 24 52
2 W 211 43
2 W 9 89
2 R 183
2 R 156
2 R 98
2 R 5
2 R 187
2 W 103 80
2 R 9
2 W 27 13
2 C 131
4 S 132
4 R 132
4 R 139
4 R 31
4 R 198
4 R 13
4 W 202 24
4 R 76
4 R 11
4 R 155
4 R 22
4 R 74
4 R 59
4 R 40
4 R 25
4 W 72 69
4 C 132
1 S 133
1 W 20 21
1 R 251
1 W 11 75
1 R 248
1 R 4
1 R 21
1 W 196 62
1 C 133
0 S 134
0 R 54
0 R 6
0 W 31 27
0 R 18
0 W 19 100
0 R 93
0 W 11 60
0 R 10
0 W 163 56
0 W 12 43
0 R 12
0 C 134
5 S 135
5 W 29 10
5 R 7
5 R 22
5 W 250 95
5 W 16 32
5 W 29 85
5 R 138
5 W 17 61
5 W 237 27
5 R 199
5 W 7 3
5 W 191 35
5 R 44
5 W 76 89
5 W 131 71
5 W 145 33
5 W 121 7
5 W 8 11
5 R 123
5 C 135
6 S 136
6 W 238 12
6 R 204
6 R 52
6 R 191
6 R 21
6 W 24 1
6 R 35
6 W 25 62
6 W 87 17
6 W 28 91
6 W 18 7
6 R 29
6 W 1 79
6 R 174
6 W 38 89
6 W 44 97
6 R 1
6 W 166 45
6 C 136
4 S 137
4 R 182
4 W 175 54
4 R 14
4 W 203 47
4 W 2 1
4 W 102 51
4 R 51
4 R 246
4 W 16 5
4 W 11 14
4 W 213 47
4 W 2 47
4 C 137
3 S 138
3 W 252 100
3 W 97 66
3 R 155
3 R 9
3 R 221
3 W 82 62
3 R 56
3 R 252
3 R 19
3 W 28 15
3 R 183
3 W 20 88
3 W 218 88
3 R 5
3 C 138
2 S 139
2 R 169
2 W 9 34
2 R 171
2 R 6
2 R 152
2 R 207
2 W 124 16
2 W 93 66
2 W 142 83
2 R 98
2 W 157 8
2 R 26
2 R 20
2 W 6 59
2 R 86
2 R 99
2 W 16 57
2 R 237
2 C 139
0 S 140
0 W 14 19
0 R 51
0 R 235
0 W 125 16
0 W 113 54
0 W 232 22
0 R 179
0 W 22 5
0 W 29 9
0 W 17 76
0 R 41
0 R 15
0 W 156 85
0 W 154 42
0 R 153
0 C 140
5 S 141
5 R 226
5 R 222
5 R 16
5 W 7 28
5 R 218
5 R 93
5 R 15
5 R 25
5 W 19 61
5 W 88 32
5 R 64
5 W 5 90
5 R 192
5 W 100 21
5 R 24
5 W 7 48
5 R 16
5 R 186
5 R 112
5 C 141
7 S 142
7 W 6 51
7 W 52 33
7 R 26
7 W 22 31
7 W 212 23
7 R 30
7 R 56
7 W 50 78
7 R 239
7 R 139
7 W 34 79
7 R 215
7 W 232 91
7 R 252
7 W 41 47
7 R 0
7 W 192 63
7 R 225
7 R 157
7 W 68 39
7 C 142
1 S 143
1 R 1
1 W 182 65
1 R 19
1 W 4 57
1 R 107
1 R 106
1 W 88 79
1 R 146
1 R 68
1 W 117 71
1 R 23
1 R 12
1 W 204 2
1 R 15
1 R 150
1 W 26 11
1 W 22 94
1 C 143
1 S 144
1 W 42 72
1 W 183 82
1 R 154
1 R 169
1 R 23
1 W 149 91
1 W 21 91
1 W 31 77
1 W 212 65
1 W 6 72
1 R 92
1 R 89
1 W 12 38
1 W 12 57
1 W 11 76
1 R 251
1 W 221 28
1 R 118
1 W 236 37
1 C 144
2 S 145
2 W 15 33
2 R 214
2 R 230
2 R 21
2 W 159 21
2 W 11 13
2 R 205
2 W 16 70
2 R 9
2 R 233
2 R 1
2 R 15
2 W 22 51
2 R 11
2 R 1
2 C 145
4 S 146
4 W 109 92
4 W 109 97
4 W 16 44
4 W 165 10
4 R 136
4 W 23 45
4 R 96
4 R 69
4 W 125 90
4 W 193 4
4 W 209 46
4 C 146
5 S 147
5 W 161 77
5 W 74 90
5 R 214
5 W 14 95
5 W 44 45
5 R 0
5 W 160 51
5 R 216
5 W 217 92
5 R 24
5 R 178
5 W 20 16
5 R 2
5 W 1 46
5 W 30 49
5 R 21
5 C 147
6 S 148
6 R 169
6 R 201
6 W 10 15
6 W 58 64
6 R 60
6 W 24 68
6 W 21 79
6 R 27
6 W 151 81
6 W 146 84
6 R 148
6 W 145 52
6 W 245 88
6 W 83 44
6 W 244 94
6 W 7 75
6 R 33
6 W 159 51
6 C 148
7 S 149
7 W 23 30
7 W 17 79
7 W 228 59
7 R 179
7 R 23
7 R 244
7 R 72
7 R 167
7 R 140
7 W 7 72
7 R 150
7 W 7 38
7 R 143
7 R 12
7 W 22 5
7 R 47
7 W 181 46
7 R 12
7 C 149
3 S 150
3 W 173 61
3 R 1
3 W 98 63
3 R 7
3 W 91 99
3 R 9
3 W 236 72
3 C 150
0 S 151
0 R 199
0 W 4 9
0 W 8 10
0 W 232 74
0 R 125
0 W 45 55
0 R 125
0 W 46 77
0 W 183 92
0 W 29 75
0 W 63 15
0 R 82
0 W 164 100
0 W 13 69
0 W 231 39
0 R 66
0 R 215
0 W 122 53
0 W 126 41
0 W 5 91
0 C 151
7 S 152
7 W 12 65
7 R 96
7 R 30
7 W 8 71
7 R 27
7 W 26 30
7 R 71
7 W 29 52
7 R 70
7 C 152
1 S 153
1 W 7 56
1 W 65 55
1 R 224
1 W 178 22
1 R 112
1 W 35 19
1 W 24 20
1 W 144 72
1 R 73
1 W 214 88
1 R 16
1 R 168
1 R 8
1 C 153
2 S 154
2 W 228 15
2 W 3 72
2 R 60
2 R 3
2 W 46 5
2 R 115
2 R 168
2 R 173
2 R 29
2 C 154
5 S 155
5 R 1
5 R 24
5 R 20
5 W 18 83
5 W 225 36
5 W 16 1
5 R 23
5 R 109
5 R 121
5 W 68 73
5 R 1
5 R 25
5 R 0
5 R 22
5 R 119
5 W 105 65
5 W 40 67
5 C 155
3 S 156
3 W 244 14
3 W 88 47
3 W 45 46
3 R 12
3 W 17 96
3 W 110 86
3 R 25
3 R 6
3 C 156
0 S 157
0 R 33
0 R 12
0 W 162 34
0 W 116 42
0 W 243 74
0 R 25
0 W 16 85
0 R 207
0 W 24 95
0 R 230
0 R 100
0 W 252 47
0 W 134 63
0 W 30 90
0 R 26
0 W 84 66
0 W 242 95
0 R 11
0 C 157
6 S 158
6 R 182
6 R 34
6 W 70 28
6 W 84 24
6 W 30 7
6 R 12
6 R 43
6 W 5 50
6 W 26 49
6 W 13 71
6 R 165
6 W 25 96
6 R 181
6 W 120 12
6 W 6 23
6 R 253
6 R 221
6 C 158
4 S 159
4 R 12
4 R 23
4 W 227 65
4 W 65 15
4 W 17 26
4 R 10
4 R 8
4 W 10 50
4 R 11
4 W 0 99
4 R 27
4 R 82
4 W 15 84
4 R 0
4 W 29 68
4 R 109
4 R 149
4 R 161
4 W 120 85
4 C 159
1 S 160
1 W 136 3
1 R 10
1 R 38
1 W 182 27
1 R 15
1 W 78 66
1 W 110 68
1 R 89
1 W 26 72
1 C 160
6 S 161
6 W 33 40
6 W 27 42
6 R 149
6 R 59
6 W 72 4
6 W 226 85
6 R 25
6 W 22 25
6 R 164
6 W 6 15
6 R 29
6 R 29
6 R 126
6 C 161
0 S 162
0 R 21
0 W 26 95
0 W 18 78
0 W 206 28
0 W 202 31
0 W 233 73
0 R 17
0 R 25
0 W 122 3
0 R 13
0 R 24
0 R 112
0 W 30 10
0 R 167
0 C 162
4 S 163
4 R 150
4 W 15 52
4 R 30
4 R 220
4 R 52
4 R 23
4 C 163
2 S 164
2 W 251 9
2 W 221 28
2 R 31
2 R 222
2 W 139 99
2 R 19
2 W 4 0
2 R 237
2 C 164
3 S 165
3 W 132 70
3 W 197 11
3 W 10 14
3 R 17
3 R 240
3 R 16
3 R 10
3 R 130
3 R 245
3 W 2 82
3 R 14
3 W 142 66
3 C 165
5 S 166
5 W 195 97
5 R 95
5 W 9 34
5 R 140
5 R 14
5 W 46 78
5 W 31 81
5 W 13 7
5 R 137
5 W 0 40
5 W 95 27
5 W 133 12
5 R 14
5 W 9 58
5 C 166
7 S 167
7 R 5
7 R 4
7 R 19
7 W 13 31
7 R 5
7 W 134 9
7 R 8
7 R 60
7 R 104
7 R 0
7 R 104
7 W 142 76
7 R 30
7 W 41 54
7 R 187
7 R 12
7 R 7
7 W 249 74
7 C 167
2 S 168
2 R 1
2 R 39
2 W 21 70
2 W 23 80
2 W 120 18
2 R 15
2 R 88
2 W 236 12
2 W 139 100
2 W 69 84
2 W 163 71
2 R 40
2 R 29
2 R 118
2 C 168
7 S 169
7 R 19
7 W 218 44
7 W 51 88
7 W 21 31
7 W 8 21
7 W 23 64
7 W 191 31
7 R 205
7 R 198
7 W 85 44
7 W 115 49
7 W 14 88
7 W 159 64
7 W 4 15
7 C 169
0 S 170
0 R 53
0 R 71
0 R 28
0 R 20
0 R 198
0 R 28
0 W 24 75
0 R 237
0 W 27 12
0 W 219 99
0 W 37 60
0 W 63 64
0 W 97 51
0 W 10 93
0 R 94
0 R 18
0 W 25 64
0 R 48
0 W 29 99
0 C 170
4 S 171
4 R 26
4 R 78
4 R 28
4 W 209 40
4 W 224 83
4 R 171
4 W 156 23
4 W 0 33
4 W 37 46
4 R 236
4 W 25 80
4 R 5
4 W 27 52
4 R 14
4 R 186
4 W 25 94
4 W 21 22
4 C 171
1 S 172
1 W 62 18
1 R 199
1 W 53 66
1 R 37
1 R 21
1 W 61 7
1 R 126
1 W 194 61
1 W 102 38
1 R 230
1 W 157 88
1 R 13
1 W 14 54
1 W 25 73
1 R 28
1 R 197
1 R 27
1 W 3 62
1 C 172
3 S 173
3 R 30
3 R 115
3 R 39
3 R 98
3 W 139 54
3 R 5
3 W 26 18
3 W 61 92
3 W 241 48
3 R 1
3 W 0 40
3 W 187 94
3 R 76
3 W 223 97
3 R 6
3 W 12 52
3 C 173
6 S 174
6 W 36 12
6 R 5
6 W 163 87
6 W 246 47
6 W 1 21
6 W 9 70
6 C 174
5 S 175
5 R 27
5 R 155
5 W 34 8
5 W 0 95
5 R 21
5 R 107
5 W 17 25
5 R 21
5 R 9
5 R 86
5 W 30 68
5 C 175
5 S 176
5 W 127 17
5 R 187
5 W 157 33
5 R 66
5 R 1
5 R 187
5 W 42 21
5 W 29 62
5 W 15 96
5 W 75 98
5 W 206 95
5 W 16 74
5 R 6
5 R 30
5 W 51 1
5 W 152 66
5 W 133 72
5 R 208
5 C 176
0 S 177
0 W 2 94
0 W 194 32
0 R 70
0 W 200 47
0 W 134 97
0 R 164
0 R 185
0 W 64 41
0 R 138
0 R 18
0 R 163
0 W 0 73
0 R 12
0 W 187 47
0 C 177
6 S 178
6 R 66
6 R 16
6 R 55
6 R 236
6 W 139 3
6 R 13
6 R 216
6 C 178
2 S 179
2 W 2 23
2 W 219 42
2 W 170 2
2 R 33
2 R 168
2 R 26
2 R 187
2 R 14
2 R 4
2 C 179
4 S 180
4 W 23 75
4 W 71 4
4 W 163 77
4 W 21 81
4 R 15
4 R 3
4 W 64 16
4 R 91
4 W 44 79
4 W 128 32
4 R 180
4 W 22 56
4 W 10 61
4 R 228
4 W 193 14
4 W 189 75
4 W 56 100
4 C 180
1 S 181
1 R 201
1 W 27 39
1 W 73 15
1 W 106 87
1 W 17 79
1 W 27 97
1 C 181
3 S 182
3 W 11 30
3 W 24 90
3 R 24
3 W 109 64
3 R 5
3 W 72 28
3 W 224 1
3 W 27 19
3 R 229
3 C 182
7 S 183
7 W 51 57
7 R 17
7 R 14
7 R 49
7 W 220 17
7 W 7 96
7 R 224
7 W 80 68
7 W 127 58
7 R 17
7 W 174 1
7 W 119 13
7 W 203 12
7 R 19
7 R 64
7 C 183
3 S 184
3 W 56 42
3 W 22 50
3 W 0 1
3 R 15
3 R 140
3 W 23 48
3 W 43 85
3 W 5 8
3 W 9 38
3 R 26
3 W 148 98
3 R 28
3 W 28 40
3 C 184
1 S 185
1 R 129
1 W 225 74
1 W 25 97
1 R 59
1 W 199 67
1 W 125 6
1 R 5
1 C 185
2 S 186
2 W 178 48
2 W 13 32
2 R 32
2 W 9 53
2 R 123
2 W 19 75
2 R 231
2 W 29 48
2 W 30 23
2 W 29 11
2 R 94
2 W 27 16
2 W 209 74
2 R 7
2 W 31 63
2 R 42
2 W 7 47
2 C 186
0 S 187
0 W 8 58
0 R 86
0 W 7 56
0 W 115 12
0 W 194 93
0 R 148
0 W 1 97
0 W 216 86
0 W 78 88
0 R 24
0 W 18 63
0 W 25 30
0 R 42
0 W 189 42
0 C 187
5 S 188
5 W 31 71
5 R 2
5 W 132 82
5 R 6
5 W 30 25
5 W 135 100
5 R 5
5 W 44 73
5 R 12
5 R 14
5 W 27 85
5 R 251
5 W 2 71
5 W 31 13
5 W 243 76
5 W 30 65
5 C 188
7 S 189
7 W 224 97
7 R 145
7 R 21
7 R 233
7 R 5
7 W 11 40
7 W 144 18
7 R 223
7 R 247
7 W 2 80
7 W 67 83
7 W 14 12
7 W 120 96
7 W 31 85
7 C 189
6 S 190
6 R 92
6 R 68
6 R 96
6 W 27 3
6 W 181 6
6 W 90 92
6 W 216 56
6 R 18
6 R 162
6 W 9 28
6 R 168
6 W 4 1
6 R 154
6 W 26 49
6 W 223 23
6 C 190
4 S 191
4 R 1
4 W 27 74
4 R 207
4 W 207 81
4 W 8 62
4 R 15
4 R 9
4 W 118 41
4 W 8 17
4 R 3
4 R 225
4 W 166 7
4 W 52 67
4 R 228
4 W 27 39
4 C 191
7 S 192
7 R 215
7 R 13
7 W 182 26
7 W 30 72
7 R 117
7 W 27 68
7 R 251
7 R 47
7 W 27 53
7 W 170 15
7 W 5 97
7 R 24
7 C 192
1 S 193
1 W 175 88
1 W 27 39
1 W 29 10
1 R 0
1 R 84
1 W 22 97
1 W 181 22
1 R 26
1 R 21
1 W 24 20
1 R 209
1 C 193
6 S 194
6 R 5
6 R 12
6 W 23 8
6 W 108 58
6 R 13
6 W 1 27
6 R 115
6 W 0 84
6 R 175
6 W 5 73
6 R 29
6 R 95
6 W 103 51
6 R 226
6 W 139 2
6 W 4 62
6 C 194
4 S 195
4 R 222
4 R 12
4 R 8
4 W 229 29
4 W 178 83
4 W 250 5
4 W 86 24
4 R 229
4 C 195
5 S 196
5 W 75 18
5 R 128
5 W 147 38
5 R 216
5 R 117
5 W 170 32
5 W 9 32
5 R 24
5 W 155 94
5 W 207 72
5 W 37 90
5 W 137 94
5 R 12
5 W 61 29
5 W 4 82
5 C 196
2 S 197
2 R 152
2 W 149 99
2 R 180
2 R 98
2 R 37
2 W 179 28
2 C 197
0 S 198
0 R 30
0 W 242 28
0 W 195 20
0 W 3 65
0 R 36
0 R 140
0 R 29
0 C 198
3 S 199
3 W 235 48
3 R 74
3 R 155
3 R 162
3 W 227 47
3 W 152 3
3 R 31
3 W 244 47
3 W 6 79
3 R 1
3 R 22
3 W 2 8
3 W 5 48
3 R 6
3 R 127
3 W 10 85
3 W 166 42
3 R 88
3 W 162 15
3 R 53
3 C 199
4 S 200
4 W 219 60
4 W 79 64
4 W 85 17
4 W 45 45
4 W 24 6
4 W 27 27
4 R 9
4 W 17 12
4 R 151
4 W 184 26
4 W 88 100
4 R 60
4 R 15
4 C 200
5 S 201
5 W 100 65
5 W 41 36
5 W 159 97
5 R 155
5 R 27
5 W 89 3
5 R 4
5 R 44
5 R 234
5 R 222
5 W 153 33
5 W 253 70
5 W 27 30
5 R 132
5 W 7 93
5 W 31 75
5 W 238 100
5 W 52 54
5 W 123 55
5 W 2 73
5 C 201
6 S 202
6 R 20
6 W 11 12
6 R 27
6 W 200 10
6 R 109
6 W 24 98
6 W 8 47
6 W 112 26
6 R 158
6 R 52
6 R 87
6 C 202
3 S 203
3 W 138 28
3 R 232
3 R 26
3 W 101 36
3 R 38
3 R 52
3 R 94
3 W 27 43
3 R 4
3 R 26
3 W 27 35
3 W 170 28
3 W 21 65
3 W 7 46
3 R 248
3 R 34
3 W 135 7
3 W 27 30
3 C 203
7 S 204
7 R 15
7 R 165
7 W 71 54
7 R 8
7 R 7
7 R 11
7 W 26 80
7 W 138 64
7 R 121
7 R 161
7 R 13
7 W 12 17
7 R 242
7 W 86 41
7 W 149 4
7 C 204
0 S 205
0 R 15
0 W 15 78
0 R 150
0 W 14 88
0 W 246 16
0 W 5 16
0 R 27
0 R 183
0 W 236 26
0 R 178
0 W 29 89
0 R 136
0 W 33 6
0 W 88 39
0 R 27
0 R 46
0 C 205
1 S 206
1 R 179
1 R 28
1 R 154
1 W 159 21
1 W 7 3
1 W 20 17
1 R 67
1 W 74 83
1 R 18
1 R 4
1 R 24
1 R 84
1 C 206
2 S 207
2 W 238 1
2 R 14
2 W 58 11
2 W 42 31
2 R 188
2 W 85 75
2 C 207
3 S 208
3 W 12 15
3 R 13
3 W 103 98
3 W 18 12
3 R 12
3 W 164 3
3 R 16
3 R 192
3 W 81 86
3 W 29 26
3 W 200 27
3 W 199 54
3 R 0
3 R 250
3 C 208
0 S 209
0 R 17
0 R 24
0 W 28 13
0 W 9 16
0 W 227 51
0 W 110 18
0 W 139 59
0 W 233 81
0 W 76 83
0 W 49 66
0 W 221 70
0 W 23 69
0 C 209
1 S 210
1 R 15
1 R 56
1 W 47 68
1 W 202 21
1 W 23 93
1 W 136 50
1 R 48
1 R 96
1 C 210
2 S 211
2 R 23
2 R 2
2 W 112 91
2 R 4
2 W 111 35
2 R 40
2 R 82
2 R 57
2 R 17
2 W 175 17
2 W 12 42
2 C 211
7 S 212
7 R 178
7 W 176 2
7 W 218 10
7 W 249 7
7 R 161
7 W 74 73
7 W 25 32
7 W 249 70
7 W 158 2
7 R 38
7 C 212
6 S 213
6 W 14 74
6 R 28
6 W 122 87
6 R 125
6 R 165
6 W 29 21
6 R 6
6 R 115
6 R 97
6 R 26
6 R 225
6 W 7 9
6 C 213
5 S 214
5 R 13
5 W 31 28
5 W 30 21
5 W 148 5
5 W 245 17
5 W 2 16
5 R 0
5 R 138
5 R 244
5 R 121
5 R 17
5 R 17
5 W 216 27
5 R 28
5 W 1 95
5 R 4
5 R 26
5 R 51
5 R 127
5 C 214
4 S 215
4 W 97 82
4 R 169
4 R 250
4 R 23
4 W 162 97
4 W 194 92
4 R 31
4 R 16
4 W 176 24
4 R 31
4 R 230
4 R 15
4 R 25
4 R 8
4 R 24
4 W 22 67
4 W 30 100
4 R 190
4 C 215
7 S 216
7 R 180
7 R 4
7 R 3
7 R 27
7 R 24
7 R 11
7 W 107 29
7 W 246 73
7 W 118 7
7 W 43 5
7 W 25 90
7 W 16 49
7 R 12
7 W 41 58
7 R 109
7 W 28 39
7 W 9 79
7 R 14
7 R 28
7 C 216
2 S 217
2 W 42 59
2 R 47
2 W 235 63
2 W 55 1
2 W 9 21
2 W 154 72
2 R 31
2 R 187
2 R 3
2 C 217
5 S 218
5 R 110
5 R 30
5 R 27
5 R 62
5 R 28
5 W 106 61
5 R 121
5 R 16
5 R 13
5 R 11
5 R 17
5 W 12 75
5 W 14 23
5 R 2
5 W 58 35
5 R 215
5 R 29
5 W 2 47
5 R 28
5 C 218
6 S 219
6 W 8 43
6 W 14 20
6 R 61
6 R 158
6 W 249 64
6 R 122
6 R 9
6 R 62
6 W 23 90
6 R 224
6 R 15
6 W 189 19
6 R 214
6 R 31
6 W 60 14
6 R 9
6 W 26 92
6 R 25
6 R 0
6 C 219
3 S 220
3 R 164
3 R 18
3 R 30
3 W 234 82
3 R 63
3 W 30 75
3 C 220
1 S 221
1 W 7 52
1 R 126
1 W 13 91
1 R 5
1 R 208
1 R 182
1 R 26
1 R 26
1 W 110 71
1 W 117 36
1 R 68
1 R 134
1 C 221
0 S 222
0 R 16
0 R 0
0 W 137 94
0 W 8 26
0 R 12
0 R 27
0 C 222
4 S 223
4 W 25 82
4 W 93 86
4 R 121
4 R 211
4 R 69
4 W 21 66
4 W 7 51
4 C 223
1 S 224
1 W 13 81
1 R 211
1 R 228
1 W 49 21
1 W 16 22
1 R 121
1 W 96 57
1 R 182
1 W 80 26
1 W 95 36
1 R 54
1 R 117
1 C 224
5 S 225
5 R 179
5 R 135
5 W 17 38
5 W 9 26
5 R 13
5 W 24 36
5 R 27
5 W 7 48
5 W 16 67
5 W 27 14
5 R 105
5 W 151 81
5 C 225
4 S 226
4 R 16
4 R 28
4 R 180
4 W 27 77
4 W 232 26
4 R 182
4 R 92
4 W 193 58
4 R 191
4 R 11
4 R 204
4 C 226
7 S 227
7 W 7 31
7 W 172 96
7 R 54
7 R 18
7 R 6
7 R 27
7 W 1 26
7 C 227
2 S 228
2 R 160
2 R 66
2 W 30 28
2 R 13
2 W 28 69
2 R 146
2 W 11 80
2 R 27
2 W 69 54
2 R 26
2 W 26 44
2 R 80
2 R 9
2 R 223
2 W 21 76
2 R 7
2 R 25
2 C 228
6 S 229
6 W 153 77
6 W 76 60
6 R 164
6 W 145 34
6 R 26
6 R 27
6 R 224
6 W 17 71
6 W 4 64
6 C 229
3 S 230
3 R 22
3 R 19
3 R 24
3 W 26 45
3 W 53 42
3 W 246 27
3 R 24
3 R 69
3 R 10
3 R 14
3 W 113 72
3 W 9 76
3 R 9
3 W 1 81
3 W 84 15
3 C 230
0 S 231
0 R 89
0 W 177 45
0 W 169 29
0 R 227
0 W 11 27
0 W 31 24
0 R 19
0 R 107
0 W 5 63
0 W 231 68
0 R 1
0 W 13 53
0 C 231
5 S 232
5 W 18 88
5 R 248
5 W 145 12
5 R 141
5 W 18 65
5 W 237 34
5 W 139 94
5 R 69
5 W 16 57
5 R 28
5 R 233
5 W 29 27
5 C 232
4 S 233
4 W 9 30
4 R 12
4 R 3
4 R 25
4 R 239
4 W 1 25
4 R 43
4 R 195
4 C 233
1 S 234
1 W 5 24
1 R 14
1 W 230 100
1 W 17 30
1 R 18
1 R 32
1 R 75
1 R 183
1 R 1
1 C 234
7 S 235
7 R 73
7 R 102
7 R 17
7 R 208
7 W 240 27
7 R 101
7 R 168
7 R 83
7 R 17
7 R 69
7 R 126
7 W 13 7
7 W 9 74
7 W 60 95
7 R 149
7 R 105
7 W 247 99
7 C 235
2 S 236
2 W 160 12
2 W 13 83
2 R 8
2 W 147 63
2 R 137
2 R 1
2 R 222
2 W 72 91
2 R 22
2 R 100
2 W 31 10
2 R 17
2 W 97 52
2 W 167 29
2 R 53
2 R 61
2 R 45
2 R 76
2 R 10
2 C 236
6 S 237
6 W 72 6
6 W 9 39
6 R 183
6 R 135
6 W 205 30
6 R 66
6 W 15 99
6 W 43 31
6 W 114 38
6 R 230
6 W 197 69
6 R 46
6 C 237
0 S 238
0 W 138 54
0 R 223
0 R 197
0 W 59 78
0 W 20 33
0 W 132 31
0 R 22
0 W 72 1
0 R 24
0 R 197
0 C 238
3 S 239
3 R 19
3 R 69
3 W 6 14
3 R 10
3 W 11 94
3 R 53
3 W 34 59
3 R 30
3 R 61
3 W 230 75
3 R 191
3 R 25
3 W 1 84
3 R 127
3 R 21
3 C 239
0 S 240
0 W 220 94
0 W 194 6
0 W 99 95
0 W 97 90
0 R 4
0 W 145 50
0 W 152 51
0 W 8 92
0 R 232
0 W 8 99
0 W 131 44
0 C 240
7 S 241
7 R 93
7 W 63 78
7 R 49
7 R 91
7 W 14 93
7 W 89 13
7 W 127 24
7 R 25
7 W 2 29
7 W 4 64
7 R 174
7 R 160
7 R 24
7 R 14
7 R 37
7 C 241
5 S 242
5 R 192
5 W 81 98
5 W 91 74
5 W 8 47
5 W 13 93
5 R 73
5 W 14 68
5 W 1 98
5 R 35
5 W 30 15
5 W 1 88
5 R 106
5 R 13
5 R 243
5 R 29
5 W 188 100
5 W 12 4
5 C 242
3 S 243
3 W 9 28
3 W 12 90
3 R 176
3 R 46
3 W 115 38
3 R 17
3 R 90
3 W 2 86
3 R 241
3 W 187 24
3 W 154 54
3 W 6 97
3 R 86
3 W 8 97
3 W 9 48
3 W 17 11
3 R 25
3 W 1 17
3 R 45
3 R 33
3 C 243
6 S 244
6 R 93
6 W 16 65
6 R 26
6 W 205 23
6 R 95
6 R 3
6 R 18
6 W 66 9
6 R 1
6 R 7
6 R 111
6 R 53
6 R 104
6 W 160 86
6 W 73 65
6 C 244
4 S 245
4 W 192 41
4 W 24 96
4 W 38 92
4 W 2 93
4 W 193 100
4 R 12
4 W 19 30
4 R 205
4 W 15 21
4 W 13 78
4 R 28
4 C 245
2 S 246
2 R 20
2 R 23
2 R 8
2 R 167
2 W 249 95
2 R 156
2 W 204 34
2 W 5 53
2 R 164
2 R 248
2 W 48 33
2 W 31 24
2 W 116 5
2 C 246
1 S 247
1 R 22
1 R 31
1 R 253
1 R 15
1 R 255
1 W 42 26
1 W 188 21
1 W 26 40
1 R 127
1 R 29
1 W 22 33
1 W 147 46
1 R 40
1 W 14 79
1 W 204 15
1 R 7
1 R 233
1 R 18
1 R 4
1 R 5
1 C 247
4 S 248
4 R 103
4 R 49
4 R 19
4 W 110 29
4 R 8
4 W 242 70
4 W 213 54
4 R 26
4 C 248
3 S 249
3 W 18 17
3 R 9
3 W 14 88
3 W 124 82
3 R 5
3 W 40 100
3 R 28
3 C 249
5 S 250
5 R 241
5 W 138 50
5 R 158
5 R 235
5 R 31
5 W 121 40
5 R 198
5 R 9
5 W 26 81
5 W 89 31
5 R 21
5 W 14 71
5 W 12 16
5 R 155
5 R 15
5 W 54 0
5 R 10
5 C 250
2 S 251
2 W 141 68
2 R 130
2 R 191
2 R 114
2 W 196 86
2 R 87
2 W 94 40
2 R 92
2 R 217
2 R 49
2 R 5
2 R 0
2 W 23 46
2 W 189 69
2 C 251
0 S 252
0 R 25
0 W 124 40
0 R 124
0 R 149
0 W 217 100
0 W 69 36
0 R 38
0 R 250
0 R 30
0 W 17 97
0 C 252
1 S 253
1 W 207 96
1 R 20
1 R 19
1 R 117
1 R 158
1 W 17 60
1 R 191
1 W 0 74
1 W 183 64
1 C 253
7 S 254
7 W 203 63
7 W 211 39
7 W 214 60
7 R 230
7 W 220 58
7 W 24 46
7 W 27 27
7 R 48
7 W 15 10
7 C 254
6 S 255
6 W 13 81
6 W 172 89
6 R 6
6 W 28 52
6 W 62 59
6 R 1
6 C 255
5 S 256
5 W 33 20
5 R 6
5 W 3 63
5 W 212 72
5 R 129
5 R 137
5 R 128
5 W 95 19
5 W 9 100
5 C 256
2 S 257
2 W 15 16
2 W 161 15
2 W 170 72
2 R 124
2 W 166 19
2 W 49 77
2 W 234 16
2 W 11 63
2 R 195
2 R 26
2 C 257
3 S 258
3 R 247
3 W 67 61
3 W 206 33
3 W 27 39
3 W 229 50
3 R 17
3 R 8
3 R 1
3 R 0
3 W 12 60
3 R 40
3 R 112
3 R 46
3 R 14
3 R 187
3 C 258
1 S 259
1 W 33 28
1 W 81 32
1 W 4 94
1 R 24
1 R 25
1 W 10 4
1 R 20
1 R 29
1 R 245
1 W 4 14
1 W 234 94
1 W 18 11
1 W 30 79
1 W 138 60
1 R 44
1 C 259
6 S 260
6 R 151
6 W 234 78
6 R 28
6 W 19 34
6 W 178 67
6 W 16 68
6 W 86 47
6 R 8
6 W 18 32
6 R 11
6 R 19
6 W 3 15
6 W 21 41
6 W 72 30
6 C 260
0 S 261
0 W 174 85
0 W 43 65
0 W 29 94
0 W 23 91
0 R 247
0 W 13 0
0 R 125
0 R 75
0 R 2
0 W 18 76
0 R 29
0 R 31
0 R 13
0 W 170 99
0 R 19
0 R 139
0 R 17
0 R 255
0 R 224
0 C 261
7 S 262
7 R 4
7 W 51 91
7 R 3
7 R 3
7 W 30 97
7 W 52 79
7 R 64
7 W 142 57
7 W 206 58
7 W 25 23
7 W 10 23
7 R 31
7 R 56
7 R 16
7 W 0 21
7 W 27 87
7 R 8
7 W 218 44
7 W 214 24
7 R 21
7 C 262
4 S 263
4 W 17 95
4 R 46
4 R 10
4 W 237 86
4 W 18 23
4 W 52 85
4 C 263
3 S 264
3 R 2
3 R 16
3 R 9
3 W 146 50
3 R 243
3 R 198
3 R 81
3 W 63 38
3 W 24 100
3 R 141
3 W 165 20
3 R 142
3 W 81 24
3 W 124 14
3 W 84 58
3 W 0 91
3 W 119 82
3 W 20 27
3 R 120
3 C 264
6 S 265
6 W 13 46
6 W 20 62
6 R 26
6 W 142 34
6 R 23
6 W 5 66
6 R 232
6 W 0 17
6 W 12 79
6 C 265
5 S 266
5 W 226 12
5 W 21 37
5 W 65 22
5 R 14
5 R 219
5 W 145 72
5 W 41 5
5 C 266
2 S 267
2 W 48 57
2 R 62
2 W 11 75
2 R 21
2 W 6 97
2 W 19 6
2 W 86 14
2 W 55 57
2 R 13
2 W 90 61
2 R 16
2 C 267
1 S 268
1 W 1 63
1 R 27
1 R 18
1 W 63 74
1 W 6 95
1 W 9 56
1 R 29
1 R 103
1 W 79 71
1 W 113 90
1 W 176 98
1 R 116
1 W 17 81
1 W 176 79
1 W 2 1
1 W 6 22
1 R 6
1 W 5 41
1 W 45 77
1 W 46 85
1 C 268
4 S 269
4 W 154 2
4 R 146
4 W 37 28
4 R 74
4 W 1 41
4 R 31
4 R 94
4 R 235
4 W 8 26
4 W 26 59
4 W 9 56
4 W 236 16
4 W 203 78
4 R 7
4 W 2 59
4 R 29
4 R 91
4 C 269
7 S 270
7 R 94
7 R 1
7 R 15
7 W 4 32
7 R 23
7 R 149
7 W 208 7
7 R 223
7 W 146 71
7 R 117
7 R 8
7 R 236
7 W 170 14
7 R 130
7 R 1
7 R 70
7 R 65
7 R 168
7 C 270
0 S 271
0 W 222 55
0 R 27
0 R 13
0 W 124 52
0 W 89 53
0 W 220 43
0 W 10 50
0 R 164
0 R 161
0 W 24 19
0 W 166 61
0 C 271
2 S 272
2 W 179 98
2 W 20 93
2 R 9
2 R 35
2 W 17 86
2 R 250
2 R 19
2 W 247 17
2 W 12 9
2 R 27
2 W 27 98
2 W 41 12
2 R 192
2 R 89
2 W 30 17
2 W 12 48
2 C 272
5 S 273
5 R 152
5 R 2
5 R 17
5 R 22
5 W 13 50
5 R 131
5 R 164
5 R 180
5 R 107
5 W 59 94
5 R 184
5 R 18
5 W 8 14
5 R 161
5 W 30 27
5 W 11 42
5 R 196
5 R 13
5 W 73 96
5 C 273
0 S 274
0 W 0 74
0 R 214
0 W 10 80
0 W 118 26
0 W 110 15
0 W 112 21
0 W 18 2
0 R 123
0 C 274
1 S 275
1 W 185 7
1 W 23 88
1 R 23
1 R 14
1 W 155 47
1 R 10
1 R 22
1 R 118
1 W 207 37
1 C 275
4 S 276
4 W 13 79
4 W 13 76
4 R 228
4 W 15 95
4 W 100 46
4 W 16 60
4 R 5
4 R 181
4 R 233
4 R 227
4 W 6 85
4 W 117 15
4 C 276
3 S 277
3 R 96
3 W 228 75
3 W 104 45
3 R 14
3 R 12
3 R 98
3 R 179
3 W 38 24
3 R 17
3 W 115 50
3 W 206 85
3 W 121 54
3 C 277
6 S 278
6 R 172
6 R 173
6 W 15 23
6 R 224
6 W 11 42
6 W 223 85
6 W 186 94
6 W 136 74
6 W 21 50
6 W 8 5
6 W 3 77
6 R 18
6 R 132
6 R 130
6 C 278
7 S 279
7 R 63
7 W 233 84
7 W 253 69
7 W 6 45
7 R 29
7 R 9
7 R 22
7 R 117
7 R 179
7 C 279
6 S 280
6 R 8
6 W 193 32
6 R 157
6 W 231 97
6 W 6 68
6 R 239
6 C 280
0 S 281
0 W 19 19
0 W 126 54
0 R 29
0 R 231
0 W 159 45
0 W 14 92
0 W 41 40
0 R 25
0 R 138
0 W 26 7
0 C 281
3 S 282
3 R 24
3 R 8
3 R 4
3 W 40 21
3 R 5
3 R 132
3 R 180
3 R 22
3 R 251
3 R 211
3 R 252
3 W 189 87
3 R 126
3 R 70
3 R 15
3 W 244 45
3 W 24 61
3 W 155 60
3 C 282
4 S 283
4 W 12 6
4 W 103 27
4 R 46
4 W 247 72
4 W 7 18
4 R 103
4 W 25 1
4 W 61 49
4 W 25 32
4 W 173 66
4 W 100 88
4 W 26 55
4 R 12
4 R 142
4 W 55 66
4 W 53 71
4 R 2
4 R 213
4 C 283
2 S 284
2 W 1 94
2 R 5
2 W 18 39
2 W 178 32
2 R 26
2 W 22 70
2 R 95
2 R 136
2 W 23 8
2 C 284
7 S 285
7 W 15 33
7 W 191 31
7 R 90
7 W 9 14
7 W 12 65
7 R 54
7 R 8
7 R 4
7 R 29
7 W 188 24
7 C 285
5 S 286
5 W 17 21
5 R 220
5 W 196 32
5 R 219
5 R 56
5 W 22 85
5 C 286
1 S 287
1 W 24 27
1 R 87
1 R 229
1 W 91 36
1 W 204 91
1 W 9 15
1 R 7
1 W 24 3
1 R 153
1 W 97 72
1 R 184
1 C 287
0 S 288
0 W 169 15
0 W 158 37
0 W 29 69
0 R 3
0 W 21 98
0 W 128 59
0 R 26
0 R 46
0 R 13
0 R 15
0 W 214 1
0 R 19
0 R 234
0 W 228 9
0 W 221 88
0 W 150 26
0 W 70 94
0 W 27 27
0 W 102 13
0 W 183 44
0 C 288
7 S 289
7 W 76 41
7 W 0 31
7 W 25 41
7 W 36 53
7 R 101
7 R 79
7 W 37 18
7 W 45 6
7 W 69 45
7 R 170
7 W 150 3
7 R 9
7 R 114
7 R 12
7 R 90
7 W 129 7
7 R 16
7 W 205 20
7 R 29
7 C 289
2 S 290
2 W 11 51
2 R 2
2 R 27
2 W 175 29
2 W 129 93
2 R 111
2 R 215
2 W 5 7
2 W 21 63
2 R 210
2 C 290
3 S 291
3 R 225
3 W 65 84
3 R 102
3 W 55 57
3 R 21
3 W 84 7
3 W 0 55
3 R 231
3 W 4 61
3 W 32 6
3 R 12
3 W 107 16
3 R 90
3 W 174 5
3 W 28 20
3 R 16
3 R 17
3 C 291
5 S 292
5 R 237
5 W 118 91
5 R 211
5 W 128 6
5 W 165 94
5 R 25
5 W 31 29
5 C 292
6 S 293
6 W 13 80
6 R 4
6 W 177 67
6 W 20 48
6 R 203
6 R 202
6 W 69 37
6 R 8
6 W 35 79
6 W 129 78
6 W 7 98
6 R 31
6 R 249
6 W 2 32
6 R 76
6 C 293
4 S 294
4 R 135
4 R 65
4 R 195
4 R 3
4 R 80
4 W 18 17
4 W 62 5
4 R 196
4 C 294
1 S 295
1 R 21
1 R 12
1 R 192
1 R 5
1 W 78 1
1 R 100
1 R 240
1 W 11 28
1 R 100
1 W 14 99
1 R 115
1 R 254
1 R 9
1 R 223
1 R 157
1 R 113
1 W 135 96
1 W 16 16
1 C 295
4 S 296
4 W 166 64
4 R 81
4 W 228 3
4 R 49
4 R 131
4 W 14 52
4 R 15
4 W 191 20
4 W 185 33
4 R 151
4 W 46 13
4 R 22
4 R 224
4 R 4
4 W 9 30
4 W 35 46
4 R 188
4 R 17
4 R 25
4 R 167
4 C 296
3 S 297
3 W 20 68
3 R 27
3 R 234
3 W 241 5
3 R 51
3 W 43 50
3 W 22 32
3 R 133
3 W 30 26
3 W 138 45
3 W 118 52
3 W 124 30
3 W 8 29
3 R 228
3 W 24 93
3 W 238 10
3 W 159 61
3 W 159 16
3 C 297
0 S 298
0 W 222 83
0 R 41
0 R 228
0 R 109
0 R 1
0 R 38
0 W 3 17
0 W 51 47
0 R 4
0 R 101
0 R 12
0 R 33
0 W 136 100
0 W 7 40
0 C 298
1 S 299
1 W 255 13
1 R 212
1 R 66
1 R 201
1 W 12 33
1 W 157 47
1 R 26
1 W 44 96
1 W 3 83
1 C 299
2 S 300
2 R 124
2 R 204
2 W 15 38
2 W 46 67
2 W 15 80
2 R 94
2 R 80
2 R 12
2 R 208
2 R 4
2 W 31 25
2 W 3 47
2 W 183 84
2 C 300
6 S 301
6 R 159
6 R 15
6 R 208
6 R 24
6 W 224 60
6 R 203
6 R 178
6 R 215
6 R 6
6 W 1 2
6 R 195
6 R 5
6 W 23 19
6 R 212
6 W 27 12
6 R 14
6 R 91
6 W 191 15
6 R 176
6 W 25 31
6 C 301
7 S 302
7 R 2
7 W 175 59
7 W 38 15
7 R 112
7 R 171
7 W 134 67
7 R 16
7 W 130 65
7 R 11
7 W 128 1
7 R 20
7 R 51
7 R 107
7 C 302
5 S 303
5 W 230 27
5 W 166 66
5 W 31 63
5 W 12 5
5 W 160 55
5 R 146
5 W 164 4
5 R 82
5 W 32 38
5 W 221 30
5 C 303
3 S 304
3 W 55 69
3 W 23 27
3 W 204 94
3 W 122 88
3 R 184
3 W 26 51
3 W 138 59
3 W 30 94
3 R 105
3 R 127
3 R 9
3 R 57
3 R 24
3 R 173
3 W 250 66
3 W 101 88
3 C 304
0 S 305
0 R 3
0 R 139
0 R 1
0 W 8 20
0 W 29 29
0 W 83 50
0 R 30
0 R 142
0 W 101 17
0 R 140
0 R 1
0 R 185
0 W 27 57
0 W 181 45
0 W 2 59
0 C 305
6 S 306
6 W 24 82
6 R 134
6 W 13 42
6 R 20
6 R 31
6 W 240 1
6 R 223
6 R 9
6 W 116 4
6 C 306
5 S 307
5 R 17
5 R 1
5 W 136 54
5 W 190 85
5 R 25
5 W 19 50
5 R 94
5 W 30 54
5 R 19
5 W 63 16
5 R 241
5 W 30 37
5 C 307
1 S 308
1 R 8
1 R 134
1 W 190 75
1 W 8 4
1 W 129 77
1 W 2 50
1 W 2 48
1 W 3 5
1 R 99
1 W 37 50
1 R 83
1 W 21 95
1 R 16
1 R 234
1 W 245 11
1 W 239 78
1 W 27 12
1 C 308
2 S 309
2 R 83
2 W 47 51
2 R 24
2 W 8 11
2 R 26
2 R 109
2 R 16
2 R 143
2 R 10
2 R 85
2 R 79
2 W 13 17
2 W 19 22
2 W 18 50
2 W 163 49
2 W 185 76
2 R 6
2 C 309
4 S 310
4 R 170
4 W 29 71
4 W 219 93
4 W 140 8
4 R 15
4 W 20 3
4 R 213
4 W 11 5
4 W 225 24
4 C 310
7 S 311
7 R 17
7 W 25 99
7 R 53
7 R 121
7 W 31 97
7 R 0
7 R 207
7 W 19 81
7 W 9 18
7 R 232
7 W 125 75
7 W 182 38
7 C 311
1 S 312
1 W 126 14
1 R 177
1 R 202
1 W 165 65
1 R 20
1 W 97 37
1 W 77 25
1 W 0 64
1 R 9
1 W 17 71
1 W 129 36
1 C 312
2 S 313
2 W 82 49
2 W 29 15
2 R 213
2 W 11 4
2 R 195
2 R 196
2 W 170 33
2 W 110 64
2 R 241
2 W 6 10
2 R 22
2 R 4
2 W 28 11
2 C 313
4 S 314
4 R 232
4 W 11 66
4 R 16
4 R 22
4 W 43 30
4 W 19 15
4 R 95
4 W 176 48
4 W 168 62
4 R 27
4 W 153 34
4 W 194 12
4 W 28 21
4 W 17 98
4 R 92
4 W 12 42
4 C 314
5 S 315
5 W 137 25
5 R 188
5 R 5
5 R 47
5 W 33 56
5 R 139
5 R 119
5 W 160 73
5 R 234
5 W 135 68
5 R 7
5 R 194
5 R 137
5 W 161 12
5 R 24
5 R 30
5 W 213 5
5 W 133 20
5 C 315
6 S 316
6 R 118
6 W 27 70
6 W 19 35
6 R 20
6 W 33 10
6 W 185 69
6 W 229 59
6 W 165 6
6 W 1 41
6 W 83 15
6 W 140 60
6 R 215
6 W 197 96
6 W 158 57
6 R 15
6 W 8 78
6 C 316
0 S 317
0 W 2 47
0 W 16 0
0 R 15
0 R 198
0 W 35 47
0 R 25
0 W 10 36
0 W 155 79
0 W 104 58
0 W 66 44
0 W 6 44
0 W 21 51
0 R 231
0 C 317
7 S 318
7 R 201
7 R 146
7 R 16
7 W 26 5
7 R 3
7 W 160 72
7 W 31 47
7 R 26
7 W 44 42
7 W 12 22
7 R 25
7 C 318
3 S 319
3 W 0 2
3 W 36 90
3 R 9
3 R 73
3 R 27
3 R 96
3 W 22 67
3 R 200
3 R 28
3 W 197 41
3 R 14
3 W 24 75
3 W 253 10
3 R 15
3 R 155
3 C 319
2 S 320
2 R 89
2 R 14
2 W 9 2
2 R 210
2 R 15
2 R 17
2 W 25 7
2 W 218 83
2 W 14 89
2 W 11 12
2 R 74
2 W 20 29
2 R 10
2 R 7
2 R 130
2 R 8
2 R 245
2 W 247 8
2 W 137 98
2 R 14
2 C 320
4 S 321
4 W 1 97
4 R 27
4 W 244 10
4 W 13 65
4 R 14
4 R 254
4 R 116
4 W 150 74
4 W 73 37
4 R 2
4 W 250 28
4 W 16 22
4 R 16
4 W 8 27
4 R 186
4 R 197
4 R 13
4 R 190
4 W 9 21
4 R 27
4 C 321
0 S 322
0 R 31
0 W 9 87
0 W 178 91
0 R 81
0 R 30
0 W 80 18
0 R 171
0 W 40 21
0 C 322
6 S 323
6 W 15 12
6 R 115
6 W 136 13
6 W 75 77
6 W 28 1
6 R 106
6 W 150 6
6 R 163
6 W 23 76
6 W 188 43
6 W 104 59
6 W 107 31
6 W 69 47
6 W 12 12
6 R 10
6 W 236 35
6 W 157 50
6 R 33
6 R 146
6 C 323
7 S 324
7 W 22 55
7 W 191 17
7 R 1
7 W 192 72
7 R 246
7 W 160 6
7 C 324
3 S 325
3 R 162
3 W 6 88
3 R 18
3 R 242
3 W 15 15
3 R 226
3 R 92
3 W 115 50
3 W 21 43
3 R 208
3 R 22
3 R 244
3 R 24
3 W 168 66
3 R 32
3 C 325
1 S 326
1 R 107
1 R 124
1 W 16 50
1 W 67 69
1 R 22
1 R 110
1 R 118
1 W 61 62
1 R 30
1 W 25 43
1 C 326
5 S 327
5 R 205
5 W 23 67
5 R 161
5 R 11
5 R 3
5 W 36 56
5 W 230 43
5 W 111 33
5 W 2 70
5 R 85
5 R 14
5 R 220
5 R 20
5 W 13 56
5 R 84
5 R 192
5 R 17
5 R 198
5 W 27 93
5 C 327
1 S 328
1 R 10
1 R 145
1 R 30
1 R 13
1 R 251
1 R 206
1 R 29
1 R 26
1 W 3 91
1 W 93 45
1 C 328
5 S 329
5 R 253
5 W 23 17
5 W 97 39
5 R 20
5 W 14 25
5 R 126
5 R 41
5 W 152 32
5 C 329
3 S 330
3 R 4
3 W 19 27
3 R 229
3 W 39 66
3 W 3 64
3 R 226
3 W 19 91
3 R 188
3 W 186 58
3 R 222
3 R 38
3 W 28 98
3 W 9 16
3 R 3
3 C 330
0 S 331
0 R 168
0 W 241 46
0 R 45
0 W 27 87
0 W 81 47
0 R 122
0 W 164 85
0 R 33
0 W 3 50
0 R 13
0 R 19
0 W 68 57
0 R 201
0 R 85
0 W 58 84
0 R 62
0 C 331
6 S 332
6 R 5
6 R 10
6 W 168 97
6 R 162
6 R 153
6 W 88 100
6 W 12 74
6 W 22 32
6 W 89 63
6 W 25 59
6 W 6 58
6 R 110
6 W 83 15
6 R 21
6 C 332
2 S 333
2 R 24
2 W 202 32
2 R 124
2 W 167 32
2 R 111
2 R 112
2 R 91
2 W 88 1
2 R 170
2 W 15 64
2 R 210
2 R 7
2 W 137 65
2 R 79
2 R 6
2 R 21
2 C 333
7 S 334
7 R 16
7 R 37
7 R 45
7 W 1 68
7 W 21 24
7 R 68
7 R 6
7 R 160
7 C 334
4 S 335
4 R 177
4 R 23
4 R 26
4 W 178 26
4 R 101
4 W 112 91
4 R 235
4 R 175
4 R 186
4 W 199 93
4 R 12
4 R 208
4 R 246
4 W 94 27
4 R 229
4 C 335
