7
0-6 o
6 S 0
6 R 159
6 R 31
6 W 17 87
6 R 139
6 R 199
6 R 26
6 W 28 92
6 R 30
6 W 10 7
6 R 110
6 W 11 18
6 C 0
1 S 1
1 R 206
1 W 18 47
1 W 207 22
1 R 129
1 R 192
1 R 228
1 R 114
1 R 22
1 R 24
1 W 243 44
1 C 1
3 S 2
3 R 7
3 W 190 97
3 R 227
3 R 241
3 W 20 4
3 R 245
3 W 216 76
3 W 201 33
3 W 89 50
3 W 102 23
3 W 30 10
3 R 152
3 W 13 28
3 C 2
4 S 3
4 W 220 75
4 R 180
4 W 16 16
4 R 27
4 W 211 61
4 R 148
4 W 55 29
4 W 27 24
4 R 1
4 W 1 25
4 R 171
4 W 12 54
4 W 19 40
4 W 16 87
4 W 65 44
4 R 18
4 W 2 86
4 C 3
2 S 4
2 W 119 68
2 W 18 72
2 W 30 99
2 W 75 49
2 R 26
2 R 30
2 R 154
2 W 28 65
2 C 4
5 S 5
5 R 6
5 W 149 18
5 R 67
5 R 19
5 W 22 71
5 R 14
5 W 2 100
5 R 169
5 W 174 39
5 W 221 62
5 R 186
5 R 111
5 W 139 67
5 R 246
5 W 4 66
5 C 5
0 S 6
0 W 31 97
0 W 12 17
0 W 127 60
0 W 251 49
0 W 163 99
0 R 134
0 W 228 41
0 W 61 38
0 W 195 67
0 C 6
0 S 7
0 W 5 98
0 W 0 65
0 R 190
0 W 30 60
0 R 174
0 W 28 89
0 W 11 77
0 R 243
0 R 10
0 W 5 99
0 R 215
0 R 225
0 W 119 63
0 R 13
0 C 7
3 S 8
3 W 8 7
3 R 7
3 W 172 84
3 R 9
3 W 166 4
3 R 20
3 R 15
3 R 0
3 C 8
1 S 9
1 W 203 86
1 R 90
1 W 170 71
1 R 24
1 W 28 74
1 R 7
1 C 9
5 S 10
5 R 187
5 R 6
5 R 25
5 R 246
5 R 38
5 R 12
5 R 173
5 W 97 67
5 R 40
5 W 8 44
5 W 56 12
5 C 10
6 S 11
6 R 15
6 W 253 4
6 R 168
6 R 30
6 W 196 89
6 W 112 43
6 W 98 38
6 W 240 91
6 W 173 77
6 W 166 89
6 R 177
6 R 192
6 W 29 89
6 W 207 39
6 W 21 25
6 R 82
6 W 40 20
6 C 11
4 S 12
4 W 51 11
4 W 157 45
4 W 65 54
4 W 23 92
4 R 5
4 W 5 90
4 W 30 87
4 W 0 20
4 W 15 82
4 W 241 14
4 C 12
2 S 13
2 W 126 49
2 R 194
2 W 135 22
2 R 149
2 W 19 33
2 W 148 21
2 R 31
2 W 239 49
2 R 39
2 W 34 94
2 R 3
2 R 78
2 R 78
2 R 131
2 R 96
2 R 0
2 C 13
6 S 14
6 R 182
6 R 59
6 R 22
6 W 71 3
6 R 16
6 R 123
6 W 10 1
6 W 11 57
6 R 168
6 R 184
6 C 14
4 S 15
4 W 195 19
4 R 176
4 R 246
4 R 176
4 W 32 28
4 R 31
4 R 0
4 W 219 45
4 W 133 21
4 C 15
2 S 16
2 W 64 42
2 R 83
2 W 147 49
2 R 162
2 R 141
2 W 7 59
2 R 176
2 R 202
2 W 11 69
2 W 29 91
2 W 133 97
2 R 189
2 R 195
2 R 109
2 W 63 22
2 W 28 89
2 R 41
2 C 16
3 S 17
3 W 139 62
3 W 0 9
3 W 129 20
3 W 49 74
3 R 124
3 R 4
3 W 30 19
3 R 232
3 R 22
3 R 0
3 R 41
3 C 17
1 S 18
1 W 24 19
1 R 8
1 R 11
1 R 122
1 R 14
1 W 14 88
1 W 22 93
1 W 102 42
1 C 18
0 S 19
0 W 26 52
0 W 208 86
0 W 87 14
0 R 10
0 W 155 43
0 W 13 1
0 W 253 58
0 W 29 8
0 C 19
5 S 20
5 R 149
5 W 5 58
5 R 21
5 R 147
5 W 93 91
5 R 124
5 R 26
5 C 20
4 S 21
4 R 9
4 W 245 17
4 W 95 24
4 W 10 81
4 R 16
4 W 42 7
4 C 21
3 S 22
3 W 10 14
3 R 87
3 W 81 69
3 W 167 1
3 W 209 45
3 W 149 71
3 R 111
3 C 22
1 S 23
1 W 8 20
1 R 232
1 R 219
1 R 7
1 R 97
1 R 254
1 W 248 99
1 W 19 60
1 R 109
1 W 16 67
1 W 23 43
1 R 122
1 W 28 36
1 C 23
5 S 24
5 R 109
5 R 230
5 R 172
5 W 149 68
5 W 57 90
5 R 187
5 W 185 98
5 W 14 34
5 R 232
5 R 4
5 R 56
5 R 81
5 W 74 37
5 W 138 86
5 W 0 88
5 W 10 88
5 C 24
0 S 25
0 R 1
0 R 14
0 R 176
0 W 204 72
0 W 224 38
0 R 186
0 R 248
0 R 71
0 R 19
0 W 31 13
0 R 5
0 R 227
0 R 158
0 C 25
2 S 26
2 R 16
2 R 0
2 W 158 2
2 W 171 49
2 W 105 66
2 W 18 97
2 R 135
2 W 48 63
2 W 155 99
2 W 93 63
2 R 202
2 R 0
2 R 4
2 C 26
6 S 27
6 W 10 25
6 R 101
6 W 21 1
6 W 17 99
6 W 120 98
6 R 8
6 W 142 3
6 R 243
6 W 26 91
6 W 89 26
6 W 188 54
6 W 5 81
6 W 6 2
6 W 41 4
6 R 52
6 C 27
6 S 28
6 R 247
6 R 191
6 R 6
6 W 93 32
6 W 8 40
6 W 11 32
6 W 172 33
6 W 105 65
6 W 144 19
6 R 146
6 R 174
6 W 114 48
6 R 68
6 W 222 88
6 W 25 66
6 W 27 93
6 W 28 82
6 R 17
6 R 0
6 R 202
6 C 28
3 S 29
3 W 4 47
3 R 207
3 R 150
3 R 11
3 W 221 34
3 R 96
3 W 77 56
3 W 148 78
3 W 88 25
3 R 3
3 W 187 86
3 R 148
3 R 188
3 W 1 32
3 W 201 56
3 W 56 100
3 W 231 14
3 R 2
3 C 29
5 S 30
5 R 12
5 W 12 28
5 W 14 22
5 W 202 56
5 R 8
5 R 13
5 R 20
5 R 232
5 W 31 7
5 C 30
0 S 31
0 R 31
0 W 22 73
0 R 26
0 W 26 75
0 R 10
0 W 115 21
0 W 9 5
0 R 101
0 W 103 37
0 R 47
0 W 89 100
0 R 2
0 R 210
0 C 31
4 S 32
4 R 153
4 R 15
4 R 11
4 W 13 81
4 W 14 69
4 R 6
4 R 10
4 R 197
4 W 2 2
4 W 7 41
4 W 110 66
4 R 4
4 W 106 26
4 R 8
4 C 32
1 S 33
1 R 255
1 W 183 84
1 R 9
1 W 97 58
1 W 166 11
1 W 16 20
1 W 18 41
1 W 33 94
1 C 33
2 S 34
2 R 95
2 R 201
2 W 38 99
2 R 34
2 R 0
2 R 168
2 W 191 58
2 R 34
2 R 180
2 W 8 63
2 R 18
2 W 20 83
2 R 44
2 W 238 36
2 R 226
2 R 17
2 W 168 71
2 W 146 84
2 R 42
2 W 108 90
2 C 34
1 S 35
1 W 21 65
1 W 10 76
1 R 2
1 W 28 43
1 R 15
1 W 2 43
1 R 213
1 W 20 10
1 R 20
1 W 221 62
1 W 141 74
1 R 68
1 C 35
6 S 36
6 R 29
6 R 80
6 W 29 78
6 W 14 88
6 R 22
6 W 23 89
6 W 5 71
6 W 8 21
6 W 246 84
6 R 50
6 W 82 83
6 W 120 9
6 R 10
6 W 19 76
6 R 210
6 R 18
6 W 138 95
6 W 29 44
6 C 36
5 S 37
5 W 18 26
5 R 21
5 W 233 33
5 W 88 62
5 R 9
5 R 72
5 W 158 64
5 R 9
5 W 1 73
5 R 104
5 R 27
5 R 121
5 R 191
5 R 41
5 R 21
5 R 171
5 W 17 53
5 W 19 32
5 R 8
5 C 37
0 S 38
0 W 39 96
0 W 103 92
0 R 140
0 R 17
0 W 208 64
0 R 25
0 W 241 7
0 W 79 52
0 C 38
3 S 39
3 R 175
3 R 27
3 W 29 23
3 W 37 83
3 W 22 11
3 R 17
3 W 21 90
3 W 34 56
3 W 29 58
3 W 3 41
3 R 127
3 R 34
3 W 222 9
3 R 242
3 R 19
3 C 39
4 S 40
4 W 42 82
4 W 146 77
4 W 28 28
4 W 71 80
4 W 206 33
4 R 31
4 W 156 82
4 R 6
4 W 149 97
4 R 22
4 W 250 95
4 W 221 5
4 R 25
4 R 28
4 R 146
4 W 115 37
4 R 3
4 R 202
4 W 3 27
4 R 13
4 C 40
2 S 41
2 R 22
2 W 163 65
2 W 11 1
2 W 5 19
2 W 214 37
2 W 28 93
2 W 109 82
2 R 14
2 R 17
2 W 241 54
2 C 41
1 S 42
1 R 7
1 R 20
1 R 29
1 W 11 33
1 W 89 21
1 W 47 7
1 C 42
6 S 43
6 W 17 84
6 W 204 74
6 W 20 64
6 W 31 85
6 R 30
6 R 92
6 W 253 43
6 C 43
2 S 44
2 R 23
2 W 72 21
2 W 218 71
2 R 238
2 W 187 40
2 W 247 50
2 W 33 5
2 R 63
2 R 18
2 R 26
2 R 0
2 R 195
2 R 17
2 C 44
5 S 45
5 R 163
5 R 10
5 R 212
5 R 50
5 W 19 13
5 W 66 88
5 R 4
5 R 3
5 W 232 68
5 R 74
5 W 15 33
5 R 26
5 W 21 3
5 W 71 77
5 W 178 86
5 C 45
4 S 46
4 R 7
4 W 32 77
4 W 16 0
4 W 81 54
4 R 187
4 W 154 98
4 W 19 86
4 W 8 50
4 W 8 39
4 W 147 66
4 C 46
3 S 47
3 W 139 2
3 R 1
3 W 19 8
3 R 220
3 R 176
3 R 8
3 W 223 8
3 R 50
3 W 169 69
3 W 2 91
3 C 47
0 S 48
0 R 25
0 R 40
0 R 157
0 W 12 81
0 R 123
0 W 134 61
0 R 28
0 C 48
5 S 49
5 W 73 74
5 W 75 98
5 W 62 29
5 W 12 55
5 R 112
5 R 17
5 W 19 52
5 W 1 91
5 W 223 72
5 R 76
5 W 17 43
5 R 16
5 R 5
5 R 195
5 W 17 56
5 W 84 35
5 C 49
6 S 50
6 W 23 80
6 W 163 33
6 R 24
6 W 18 23
6 W 70 14
6 R 12
6 R 4
6 R 43
6 R 13
6 R 118
6 R 253
6 W 96 8
6 R 246
6 R 141
6 W 247 88
6 R 30
6 W 10 71
6 R 29
6 C 50
2 S 51
2 W 200 87
2 R 161
2 W 26 85
2 W 82 91
2 W 6 92
2 W 128 52
2 W 51 26
2 W 151 83
2 W 16 6
2 W 14 44
2 R 128
2 W 125 64
2 R 31
2 R 41
2 R 198
2 R 176
2 W 214 63
2 R 165
2 W 19 51
2 R 83
2 C 51
1 S 52
1 R 101
1 R 61
1 W 172 66
1 W 241 9
1 W 80 74
1 R 211
1 W 29 23
1 W 213 44
1 R 28
1 C 52
0 S 53
0 R 17
0 R 68
0 W 184 7
0 R 178
0 W 14 54
0 R 5
0 R 179
0 R 55
0 R 167
0 R 15
0 R 62
0 R 20
0 C 53
3 S 54
3 W 30 66
3 R 244
3 W 135 94
3 R 11
3 R 3
3 W 4 88
3 R 250
3 R 53
3 R 23
3 W 23 89
3 R 9
3 W 157 57
3 W 159 49
3 R 89
3 W 59 78
3 C 54
4 S 55
4 R 29
4 W 11 36
4 W 14 17
4 W 38 64
4 W 116 1
4 W 78 2
4 R 5
4 R 10
4 R 149
4 W 24 72
4 W 26 89
4 R 26
4 W 30 55
4 W 28 5
4 R 111
4 R 180
4 W 98 68
4 C 55
3 S 56
3 W 187 34
3 W 5 44
3 R 40
3 R 139
3 W 34 49
3 W 112 22
3 W 2 19
3 R 23
3 R 149
3 W 162 67
3 R 27
3 W 240 82
3 W 33 78
3 R 17
3 C 56
2 S 57
2 W 52 73
2 R 66
2 W 109 77
2 R 241
2 R 95
2 R 19
2 W 38 93
2 R 23
2 W 1 17
2 W 212 58
2 C 57
5 S 58
5 R 20
5 R 200
5 R 131
5 R 23
5 R 200
5 R 229
5 W 20 74
5 W 253 67
5 W 134 36
5 R 73
5 W 42 79
5 W 3 95
5 W 209 54
5 W 13 10
5 W 36 57
5 W 43 81
5 R 194
5 R 180
5 W 48 50
5 C 58
6 S 59
6 W 26 55
6 R 83
6 W 42 41
6 R 18
6 W 150 41
6 R 151
6 W 15 23
6 W 71 70
6 R 110
6 W 29 31
6 C 59
0 S 60
0 R 9
0 W 179 95
0 W 158 59
0 R 135
0 R 230
0 W 96 57
0 W 5 40
0 R 8
0 R 180
0 R 22
0 W 81 51
0 C 60
1 S 61
1 W 159 19
1 W 167 26
1 W 191 98
1 W 20 90
1 W 28 47
1 R 12
1 W 47 18
1 R 2
1 W 14 84
1 W 167 31
1 R 30
1 R 93
1 R 114
1 W 2 42
1 R 164
1 C 61
4 S 62
4 W 83 2
4 R 218
4 W 26 94
4 W 40 37
4 W 25 33
4 R 64
4 W 44 83
4 W 181 17
4 W 156 24
4 W 34 25
4 W 18 75
4 W 1 93
4 R 19
4 W 198 84
4 W 135 42
4 R 213
4 R 220
4 W 18 55
4 W 212 59
4 R 204
4 C 62
0 S 63
0 W 64 49
0 R 10
0 W 4 46
0 W 212 93
0 R 6
0 W 42 30
0 W 8 7
0 W 196 15
0 R 248
0 C 63
5 S 64
5 W 1 14
5 W 14 69
5 W 5 3
5 R 6
5 R 12
5 R 236
5 C 64
2 S 65
2 R 30
2 W 176 61
2 R 13
2 R 37
2 W 10 69
2 R 18
2 R 31
2 W 122 9
2 W 91 97
2 R 62
2 W 190 88
2 W 19 96
2 R 11
2 R 147
2 R 166
2 W 49 17
2 R 15
2 W 25 78
2 W 27 3
2 R 94
2 C 65
4 S 66
4 R 144
4 R 199
4 W 139 100
4 R 1
4 W 106 66
4 R 2
4 W 150 39
4 R 4
4 W 194 10
4 R 223
4 R 26
4 W 231 59
4 W 168 54
4 W 137 0
4 R 109
4 R 219
4 C 66
3 S 67
3 W 191 31
3 W 52 18
3 W 222 4
3 W 16 92
3 W 130 10
3 W 7 30
3 W 187 87
3 W 82 25
3 R 31
3 R 141
3 R 28
3 W 120 56
3 R 137
3 W 6 75
3 W 115 27
3 W 7 53
3 C 67
6 S 68
6 W 23 4
6 W 10 96
6 R 224
6 R 162
6 W 100 98
6 R 23
6 W 231 53
6 R 184
6 W 188 10
6 W 254 100
6 C 68
1 S 69
1 R 9
1 W 54 44
1 W 6 12
1 W 63 50
1 W 31 65
1 R 109
1 W 89 14
1 W 5 7
1 R 17
1 W 12 20
1 R 243
1 W 75 40
1 R 189
1 R 62
1 R 54
1 R 2
1 W 13 35
1 C 69
4 S 70
4 R 148
4 R 12
4 R 31
4 W 93 34
4 R 176
4 R 238
4 R 27
4 R 222
4 C 70
6 S 71
6 R 27
6 R 90
6 R 23
6 R 156
6 R 13
6 R 169
6 R 104
6 R 27
6 W 77 80
6 R 19
6 R 121
6 R 108
6 W 6 68
6 R 27
6 C 71
1 S 72
1 W 103 21
1 R 23
1 W 131 23
1 R 26
1 R 197
1 W 112 22
1 W 50 42
1 R 16
1 R 159
1 R 5
1 W 245 22
1 R 67
1 W 138 69
1 W 29 42
1 R 229
1 W 158 33
1 W 211 10
1 W 27 17
1 W 148 48
1 C 72
0 S 73
0 W 24 32
0 W 19 91
0 W 122 52
0 R 211
0 W 8 9
0 W 141 32
0 R 244
0 W 26 38
0 R 12
0 W 104 59
0 R 175
0 R 31
0 R 100
0 R 187
0 W 10 74
0 W 147 20
0 W 24 93
0 R 51
0 R 166
0 W 158 55
0 C 73
5 S 74
5 R 31
5 W 199 68
5 R 207
5 R 23
5 W 11 93
5 R 27
5 W 228 14
5 R 242
5 W 152 59
5 W 141 4
5 R 109
5 R 11
5 W 155 73
5 W 25 63
5 W 19 59
5 C 74
3 S 75
3 W 150 17
3 R 37
3 W 111 73
3 R 63
3 R 2
3 R 4
3 W 76 30
3 W 23 11
3 R 57
3 R 71
3 R 30
3 C 75
2 S 76
2 W 18 52
2 R 223
2 R 10
2 W 166 95
2 W 234 44
2 R 205
2 C 76
5 S 77
5 R 206
5 W 17 38
5 R 7
5 W 71 75
5 W 18 20
5 W 8 87
5 W 180 38
5 C 77
2 S 78
2 R 28
2 R 7
2 R 14
2 W 134 38
2 R 90
2 W 5 18
2 R 168
2 W 29 64
2 R 99
2 W 226 54
2 W 127 27
2 C 78
4 S 79
4 W 197 31
4 W 40 90
4 W 5 26
4 W 19 91
4 R 249
4 W 27 66
4 W 17 85
4 R 4
4 R 23
4 R 41
4 W 10 52
4 R 165
4 C 79
1 S 80
1 R 213
1 R 213
1 W 191 50
1 R 15
1 R 20
1 W 29 38
1 R 59
1 R 139
1 W 28 29
1 R 9
1 W 72 52
1 R 34
1 W 193 22
1 W 19 85
1 W 23 57
1 W 128 63
1 W 4 74
1 W 34 44
1 W 184 41
1 C 80
3 S 81
3 R 23
3 W 19 87
3 R 73
3 R 39
3 W 163 41
3 R 16
3 W 43 76
3 R 16
3 R 6
3 W 14 92
3 R 10
3 R 10
3 R 196
3 R 26
3 R 147
3 R 13
3 R 19
3 W 23 25
3 R 124
3 C 81
6 S 82
6 R 134
6 W 31 26
6 W 200 40
6 W 121 16
6 R 31
6 R 190
6 R 1
6 W 159 65
6 R 171
6 R 23
6 W 70 12
6 R 174
6 R 20
6 R 185
6 R 29
6 W 19 73
6 W 20 79
6 R 99
6 C 82
0 S 83
0 R 56
0 W 202 16
0 R 6
0 R 103
0 W 146 97
0 W 3 62
0 W 25 28
0 W 11 3
0 R 23
0 R 9
0 R 220
0 C 83
3 S 84
3 R 0
3 R 229
3 R 133
3 W 252 12
3 R 229
3 W 145 9
3 R 9
3 W 132 71
3 W 182 40
3 R 14
3 R 0
3 C 84
0 S 85
0 R 107
0 W 129 87
0 R 241
0 W 123 98
0 W 189 82
0 W 146 76
0 R 251
0 R 191
0 W 143 7
0 W 81 70
0 W 26 54
0 R 29
0 C 85
1 S 86
1 R 29
1 W 172 78
1 W 28 94
1 R 2
1 R 127
1 W 61 92
1 R 23
1 R 20
1 W 125 37
1 C 86
5 S 87
5 W 20 21
5 W 22 44
5 W 39 71
5 R 231
5 R 11
5 W 121 36
5 W 225 82
5 C 87
2 S 88
2 R 246
2 R 27
2 W 1 10
2 W 227 14
2 R 15
2 R 245
2 R 2
2 R 98
2 W 7 46
2 R 132
2 R 234
2 W 3 37
2 W 21 5
2 W 10 36
2 W 24 78
2 W 26 58
2 W 26 40
2 C 88
6 S 89
6 W 49 55
6 R 11
6 W 202 20
6 W 208 84
6 R 226
6 R 54
6 R 130
6 W 237 32
6 W 187 63
6 W 118 81
6 C 89
4 S 90
4 W 252 27
4 R 86
4 R 103
4 R 120
4 R 4
4 W 6 50
4 W 27 31
4 W 17 84
4 R 11
4 R 166
4 R 83
4 R 231
4 R 0
4 W 67 50
4 R 158
4 R 237
4 W 88 22
4 C 90
0 S 91
0 R 126
0 R 12
0 W 3 6
0 W 9 0
0 R 25
0 R 19
0 W 177 41
0 R 199
0 W 30 35
0 W 30 32
0 R 139
0 R 19
0 R 237
0 R 27
0 R 3
0 R 130
0 C 91
4 S 92
4 R 16
4 R 24
4 R 236
4 W 86 83
4 R 12
4 R 23
4 R 11
4 W 121 35
4 W 179 38
4 W 243 61
4 R 8
4 R 198
4 W 15 84
4 C 92
5 S 93
5 R 20
5 R 210
5 W 15 76
5 W 84 83
5 W 246 23
5 R 1
5 R 62
5 W 223 5
5 R 17
5 R 10
5 R 4
5 R 4
5 W 79 60
5 W 202 95
5 R 14
5 C 93
6 S 94
6 W 122 87
6 W 68 53
6 W 45 25
6 W 31 36
6 W 46 65
6 R 91
6 R 84
6 C 94
2 S 95
2 W 164 82
2 R 203
2 R 196
2 W 97 53
2 W 210 12
2 R 41
2 R 11
2 W 22 27
2 R 15
2 W 0 78
2 W 31 90
2 R 36
2 R 78
2 C 95
3 S 96
3 W 103 20
3 W 168 44
3 W 54 95
3 W 241 90
3 R 221
3 W 41 64
3 W 26 17
3 R 123
3 R 35
3 W 42 56
3 W 226 82
3 W 3 7
3 C 96
1 S 97
1 R 242
1 R 20
1 W 13 83
1 W 70 56
1 W 9 50
1 R 11
1 R 28
1 W 13 62
1 C 97
1 S 98
1 W 0 75
1 W 40 33
1 R 19
1 R 22
1 W 4 93
1 R 207
1 C 98
3 S 99
3 R 255
3 R 121
3 W 109 13
3 R 75
3 W 129 31
3 W 199 46
3 R 14
3 R 226
3 R 171
3 W 16 45
3 R 175
3 R 3
3 C 99
4 S 100
4 W 233 84
4 R 3
4 R 5
4 W 8 89
4 W 192 47
4 W 25 29
4 W 231 17
4 C 100
0 S 101
0 R 250
0 R 11
0 R 131
0 R 48
0 R 178
0 W 91 30
0 W 86 39
0 W 188 85
0 R 23
0 R 6
0 R 242
0 R 13
0 C 101
5 S 102
5 W 20 48
5 W 16 50
5 R 224
5 W 191 100
5 W 39 68
5 W 18 77
5 R 249
5 R 145
5 W 39 61
5 W 52 72
5 R 30
5 R 208
5 C 102
2 S 103
2 W 159 23
2 W 81 92
2 R 190
2 W 247 77
2 W 189 73
2 W 20 44
2 R 236
2 W 132 62
2 W 31 97
2 R 9
2 R 75
2 W 135 92
2 R 11
2 R 203
2 C 103
6 S 104
6 R 5
6 W 112 50
6 W 247 59
6 W 3 96
6 R 252
6 W 63 47
6 W 30 74
6 R 232
6 W 158 33
6 R 18
6 R 13
6 W 173 42
6 W 86 67
6 W 137 1
6 W 35 11
6 W 182 45
6 W 5 62
6 C 104
0 S 105
0 R 15
0 W 26 61
0 W 76 0
0 R 146
0 R 25
0 W 75 33
0 W 102 87
0 R 208
0 R 16
0 R 65
0 R 196
0 R 4
0 W 19 29
0 R 249
0 R 22
0 C 105
5 S 106
5 W 51 76
5 W 177 96
5 R 64
5 R 85
5 W 31 45
5 R 9
5 W 66 71
5 R 25
5 R 2
5 R 154
5 R 80
5 W 10 65
5 R 6
5 C 106
3 S 107
3 R 163
3 W 12 82
3 R 76
3 R 22
3 R 241
3 R 9
3 W 30 22
3 R 27
3 W 183 84
3 R 101
3 W 214 42
3 R 173
3 C 107
6 S 108
6 R 28
6 R 79
6 R 152
6 W 172 42
6 R 3
6 W 21 71
6 R 9
6 R 1
6 R 1
6 R 12
6 W 30 86
6 R 59
6 W 12 4
6 C 108
4 S 109
4 W 3 17
4 W 60 43
4 R 76
4 W 66 67
4 W 24 10
4 R 19
4 W 19 83
4 R 25
4 W 12 82
4 R 1
4 R 222
4 R 13
4 W 14 93
4 W 60 76
4 W 8 43
4 R 193
4 R 23
4 C 109
1 S 110
1 W 14 66
1 W 225 26
1 W 30 12
1 W 68 21
1 R 185
1 W 184 98
1 R 91
1 R 101
1 R 158
1 W 14 62
1 R 192
1 R 2
1 W 17 79
1 R 187
1 W 5 49
1 W 159 71
1 W 75 84
1 R 21
1 R 144
1 C 110
2 S 111
2 W 11 4
2 R 11
2 W 120 36
2 W 8 51
2 W 26 10
2 R 7
2 R 26
2 R 18
2 R 80
2 R 182
2 R 244
2 R 184
2 C 111
1 S 112
1 W 7 85
1 W 162 53
1 R 169
1 W 16 89
1 R 67
1 W 16 72
1 W 4 8
1 W 36 30
1 W 20 32
1 W 10 84
1 R 89
1 R 32
1 W 114 87
1 W 3 98
1 R 157
1 R 104
1 C 112
2 S 113
2 W 30 38
2 W 53 92
2 R 25
2 W 36 12
2 R 83
2 R 13
2 W 76 67
2 W 43 71
2 W 22 14
2 R 2
2 R 9
2 R 176
2 W 77 93
2 W 28 75
2 R 26
2 C 113
5 S 114
5 W 10 47
5 W 16 3
5 W 138 32
5 R 188
5 R 138
5 R 250
5 W 18 53
5 C 114
3 S 115
3 W 32 88
3 R 245
3 R 16
3 R 1
3 R 58
3 W 154 0
3 W 118 59
3 C 115
4 S 116
4 W 26 45
4 R 88
4 R 17
4 W 23 74
4 R 63
4 R 21
4 R 1
4 W 5 68
4 R 108
4 R 3
4 R 156
4 R 11
4 R 89
4 R 253
4 R 156
4 R 16
4 R 0
4 R 5
4 R 8
4 W 40 72
4 C 116
0 S 117
0 R 23
0 R 24
0 W 18 66
0 W 20 26
0 R 17
0 W 9 44
0 W 83 67
0 W 222 3
0 R 152
0 R 67
0 W 34 30
0 W 53 78
0 C 117
6 S 118
6 W 136 59
6 W 4 74
6 R 29
6 R 0
6 R 215
6 W 94 44
6 W 24 81
6 W 200 35
6 C 118
6 S 119
6 R 20
6 W 154 4
6 W 234 21
6 W 11 95
6 R 225
6 R 5
6 R 72
6 W 187 6
6 W 249 78
6 R 105
6 R 30
6 C 119
2 S 120
2 W 17 64
2 W 172 40
2 R 231
2 W 92 70
2 R 5
2 R 218
2 R 28
2 R 23
2 R 1
2 R 107
2 W 14 26
2 R 74
2 W 227 57
2 R 23
2 W 241 59
2 R 48
2 C 120
5 S 121
5 R 5
5 W 146 7
5 R 8
5 R 199
5 R 136
5 R 1
5 C 121
4 S 122
4 W 131 67
4 R 81
4 R 10
4 R 204
4 W 162 72
4 R 7
4 W 22 62
4 R 16
4 R 15
4 W 22 42
4 W 137 24
4 R 137
4 W 0 97
4 R 44
4 W 4 98
4 R 31
4 C 122
1 S 123
1 R 19
1 W 63 78
1 W 192 80
1 R 89
1 W 15 85
1 W 180 60
1 W 91 68
1 W 15 23
1 R 22
1 R 249
1 R 210
1 R 141
1 W 21 1
1 W 105 47
1 C 123
0 S 124
0 R 135
0 W 167 44
0 W 0 76
0 R 65
0 W 95 3
0 W 150 17
0 W 31 5
0 W 102 69
0 W 16 76
0 W 180 11
0 R 43
0 R 22
0 W 119 92
0 R 14
0 R 21
0 W 62 61
0 R 6
0 W 195 26
0 R 125
0 R 18
0 C 124
3 S 125
3 W 185 9
3 W 14 73
3 W 62 64
3 R 180
3 W 59 85
3 R 8
3 R 56
3 R 17
3 R 140
3 R 4
3 R 183
3 W 242 53
3 R 193
3 W 52 9
3 R 0
3 R 251
3 R 15
3 W 85 79
3 R 11
3 C 125
2 S 126
2 R 98
2 W 25 22
2 R 22
2 W 82 71
2 R 26
2 W 50 2
2 R 185
2 W 12 29
2 R 29
2 W 1 11
2 W 197 92
2 R 31
2 R 144
2 R 82
2 R 17
2 W 50 93
2 C 126
6 S 127
6 W 18 60
6 R 184
6 R 8
6 R 169
6 R 45
6 W 0 24
6 R 33
6 R 26
6 R 183
6 W 26 97
6 W 7 53
6 R 15
6 W 51 56
6 R 158
6 W 11 41
6 W 116 88
6 R 5
6 C 127
4 S 128
4 W 80 91
4 R 177
4 R 167
4 R 240
4 R 100
4 R 215
4 R 62
4 C 128
5 S 129
5 R 58
5 W 4 6
5 W 99 66
5 W 72 29
5 W 175 79
5 R 25
5 R 136
5 W 218 51
5 W 10 36
5 R 132
5 W 5 32
5 C 129
0 S 130
0 W 23 58
0 R 2
0 W 11 85
0 W 158 31
0 W 191 64
0 W 203 42
0 R 54
0 R 17
0 W 24 93
0 R 161
0 R 69
0 W 51 2
0 C 130
3 S 131
3 R 15
3 R 20
3 R 14
3 R 127
3 R 184
3 W 17 53
3 R 15
3 W 234 93
3 W 203 71
3 R 151
3 R 14
3 W 39 19
3 R 71
3 W 16 45
3 R 244
3 W 58 67
3 R 36
3 W 20 37
3 C 131
1 S 132
1 W 213 28
1 W 243 100
1 R 12
1 W 159 15
1 W 243 54
1 R 27
1 R 29
1 R 10
1 R 8
1 R 12
1 W 242 22
1 R 130
1 W 13 59
1 W 28 4
1 W 149 47
1 C 132
0 S 133
0 R 81
0 W 98 0
0 R 106
0 W 148 100
0 W 190 48
0 W 7 11
0 W 31 77
0 R 173
0 C 133
6 S 134
6 W 34 39
6 W 141 53
6 R 37
6 R 170
6 R 36
6 R 22
6 W 212 53
6 W 7 7
6 W 23 79
6 W 27 61
6 W 26 78
6 C 134
4 S 135
4 W 233 60
4 W 140 50
4 R 204
4 R 1
4 W 241 35
4 R 21
4 W 68 83
4 R 54
4 R 112
4 R 80
4 C 135
5 S 136
5 R 37
5 W 118 84
5 R 15
5 W 246 20
5 R 19
5 W 17 21
5 W 3 35
5 W 29 78
5 C 136
3 S 137
3 R 86
3 W 15 13
3 R 23
3 R 220
3 W 17 97
3 R 172
3 R 14
3 W 0 15
3 W 18 65
3 W 188 14
3 R 0
3 W 28 37
3 W 15 96
3 W 47 54
3 W 55 42
3 W 48 61
3 W 199 80
3 R 29
3 W 169 81
3 W 114 55
3 C 137
2 S 138
2 R 236
2 R 29
2 R 231
2 R 129
2 W 170 72
2 R 48
2 W 28 2
2 R 13
2 R 146
2 R 23
2 R 254
2 R 160
2 W 29 53
2 W 20 74
2 R 23
2 R 6
2 R 169
2 W 253 14
2 C 138
1 S 139
1 R 13
1 R 40
1 W 197 84
1 R 24
1 W 82 98
1 W 23 68
1 W 24 54
1 R 14
1 R 16
1 W 3 99
1 W 140 23
1 W 26 1
1 W 134 28
1 R 14
1 R 222
1 W 83 81
1 R 129
1 W 180 40
1 W 42 3
1 C 139
6 S 140
6 W 219 78
6 R 254
6 W 195 61
6 R 42
6 R 7
6 W 226 40
6 R 60
6 W 3 72
6 R 54
6 R 5
6 R 103
6 R 30
6 W 108 81
6 R 0
6 R 242
6 R 123
6 R 166
6 W 168 90
6 C 140
2 S 141
2 R 20
2 W 230 50
2 R 188
2 W 13 20
2 R 240
2 R 211
2 W 48 40
2 R 27
2 W 21 100
2 R 158
2 R 100
2 W 170 56
2 W 96 38
2 W 7 82
2 R 235
2 R 24
2 C 141
4 S 142
4 R 225
4 W 152 62
4 R 148
4 W 158 38
4 R 15
4 W 55 53
4 W 115 44
4 R 152
4 R 145
4 W 47 35
4 R 30
4 W 22 67
4 R 48
4 R 49
4 C 142
1 S 143
1 W 11 26
1 R 38
1 R 31
1 W 149 9
1 R 153
1 R 53
1 W 226 76
1 W 23 21
1 W 9 56
1 C 143
3 S 144
3 R 20
3 R 29
3 W 219 24
3 W 164 81
3 R 179
3 W 1 7
3 R 21
3 R 211
3 C 144
0 S 145
0 W 31 68
0 R 18
0 R 161
0 W 231 11
0 W 187 59
0 W 127 14
0 W 199 3
0 W 80 4
0 W 239 91
0 R 218
0 W 8 51
0 R 8
0 R 21
0 W 14 37
0 R 74
0 R 26
0 R 23
0 W 24 23
0 R 114
0 C 145
5 S 146
5 R 0
5 W 22 66
5 R 189
5 W 85 46
5 W 92 55
5 R 37
5 W 12 84
5 C 146
4 S 147
4 W 1 25
4 W 48 67
4 R 251
4 W 190 81
4 W 27 20
4 R 39
4 W 37 71
4 R 74
4 W 124 88
4 W 31 44
4 W 26 100
4 R 111
4 W 135 42
4 R 242
4 W 69 63
4 C 147
0 S 148
0 R 21
0 W 0 72
0 R 2
0 R 141
0 W 207 78
0 W 31 36
0 W 213 54
0 W 169 85
0 R 167
0 W 30 59
0 C 148
5 S 149
5 R 249
5 W 177 24
5 W 69 12
5 R 156
5 W 38 81
5 W 3 93
5 W 31 14
5 W 25 63
5 R 15
5 R 179
5 R 250
5 R 147
5 R 3
5 R 2
5 R 168
5 W 76 86
5 R 16
5 W 132 90
5 R 46
5 C 149
3 S 150
3 W 50 41
3 W 210 26
3 W 16 71
3 W 107 70
3 W 8 72
3 R 6
3 R 135
3 W 126 82
3 R 9
3 W 1 47
3 W 162 14
3 R 242
3 R 216
3 R 22
3 W 13 92
3 W 63 12
3 R 141
3 C 150
2 S 151
2 W 148 34
2 W 135 23
2 W 17 34
2 W 5 41
2 R 17
2 W 147 89
2 R 11
2 R 3
2 W 32 63
2 R 25
2 R 2
2 C 151
1 S 152
1 R 2
1 W 103 69
1 W 28 0
1 W 154 79
1 R 177
1 W 21 16
1 W 4 20
1 W 9 64
1 W 1 22
1 R 28
1 W 2 98
1 W 21 30
1 C 152
6 S 153
6 W 114 27
6 R 32
6 W 218 42
6 W 3 28
6 W 233 20
6 R 83
6 W 169 66
6 W 1 33
6 R 9
6 W 245 10
6 R 137
6 W 210 2
6 R 255
6 W 29 41
6 W 20 3
6 R 50
6 R 11
6 R 30
6 W 56 4
6 W 25 74
6 C 153
2 S 154
2 R 61
2 W 119 78
2 R 42
2 R 16
2 W 17 75
2 R 183
2 W 27 42
2 R 30
2 W 41 48
2 C 154
3 S 155
3 W 88 29
3 R 24
3 R 239
3 W 187 63
3 W 7 54
3 R 7
3 C 155
4 S 156
4 W 87 61
4 W 4 21
4 W 153 94
4 W 1 52
4 W 3 42
4 R 118
4 R 53
4 R 15
4 R 237
4 R 187
4 W 110 2
4 W 0 14
4 W 233 41
4 R 186
4 C 156
1 S 157
1 R 130
1 R 11
1 W 243 83
1 R 90
1 W 70 21
1 W 158 56
1 W 24 99
1 C 157
0 S 158
0 R 19
0 W 82 61
0 W 20 17
0 W 20 95
0 W 187 42
0 R 36
0 R 30
0 C 158
6 S 159
6 R 61
6 W 202 55
6 W 90 37
6 R 73
6 R 121
6 W 116 98
6 C 159
5 S 160
5 W 28 24
5 W 24 33
5 W 214 10
5 W 119 73
5 W 9 77
5 W 25 79
5 W 4 15
5 W 62 79
5 R 22
5 R 43
5 W 220 78
5 W 109 97
5 W 4 84
5 R 22
5 C 160
5 S 161
5 R 44
5 W 74 32
5 W 13 42
5 R 69
5 R 213
5 W 201 95
5 W 17 81
5 W 25 55
5 W 50 38
5 W 88 61
5 W 49 88
5 W 161 6
5 C 161
3 S 162
3 W 103 89
3 W 5 71
3 R 29
3 W 66 10
3 R 68
3 R 14
3 R 4
3 R 32
3 W 19 77
3 W 19 28
3 W 14 40
3 R 28
3 C 162
0 S 163
0 W 93 52
0 R 27
0 W 7 2
0 W 43 93
0 W 232 69
0 R 193
0 R 152
0 W 114 25
0 W 5 60
0 R 20
0 W 8 81
0 W 10 89
0 R 17
0 W 10 61
0 W 147 62
0 R 33
0 C 163
2 S 164
2 W 22 22
2 R 69
2 R 2
2 W 163 69
2 R 169
2 W 25 52
2 W 16 7
2 W 89 93
2 W 12 15
2 W 70 38
2 R 21
2 W 14 55
2 W 132 38
2 W 154 30
2 C 164
1 S 165
1 R 28
1 R 57
1 W 9 12
1 W 197 93
1 R 203
1 W 14 95
1 W 230 11
1 R 13
1 W 37 72
1 W 30 76
1 W 254 11
1 W 220 71
1 R 4
1 R 192
1 W 82 21
1 R 169
1 W 23 36
1 R 28
1 W 4 78
1 R 8
1 C 165
6 S 166
6 W 196 47
6 W 3 96
6 R 9
6 W 191 45
6 R 66
6 W 15 29
6 C 166
4 S 167
4 W 3 63
4 W 218 55
4 R 23
4 R 19
4 W 18 99
4 R 171
4 W 168 95
4 R 30
4 R 8
4 R 217
4 C 167
0 S 168
0 R 29
0 W 31 17
0 W 27 39
0 R 25
0 R 243
0 R 7
0 R 3
0 W 28 63
0 W 17 79
0 W 2 25
0 W 174 29
0 R 150
0 R 8
0 W 17 57
0 W 141 85
0 W 17 5
0 W 52 39
0 C 168
5 S 169
5 W 162 12
5 R 1
5 W 49 9
5 W 76 91
5 R 26
5 R 15
5 R 18
5 W 11 7
5 R 119
5 W 131 22
5 R 163
5 W 9 35
5 R 195
5 R 167
5 R 111
5 R 13
5 C 169
1 S 170
1 R 100
1 W 165 98
1 W 239 94
1 W 6 93
1 W 0 80
1 R 60
1 R 23
1 R 9
1 R 34
1 R 29
1 W 26 98
1 R 24
1 R 18
1 W 0 2
1 W 183 21
1 W 29 59
1 R 21
1 W 221 38
1 C 170
6 S 171
6 R 16
6 W 115 77
6 W 27 77
6 R 182
6 R 93
6 R 28
6 W 151 29
6 W 109 6
6 C 171
3 S 172
3 W 29 48
3 R 49
3 W 0 29
3 W 214 42
3 R 117
3 W 152 87
3 R 119
3 R 23
3 R 222
3 W 166 97
3 R 61
3 W 9 42
3 R 14
3 W 12 78
3 R 31
3 W 80 69
3 R 13
3 R 1
3 R 5
3 R 11
3 C 172
4 S 173
4 R 239
4 W 1 58
4 W 170 87
4 R 190
4 W 11 23
4 R 5
4 R 58
4 R 195
4 W 12 2
4 R 74
4 W 168 61
4 W 184 6
4 R 53
4 C 173
2 S 174
2 W 1 24
2 R 185
2 W 107 48
2 W 29 99
2 R 148
2 W 43 84
2 R 215
2 W 61 69
2 W 51 18
2 R 14
2 R 21
2 R 195
2 W 11 38
2 C 174
6 S 175
6 R 8
6 W 238 25
6 W 251 55
6 R 115
6 R 212
6 W 214 30
6 W 234 48
6 R 139
6 C 175
5 S 176
5 W 188 47
5 W 58 54
5 R 251
5 R 28
5 R 147
5 R 20
5 W 7 65
5 W 215 64
5 R 41
5 W 12 77
5 R 27
5 W 26 69
5 W 114 91
5 R 190
5 W 10 16
5 W 36 82
5 W 155 60
5 W 221 21
5 C 176
2 S 177
2 R 4
2 W 25 59
2 R 13
2 W 9 20
2 R 142
2 W 19 83
2 R 195
2 W 76 14
2 R 49
2 W 247 28
2 C 177
1 S 178
1 R 20
1 R 204
1 R 85
1 R 50
1 R 29
1 W 224 83
1 W 19 27
1 R 27
1 W 136 44
1 R 23
1 R 5
1 W 223 17
1 W 4 57
1 R 208
1 R 182
1 R 3
1 W 160 57
1 C 178
0 S 179
0 W 132 21
0 W 28 96
0 W 198 85
0 W 96 15
0 W 8 50
0 R 100
0 C 179
3 S 180
3 W 11 74
3 W 130 86
3 W 7 47
3 W 14 12
3 W 171 48
3 R 142
3 W 172 11
3 R 1
3 W 196 64
3 C 180
4 S 181
4 W 150 83
4 R 88
4 R 141
4 R 190
4 W 5 22
4 R 88
4 R 63
4 W 209 79
4 R 123
4 R 5
4 R 200
4 W 170 25
4 R 0
4 W 147 35
4 C 181
3 S 182
3 R 233
3 W 234 45
3 W 91 90
3 R 29
3 R 72
3 R 77
3 R 16
3 R 113
3 R 29
3 R 24
3 R 169
3 R 16
3 W 151 76
3 C 182
1 S 183
1 W 221 93
1 R 3
1 W 18 70
1 W 243 70
1 R 180
1 W 128 16
1 W 212 62
1 R 99
1 W 178 58
1 W 74 30
1 W 209 88
1 R 8
1 R 16
1 W 25 10
1 R 246
1 R 7
1 W 115 61
1 W 24 89
1 C 183
5 S 184
5 W 164 41
5 W 11 34
5 W 43 67
5 W 116 72
5 R 214
5 R 26
5 R 16
5 R 118
5 R 60
5 R 118
5 W 19 46
5 R 76
5 R 7
5 W 217 4
5 W 7 55
5 W 129 94
5 C 184
6 S 185
6 R 2
6 W 18 69
6 W 52 23
6 W 52 60
6 R 71
6 R 4
6 W 118 6
6 W 17 3
6 R 1
6 R 5
6 R 65
6 W 15 75
6 W 117 57
6 R 193
6 W 56 81
6 R 191
6 W 129 96
6 C 185
4 S 186
4 W 5 65
4 R 186
4 R 26
4 W 3 86
4 W 3 38
4 R 1
4 W 172 32
4 R 4
4 R 252
4 R 19
4 R 111
4 W 129 41
4 R 14
4 R 227
4 W 156 53
4 W 152 10
4 R 94
4 W 16 34
4 R 28
4 R 125
4 C 186
2 S 187
2 R 4
2 W 4 70
2 W 23 31
2 W 20 46
2 W 33 62
2 W 64 75
2 W 1 0
2 R 70
2 W 6 94
2 W 17 72
2 C 187
0 S 188
0 W 175 46
0 R 171
0 R 157
0 W 131 80
0 W 60 75
0 R 21
0 R 13
0 R 175
0 W 28 97
0 R 18
0 R 252
0 R 157
0 W 26 95
0 R 135
0 R 0
0 W 25 19
0 R 5
0 W 15 84
0 W 190 74
0 C 188
0 S 189
0 R 151
0 W 89 88
0 R 72
0 W 220 26
0 R 211
0 R 21
0 W 26 99
0 W 157 85
0 C 189
1 S 190
1 W 20 73
1 W 11 6
1 W 24 87
1 W 0 83
1 R 29
1 W 18 77
1 R 130
1 R 16
1 R 23
1 W 6 99
1 C 190
4 S 191
4 W 41 75
4 W 247 58
4 W 47 73
4 W 150 24
4 R 150
4 R 89
4 R 15
4 R 136
4 W 196 90
4 W 22 55
4 R 163
4 R 4
4 W 30 86
4 R 56
4 R 41
4 W 194 28
4 R 181
4 W 42 77
4 C 191
2 S 192
2 W 86 87
2 W 118 12
2 R 17
2 R 74
2 R 150
2 W 8 51
2 W 89 40
2 W 5 15
2 R 19
2 W 225 18
2 W 17 49
2 W 16 62
2 R 81
2 R 103
2 R 143
2 R 27
2 R 178
2 C 192
3 S 193
3 R 1
3 R 5
3 W 148 79
3 W 25 99
3 W 94 8
3 W 55 51
3 W 145 66
3 R 41
3 R 42
3 C 193
5 S 194
5 R 36
5 R 186
5 W 47 67
5 W 28 49
5 R 12
5 W 135 64
5 R 200
5 R 50
5 W 12 70
5 R 181
5 W 118 47
5 R 236
5 W 11 47
5 C 194
6 S 195
6 R 88
6 R 21
6 R 28
6 W 165 84
6 W 0 23
6 R 4
6 R 251
6 R 29
6 W 244 56
6 R 223
6 R 19
6 W 11 34
6 W 35 12
6 W 2 4
6 R 14
6 C 195
4 S 196
4 R 25
4 W 231 61
4 R 40
4 W 243 48
4 R 27
4 R 40
4 W 11 4
4 R 239
4 W 122 0
4 W 3 91
4 W 125 10
4 W 109 43
4 R 41
4 W 176 29
4 R 224
4 W 49 91
4 R 9
4 W 223 92
4 C 196
6 S 197
6 R 249
6 W 105 33
6 R 8
6 R 7
6 W 7 29
6 W 93 58
6 R 57
6 W 189 94
6 R 21
6 W 33 28
6 W 42 68
6 W 3 53
6 W 72 32
6 R 11
6 C 197
1 S 198
1 R 158
1 W 14 14
1 W 34 56
1 W 14 90
1 W 0 75
1 R 23
1 W 173 73
1 W 226 76
1 R 169
1 W 48 3
1 R 13
1 W 69 13
1 C 198
2 S 199
2 W 6 66
2 W 230 92
2 R 26
2 W 219 27
2 W 17 82
2 R 24
2 W 71 30
2 R 31
2 W 15 55
2 W 12 49
2 W 218 72
2 R 141
2 R 39
2 R 151
2 R 30
2 R 41
2 C 199
3 S 200
3 W 218 51
3 R 143
3 W 18 41
3 R 144
3 W 115 9
3 R 18
3 R 53
3 W 236 35
3 W 11 41
3 R 5
3 W 20 32
3 W 60 33
3 R 4
3 W 188 100
3 R 250
3 R 20
3 W 19 92
3 W 51 34
3 C 200
0 S 201
0 R 2
0 R 28
0 W 235 61
0 W 98 20
0 W 118 29
0 W 44 44
0 W 2 98
0 R 88
0 W 59 79
0 W 29 44
0 W 25 12
0 C 201
5 S 202
5 R 154
5 R 9
5 R 205
5 R 13
5 R 188
5 W 211 80
5 R 28
5 W 14 80
5 R 172
5 R 31
5 W 117 66
5 R 3
5 R 68
5 W 12 83
5 R 27
5 W 10 35
5 C 202
5 S 203
5 R 139
5 W 253 77
5 R 95
5 W 115 91
5 R 8
5 W 13 80
5 W 20 80
5 R 157
5 C 203
3 S 204
3 R 106
3 R 236
3 W 29 52
3 W 13 90
3 R 42
3 W 212 80
3 W 31 7
3 R 241
3 W 121 13
3 W 27 68
3 R 251
3 W 118 15
3 C 204
4 S 205
4 R 52
4 W 37 5
4 R 3
4 R 68
4 W 6 67
4 W 5 13
4 W 29 1
4 W 1 59
4 W 26 47
4 W 145 55
4 R 252
4 R 3
4 W 215 96
4 W 153 5
4 R 124
4 R 16
4 R 27
4 R 14
4 R 197
4 R 148
4 C 205
6 S 206
6 W 116 90
6 W 19 96
6 W 13 71
6 R 169
6 R 105
6 R 109
6 R 9
6 W 14 79
6 W 186 22
6 W 12 72
6 R 210
6 W 22 19
6 R 22
6 W 180 45
6 C 206
2 S 207
2 R 179
2 W 0 49
2 W 102 77
2 W 17 81
2 R 29
2 W 213 23
2 W 23 58
2 R 10
2 W 202 65
2 W 9 12
2 W 10 86
2 W 224 44
2 R 11
2 R 31
2 W 19 15
2 R 2
2 W 38 81
2 W 178 9
2 C 207
0 S 208
0 W 41 33
0 W 46 95
0 R 237
0 R 4
0 W 201 45
0 W 52 32
0 W 26 98
0 C 208
1 S 209
1 R 25
1 W 254 23
1 R 176
1 R 108
1 R 25
1 W 10 14
1 W 128 11
1 C 209
6 S 210
6 W 163 99
6 W 245 91
6 R 67
6 W 16 44
6 W 132 65
6 R 101
6 R 134
6 W 150 49
6 W 20 48
6 R 154
6 W 130 45
6 R 198
6 R 169
6 W 138 73
6 W 184 3
6 C 210
1 S 211
1 R 57
1 W 157 23
1 W 221 12
1 R 2
1 W 192 36
1 W 30 25
1 R 184
1 R 206
1 W 224 59
1 R 17
1 W 59 61
1 R 231
1 C 211
3 S 212
3 R 13
3 W 4 18
3 R 18
3 R 218
3 W 125 41
3 R 56
3 W 103 8
3 R 3
3 W 139 85
3 C 212
4 S 213
4 W 116 58
4 R 104
4 W 1 54
4 R 185
4 W 24 54
4 R 165
4 W 149 57
4 R 20
4 W 28 87
4 W 153 31
4 C 213
5 S 214
5 R 120
5 W 179 23
5 R 0
5 R 92
5 W 79 34
5 W 143 56
5 W 101 20
5 R 108
5 W 60 57
5 W 57 4
5 R 198
5 W 72 28
5 W 196 44
5 R 15
5 W 236 86
5 C 214
0 S 215
0 W 247 45
0 W 9 28
0 R 151
0 W 128 0
0 W 25 74
0 R 0
0 R 21
0 W 8 57
0 W 16 93
0 R 81
0 C 215
2 S 216
2 R 214
2 R 2
2 R 16
2 R 218
2 W 248 93
2 W 96 97
2 R 16
2 C 216
2 S 217
2 W 190 72
2 R 52
2 W 61 81
2 W 26 67
2 W 255 63
2 R 159
2 W 100 40
2 W 208 32
2 R 3
2 W 98 7
2 W 213 36
2 R 15
2 W 1 23
2 R 19
2 R 4
2 R 26
2 C 217
4 S 218
4 R 28
4 W 12 19
4 R 140
4 R 9
4 R 24
4 R 227
4 W 10 30
4 C 218
3 S 219
3 W 27 17
3 W 182 14
3 W 244 74
3 R 19
3 R 28
3 W 82 7
3 R 250
3 W 69 65
3 W 134 97
3 R 103
3 W 17 20
3 W 99 17
3 R 143
3 R 77
3 W 15 38
3 W 59 40
3 R 33
3 R 109
3 R 20
3 C 219
5 S 220
5 W 87 0
5 R 198
5 R 93
5 W 133 29
5 R 4
5 W 166 69
5 R 107
5 W 112 12
5 R 57
5 W 8 32
5 W 6 82
5 W 227 60
5 R 49
5 R 190
5 R 38
5 R 198
5 W 98 70
5 C 220
6 S 221
6 R 205
6 R 15
6 R 22
6 W 22 94
6 W 148 79
6 W 237 32
6 C 221
0 S 222
0 W 192 86
0 W 51 32
0 W 252 53
0 R 20
0 W 199 48
0 W 35 92
0 R 89
0 W 60 60
0 C 222
1 S 223
1 W 21 64
1 R 206
1 R 25
1 R 211
1 W 55 86
1 R 160
1 R 97
1 W 215 2
1 R 100
1 W 16 95
1 W 25 5
1 C 223
3 S 224
3 W 230 23
3 R 68
3 R 184
3 W 18 80
3 R 29
3 W 20 84
3 W 7 98
3 W 191 35
3 R 68
3 W 6 99
3 C 224
4 S 225
4 W 11 37
4 W 81 24
4 W 4 35
4 R 62
4 W 0 74
4 W 27 94
4 W 16 98
4 W 109 11
4 W 96 80
4 R 8
4 R 27
4 R 101
4 R 122
4 R 131
4 W 85 25
4 W 181 17
4 R 148
4 W 18 57
4 W 0 54
4 C 225
1 S 226
1 R 1
1 R 228
1 R 211
1 R 31
1 W 28 2
1 W 113 96
1 R 250
1 W 9 60
1 R 3
1 R 4
1 R 188
1 W 144 83
1 R 39
1 W 3 95
1 R 110
1 W 184 4
1 W 255 8
1 C 226
2 S 227
2 W 20 97
2 R 15
2 W 10 95
2 W 190 9
2 R 59
2 W 4 13
2 R 151
2 R 100
2 R 30
2 R 20
2 R 7
2 W 20 15
2 R 89
2 W 45 74
2 R 31
2 R 187
2 W 187 48
2 R 13
2 C 227
6 S 228
6 W 3 5
6 R 156
6 W 13 8
6 R 30
6 R 253
6 W 212 58
6 W 14 55
6 R 160
6 C 228
5 S 229
5 W 31 63
5 R 78
5 W 215 69
5 R 1
5 W 7 90
5 W 31 50
5 R 251
5 W 4 84
5 R 71
5 W 2 84
5 W 85 84
5 W 16 21
5 W 169 69
5 R 181
5 W 223 0
5 R 254
5 R 19
5 W 202 27
5 W 20 37
5 R 25
5 C 229
0 S 230
0 W 10 74
0 W 224 17
0 R 108
0 W 200 9
0 R 18
0 W 12 9
0 C 230
5 S 231
5 R 86
5 W 87 6
5 R 157
5 W 2 74
5 R 172
5 R 120
5 R 210
5 C 231
1 S 232
1 W 98 40
1 R 68
1 W 55 62
1 R 26
1 W 62 81
1 R 208
1 R 186
1 W 42 23
1 R 125
1 W 195 48
1 W 12 11
1 R 247
1 R 8
1 W 22 11
1 R 11
1 W 135 53
1 W 140 60
1 C 232
3 S 233
3 W 236 24
3 R 208
3 W 158 91
3 W 200 46
3 R 2
3 R 9
3 C 233
4 S 234
4 R 177
4 W 17 14
4 R 7
4 W 25 69
4 R 230
4 R 37
4 W 5 55
4 R 13
4 W 164 82
4 W 120 16
4 W 41 15
4 W 88 9
4 W 245 68
4 C 234
0 S 235
0 W 112 92
0 W 73 24
0 W 31 28
0 W 196 95
0 W 170 23
0 R 24
0 W 19 62
0 R 23
0 W 23 56
0 R 39
0 R 3
0 W 2 29
0 R 13
0 R 129
0 C 235
6 S 236
6 R 13
6 W 30 97
6 R 27
6 R 11
6 R 49
6 R 14
6 W 232 84
6 W 22 8
6 R 255
6 R 4
6 W 35 12
6 R 252
6 R 237
6 C 236
2 S 237
2 R 5
2 R 197
2 W 21 84
2 R 108
2 R 110
2 R 161
2 W 31 90
2 W 114 54
2 W 197 88
2 R 18
2 R 4
2 W 107 73
2 W 168 35
2 W 0 89
2 W 192 13
2 W 23 4
2 W 25 28
2 W 227 17
2 W 73 17
2 C 237
5 S 238
5 W 29 12
5 W 185 90
5 W 19 47
5 W 31 35
5 W 1 28
5 W 3 61
5 W 153 7
5 R 98
5 W 143 5
5 W 22 71
5 C 238
0 S 239
0 W 37 84
0 W 193 38
0 W 147 11
0 W 0 47
0 R 24
0 W 2 17
0 W 139 27
0 R 18
0 R 145
0 W 117 78
0 W 131 95
0 R 29
0 W 147 44
0 W 180 87
0 W 40 8
0 C 239
2 S 240
2 W 24 25
2 R 21
2 R 247
2 R 5
2 R 14
2 R 1
2 C 240
6 S 241
6 W 87 100
6 R 88
6 R 124
6 W 18 90
6 R 7
6 W 8 21
6 W 11 23
6 R 11
6 R 95
6 W 26 77
6 W 0 48
6 W 8 19
6 W 80 74
6 W 186 19
6 C 241
3 S 242
3 R 175
3 R 188
3 W 122 35
3 R 210
3 R 13
3 R 255
3 W 36 6
3 W 60 32
3 R 20
3 W 102 0
3 C 242
1 S 243
1 W 13 81
1 W 116 3
1 W 25 11
1 W 113 57
1 R 32
1 R 30
1 W 174 50
1 W 3 2
1 R 112
1 R 112
1 W 6 2
1 W 50 64
1 W 101 85
1 W 1 5
1 W 15 8
1 W 15 38
1 W 237 58
1 R 11
1 C 243
4 S 244
4 R 16
4 R 23
4 R 102
4 W 21 63
4 R 212
4 R 133
4 W 28 27
4 R 14
4 W 198 88
4 W 17 3
4 C 244
1 S 245
1 R 7
1 R 17
1 R 1
1 W 148 23
1 R 209
1 R 8
1 W 31 40
1 R 105
1 R 11
1 W 176 66
1 R 153
1 R 24
1 R 240
1 W 76 82
1 R 18
1 W 23 100
1 W 232 30
1 C 245
5 S 246
5 W 3 56
5 R 217
5 R 1
5 W 78 7
5 W 9 92
5 W 26 77
5 W 84 50
5 C 246
0 S 247
0 R 80
0 R 198
0 W 54 62
0 W 119 66
0 W 15 58
0 W 198 93
0 W 124 79
0 R 115
0 R 23
0 R 249
0 W 106 37
0 C 247
3 S 248
3 R 200
3 R 3
3 W 16 24
3 R 119
3 W 71 98
3 R 199
3 C 248
2 S 249
2 W 78 28
2 R 10
2 W 214 88
2 R 12
2 W 20 40
2 R 247
2 R 154
2 W 158 37
2 W 40 53
2 R 197
2 R 0
2 W 90 79
2 R 31
2 R 32
2 R 179
2 W 10 87
2 W 21 50
2 C 249
4 S 250
4 W 3 10
4 W 251 71
4 W 225 28
4 W 23 19
4 W 18 39
4 R 3
4 W 47 63
4 C 250
6 S 251
6 R 220
6 R 249
6 W 0 43
6 W 168 80
6 R 6
6 W 57 30
6 W 7 90
6 W 223 58
6 W 27 63
6 W 231 52
6 R 5
6 W 129 1
6 W 8 32
6 W 126 72
6 C 251
4 S 252
4 W 18 1
4 R 5
4 R 12
4 W 25 6
4 R 24
4 R 6
4 R 6
4 R 22
4 C 252
3 S 253
3 W 91 11
3 R 16
3 R 25
3 R 166
3 W 233 35
3 W 187 47
3 W 111 35
3 W 30 89
3 R 11
3 R 172
3 W 133 74
3 W 119 58
3 C 253
6 S 254
6 R 31
6 W 14 80
6 W 77 49
6 W 178 6
6 W 3 30
6 R 30
6 W 249 62
6 W 101 8
6 W 101 65
6 W 233 54
6 R 71
6 R 14
6 W 3 77
6 W 18 8
6 C 254
2 S 255
2 W 246 0
2 R 58
2 W 106 23
2 W 122 61
2 R 96
2 R 232
2 W 49 87
2 R 66
2 W 11 54
2 R 11
2 R 210
2 R 227
2 W 180 19
2 R 75
2 W 31 38
2 R 168
2 W 69 69
2 W 26 15
2 R 12
2 C 255
5 S 256
5 R 182
5 W 11 48
5 R 9
5 R 6
5 W 103 69
5 R 86
5 C 256
0 S 257
0 R 15
0 W 94 79
0 W 107 78
0 W 13 99
0 W 186 15
0 W 135 85
0 R 147
0 W 197 13
0 R 61
0 W 29 60
0 R 22
0 W 243 42
0 R 25
0 W 61 25
0 W 8 74
0 R 102
0 C 257
1 S 258
1 R 170
1 R 144
1 W 173 59
1 W 43 42
1 R 19
1 R 242
1 W 187 82
1 W 196 53
1 R 124
1 C 258
4 S 259
4 W 72 69
4 W 112 87
4 R 139
4 W 164 64
4 R 2
4 W 26 42
4 R 115
4 C 259
5 S 260
5 W 24 42
5 R 73
5 R 207
5 R 15
5 W 15 59
5 R 228
5 C 260
0 S 261
0 R 188
0 R 31
0 R 19
0 R 178
0 W 10 56
0 W 72 22
0 R 214
0 W 242 31
0 C 261
2 S 262
2 W 245 56
2 R 56
2 W 1 98
2 R 23
2 W 254 6
2 W 74 21
2 W 5 58
2 W 125 83
2 W 22 51
2 W 175 4
2 R 12
2 R 23
2 R 10
2 R 65
2 W 14 99
2 W 11 26
2 R 3
2 W 1 27
2 W 28 88
2 W 225 70
2 C 262
3 S 263
3 W 166 38
3 R 189
3 W 5 52
3 R 74
3 W 242 91
3 R 1
3 R 117
3 R 153
3 R 50
3 C 263
1 S 264
1 R 54
1 R 39
1 W 7 38
1 W 173 65
1 R 6
1 W 17 27
1 W 4 95
1 W 20 41
1 C 264
6 S 265
6 W 5 20
6 W 30 83
6 R 146
6 R 165
6 R 26
6 R 27
6 W 201 18
6 W 31 40
6 R 98
6 W 125 73
6 W 8 80
6 R 189
6 C 265
3 S 266
3 R 181
3 W 124 55
3 W 4 89
3 R 31
3 R 89
3 R 26
3 W 248 84
3 W 18 47
3 W 87 58
3 R 28
3 C 266
2 S 267
2 R 14
2 R 165
2 R 17
2 R 253
2 R 3
2 R 81
2 R 121
2 W 189 94
2 W 196 14
2 W 230 28
2 W 111 21
2 R 69
2 R 66
2 W 27 60
2 W 3 24
2 W 20 97
2 W 31 49
2 C 267
4 S 268
4 W 26 86
4 W 17 27
4 R 103
4 R 131
4 W 98 47
4 W 151 26
4 W 11 18
4 W 254 67
4 C 268
5 S 269
5 W 28 57
5 W 111 40
5 W 85 51
5 R 248
5 W 28 56
5 R 97
5 C 269
0 S 270
0 W 105 0
0 R 20
0 R 209
0 R 17
0 W 89 24
0 W 179 9
0 R 1
0 W 104 63
0 W 97 66
0 R 122
0 W 37 9
0 R 20
0 W 164 86
0 W 236 78
0 R 27
0 R 132
0 W 22 52
0 R 31
0 C 270
6 S 271
6 W 20 25
6 R 23
6 R 100
6 R 37
6 R 31
6 W 3 29
6 R 4
6 W 92 7
6 W 167 12
6 C 271
1 S 272
1 W 91 96
1 W 15 45
1 R 24
1 W 4 85
1 R 195
1 R 69
1 R 221
1 R 31
1 W 4 99
1 W 132 56
1 W 0 85
1 W 16 57
1 W 115 6
1 R 44
1 R 220
1 C 272
6 S 273
6 W 13 92
6 W 18 40
6 R 7
6 R 12
6 R 253
6 R 125
6 W 9 54
6 C 273
3 S 274
3 W 90 66
3 R 24
3 R 107
3 R 185
3 W 186 54
3 W 1 58
3 R 76
3 W 244 68
3 W 25 71
3 R 93
3 R 178
3 R 14
3 R 13
3 W 10 71
3 C 274
4 S 275
4 R 222
4 R 91
4 R 17
4 W 6 38
4 R 129
4 R 23
4 W 115 33
4 W 193 80
4 R 171
4 W 228 66
4 W 13 20
4 R 159
4 R 5
4 W 205 70
4 W 1 38
4 W 117 87
4 R 23
4 W 9 39
4 C 275
1 S 276
1 R 186
1 W 26 38
1 W 1 27
1 W 98 11
1 W 6 16
1 W 24 75
1 W 165 63
1 R 6
1 W 232 25
1 W 28 94
1 W 27 76
1 R 70
1 W 82 88
1 W 166 46
1 W 56 98
1 R 33
1 R 30
1 C 276
2 S 277
2 R 107
2 W 141 74
2 R 4
2 W 201 24
2 R 9
2 R 144
2 R 10
2 W 17 8
2 W 187 46
2 R 198
2 R 248
2 W 104 12
2 C 277
5 S 278
5 R 243
5 W 218 90
5 R 247
5 W 157 91
5 R 4
5 W 202 72
5 R 236
5 R 28
5 C 278
0 S 279
0 R 7
0 W 26 81
0 W 16 82
0 W 181 7
0 R 29
0 W 0 68
0 R 186
0 W 152 42
0 R 140
0 W 205 68
0 R 22
0 C 279
2 S 280
2 R 87
2 W 3 35
2 W 9 72
2 W 204 100
2 R 11
2 W 29 73
2 W 108 53
2 R 160
2 R 74
2 R 8
2 R 72
2 W 105 14
2 R 182
2 C 280
5 S 281
5 W 31 26
5 W 74 90
5 W 14 17
5 W 158 82
5 W 17 63
5 R 98
5 W 82 74
5 R 69
5 R 141
5 R 29
5 W 11 62
5 R 3
5 W 29 80
5 C 281
6 S 282
6 R 39
6 R 147
6 R 157
6 R 5
6 W 147 49
6 W 80 0
6 W 60 45
6 R 30
6 R 6
6 R 29
6 R 23
6 R 22
6 W 99 53
6 W 41 5
6 R 66
6 W 233 96
6 C 282
0 S 283
0 W 212 85
0 R 200
0 R 139
0 R 143
0 R 93
0 R 205
0 R 14
0 W 209 28
0 W 171 48
0 W 1 95
0 W 238 65
0 W 124 32
0 C 283
1 S 284
1 R 106
1 W 210 39
1 W 84 60
1 R 8
1 W 130 85
1 R 25
1 R 49
1 R 233
1 W 101 93
1 W 10 32
1 R 27
1 R 91
1 R 125
1 W 45 73
1 W 207 50
1 R 27
1 R 4
1 C 284
4 S 285
4 W 14 41
4 W 146 71
4 R 152
4 R 0
4 W 118 40
4 W 144 65
4 W 51 93
4 W 29 4
4 W 29 95
4 R 29
4 W 2 50
4 R 16
4 W 1 2
4 R 4
4 R 19
4 W 250 78
4 W 65 54
4 R 215
4 W 149 49
4 W 6 93
4 C 285
3 S 286
3 W 204 34
3 R 15
3 W 2 25
3 R 153
3 R 74
3 W 246 50
3 R 22
3 R 65
3 C 286
3 S 287
3 W 77 32
3 W 59 70
3 W 71 14
3 W 22 67
3 W 244 69
3 R 25
3 R 246
3 W 22 36
3 R 2
3 W 97 32
3 C 287
4 S 288
4 R 30
4 R 36
4 W 144 75
4 R 195
4 W 25 9
4 W 13 14
4 W 194 25
4 W 0 53
4 R 83
4 R 57
4 C 288
2 S 289
2 R 190
2 R 7
2 R 101
2 W 155 10
2 W 21 45
2 W 27 8
2 W 110 82
2 W 0 36
2 W 56 79
2 W 22 80
2 W 197 48
2 R 230
2 R 37
2 R 219
2 R 18
2 W 192 31
2 C 289
5 S 290
5 R 45
5 W 27 84
5 W 96 93
5 W 212 79
5 W 47 71
5 R 6
5 W 107 68
5 R 26
5 R 10
5 W 165 30
5 W 250 21
5 R 96
5 W 180 77
5 R 227
5 C 290
1 S 291
1 W 15 68
1 W 145 68
1 W 58 5
1 R 24
1 R 94
1 R 19
1 C 291
6 S 292
6 W 7 68
6 W 90 80
6 W 179 10
6 R 113
6 R 2
6 W 140 34
6 W 11 75
6 W 37 74
6 C 292
0 S 293
0 R 82
0 R 136
0 W 24 28
0 R 81
0 W 8 58
0 R 242
0 R 196
0 W 187 27
0 W 146 54
0 R 177
0 R 26
0 C 293
0 S 294
0 W 51 53
0 R 30
0 W 7 99
0 R 3
0 R 232
0 W 129 13
0 R 20
0 W 28 41
0 R 239
0 W 113 24
0 W 121 76
0 R 2
0 R 240
0 W 10 70
0 C 294
3 S 295
3 W 29 70
3 R 235
3 W 56 60
3 R 162
3 R 8
3 W 42 52
3 W 234 15
3 W 8 29
3 R 6
3 R 245
3 W 7 4
3 W 206 40
3 W 60 37
3 C 295
1 S 296
1 W 26 42
1 R 72
1 R 143
1 W 85 99
1 W 21 30
1 R 10
1 W 24 48
1 R 172
1 R 188
1 C 296
5 S 297
5 R 28
5 W 85 76
5 R 240
5 W 17 25
5 W 109 83
5 W 85 9
5 W 246 22
5 W 108 8
5 R 4
5 W 219 72
5 W 190 96
5 W 173 15
5 R 225
5 W 159 51
5 R 95
5 W 152 32
5 R 22
5 R 201
5 W 22 75
5 R 94
5 C 297
4 S 298
4 W 208 94
4 R 15
4 W 1 26
4 W 14 43
4 W 103 52
4 W 198 23
4 R 44
4 C 298
6 S 299
6 R 190
6 R 18
6 W 5 14
6 W 19 5
6 W 3 54
6 W 103 34
6 R 9
6 W 13 2
6 R 31
6 W 240 13
6 W 198 79
6 W 145 34
6 R 130
6 R 37
6 R 50
6 C 299
2 S 300
2 W 4 66
2 R 74
2 R 78
2 R 14
2 W 66 58
2 W 139 7
2 W 111 43
2 R 122
2 W 50 46
2 W 1 95
2 C 300
6 S 301
6 W 6 52
6 R 25
6 W 28 61
6 R 31
6 W 1 25
6 W 14 12
6 R 122
6 W 76 44
6 R 82
6 R 30
6 R 14
6 C 301
0 S 302
0 W 12 77
0 R 253
0 R 113
0 R 219
0 R 76
0 R 234
0 W 177 51
0 W 48 89
0 R 4
0 W 1 100
0 W 96 58
0 R 14
0 W 28 25
0 C 302
1 S 303
1 R 44
1 W 36 24
1 R 215
1 R 29
1 W 5 56
1 R 163
1 W 17 35
1 W 25 62
1 R 57
1 R 109
1 R 75
1 W 25 51
1 W 120 88
1 W 222 17
1 W 5 17
1 W 173 0
1 W 136 94
1 W 245 13
1 R 30
1 W 18 85
1 C 303
4 S 304
4 W 21 12
4 W 1 96
4 R 7
4 R 116
4 R 36
4 W 52 10
4 W 21 54
4 R 235
4 W 11 24
4 R 46
4 R 0
4 W 59 78
4 R 10
4 W 206 49
4 R 208
4 C 304
3 S 305
3 W 198 89
3 W 13 37
3 R 158
3 W 154 46
3 W 205 6
3 R 5
3 R 80
3 R 1
3 W 134 39
3 W 160 26
3 R 16
3 W 159 20
3 C 305
2 S 306
2 R 50
2 R 1
2 W 104 36
2 W 46 94
2 R 116
2 W 206 23
2 R 47
2 W 169 24
2 R 19
2 R 46
2 W 249 7
2 W 2 74
2 R 159
2 R 190
2 R 37
2 C 306
5 S 307
5 R 161
5 W 2 66
5 R 4
5 R 0
5 W 252 63
5 W 120 18
5 R 98
5 R 106
5 W 251 96
5 W 16 49
5 W 70 57
5 R 12
5 W 73 10
5 W 171 2
5 W 194 14
5 W 194 3
5 W 8 25
5 W 74 86
5 C 307
3 S 308
3 W 8 54
3 W 26 40
3 W 47 10
3 W 5 35
3 W 144 55
3 W 16 28
3 C 308
5 S 309
5 W 185 15
5 R 17
5 W 149 6
5 W 199 27
5 W 9 69
5 R 31
5 W 193 83
5 R 93
5 W 22 60
5 R 9
5 R 193
5 R 1
5 W 59 85
5 W 240 74
5 R 237
5 W 3 73
5 R 214
5 W 18 26
5 C 309
6 S 310
6 R 104
6 W 54 19
6 R 3
6 W 29 28
6 W 214 68
6 R 214
6 W 1 68
6 W 50 67
6 R 218
6 W 30 43
6 R 141
6 R 20
6 R 74
6 W 12 61
6 W 105 73
6 R 117
6 W 156 52
6 C 310
4 S 311
4 W 231 29
4 R 27
4 R 104
4 W 182 90
4 W 185 84
4 W 111 87
4 W 221 38
4 R 71
4 R 37
4 R 107
4 C 311
0 S 312
0 W 29 65
0 R 217
0 R 95
0 W 20 76
0 R 13
0 R 17
0 W 7 94
0 R 28
0 R 119
0 W 4 35
0 R 26
0 W 72 19
0 W 153 82
0 R 55
0 C 312
1 S 313
1 R 13
1 W 185 28
1 W 199 9
1 R 244
1 W 15 68
1 W 109 3
1 W 247 91
1 R 134
1 W 30 29
1 W 136 46
1 W 199 88
1 W 102 84
1 W 8 92
1 W 0 38
1 W 77 10
1 C 313
2 S 314
2 W 250 97
2 W 91 29
2 W 19 37
2 W 224 21
2 W 25 69
2 R 222
2 W 196 95
2 R 3
2 W 72 37
2 W 233 24
2 W 167 6
2 W 239 22
2 R 0
2 W 31 91
2 R 26
2 W 189 94
2 W 152 32
2 R 153
2 C 314
4 S 315
4 R 24
4 R 61
4 W 24 97
4 W 3 6
4 W 99 36
4 R 97
4 W 24 83
4 R 108
4 W 186 38
4 W 7 36
4 R 78
4 R 20
4 W 180 37
4 R 198
4 R 0
4 C 315
5 S 316
5 W 26 47
5 W 26 99
5 W 22 18
5 R 26
5 R 109
5 W 204 16
5 R 21
5 W 109 15
5 R 29
5 R 7
5 R 27
5 C 316
3 S 317
3 W 17 73
3 W 222 94
3 R 84
3 W 14 70
3 R 123
3 R 30
3 C 317
2 S 318
2 R 127
2 R 6
2 R 91
2 R 35
2 R 139
2 R 194
2 W 181 26
2 R 88
2 R 196
2 W 251 88
2 W 4 3
2 R 222
2 C 318
6 S 319
6 W 16 59
6 W 21 35
6 R 119
6 W 31 12
6 W 4 59
6 W 8 68
6 W 94 31
6 W 24 6
6 R 6
6 R 21
6 W 59 47
6 R 7
6 W 80 63
6 C 319
0 S 320
0 W 30 33
0 R 7
0 W 13 6
0 W 61 54
0 R 192
0 W 236 38
0 W 135 30
0 W 111 96
0 W 37 65
0 R 93
0 R 40
0 R 15
0 W 16 48
0 R 56
0 R 201
0 R 16
0 W 124 10
0 R 135
0 R 77
0 C 320
1 S 321
1 R 248
1 R 12
1 R 4
1 R 148
1 W 75 96
1 W 95 2
1 R 14
1 W 187 25
1 C 321
6 S 322
6 R 246
6 W 23 51
6 W 10 79
6 W 5 27
6 W 14 30
6 W 108 23
6 R 130
6 R 8
6 R 128
6 R 240
6 R 149
6 R 30
6 W 245 81
6 R 175
6 R 123
6 R 11
6 W 7 37
6 W 19 35
6 R 143
6 W 29 31
6 C 322
4 S 323
4 R 20
4 W 8 83
4 W 165 41
4 W 85 69
4 R 61
4 R 18
4 W 4 35
4 R 50
4 W 17 56
4 W 234 21
4 W 213 86
4 R 139
4 C 323
1 S 324
1 R 76
1 W 14 19
1 R 14
1 R 79
1 R 50
1 R 254
1 R 133
1 W 109 85
1 W 178 1
1 R 148
1 W 33 74
1 W 19 73
1 R 254
1 R 23
1 C 324
2 S 325
2 W 18 78
2 R 129
2 R 27
2 W 214 95
2 W 105 86
2 W 5 75
2 C 325
3 S 326
3 W 9 16
3 R 130
3 R 23
3 W 21 57
3 W 12 20
3 W 24 66
3 R 26
3 W 11 4
3 W 201 80
3 W 152 60
3 W 20 30
3 R 97
3 R 12
3 W 142 58
3 W 216 52
3 C 326
0 S 327
0 W 2 32
0 R 17
0 R 19
0 W 98 51
0 W 5 76
0 R 180
0 R 2
0 R 188
0 W 26 62
0 R 227
0 W 95 19
0 R 125
0 W 232 71
0 W 34 93
0 R 64
0 W 5 61
0 R 9
0 C 327
5 S 328
5 W 19 72
5 W 108 10
5 R 8
5 W 142 40
5 R 12
5 R 9
5 R 127
5 W 136 69
5 W 23 78
5 R 85
5 R 2
5 R 19
5 R 15
5 R 30
5 R 6
5 R 53
5 W 154 85
5 W 163 25
5 R 43
5 R 156
5 C 328
6 S 329
6 W 28 17
6 W 216 35
6 W 29 95
6 W 93 80
6 R 227
6 R 29
6 W 20 32
6 R 12
6 W 77 67
6 R 104
6 R 223
6 W 8 6
6 W 14 51
6 W 155 94
6 R 52
6 R 255
6 R 0
6 W 3 99
6 C 329
5 S 330
5 R 1
5 W 7 31
5 W 252 60
5 W 172 9
5 R 124
5 W 8 54
5 R 105
5 R 36
5 R 110
5 R 4
5 R 1
5 W 71 88
5 R 99
5 C 330
2 S 331
2 R 3
2 W 21 99
2 W 230 41
2 R 3
2 W 16 56
2 W 17 93
2 W 57 32
2 R 136
2 W 112 56
2 W 164 8
2 R 146
2 W 71 52
2 W 14 8
2 R 146
2 W 28 10
2 W 240 91
2 C 331
4 S 332
4 R 31
4 R 96
4 W 9 61
4 R 24
4 W 11 48
4 R 2
4 R 105
4 R 182
4 R 136
4 R 6
4 W 24 40
4 W 22 33
4 R 252
4 R 15
4 W 45 50
4 R 219
4 R 110
4 R 115
4 C 332
3 S 333
3 W 5 54
3 W 156 66
3 R 7
3 W 45 15
3 R 27
3 W 25 22
3 W 20 59
3 W 0 13
3 R 208
3 R 187
3 R 20
3 R 136
3 W 27 27
3 W 234 9
3 R 50
3 W 15 22
3 R 48
3 R 189
3 R 185
3 C 333
1 S 334
1 W 14 89
1 R 15
1 R 192
1 W 30 86
1 W 18 88
1 W 174 27
1 W 135 69
1 R 10
1 R 30
1 R 81
1 R 195
1 R 51
1 R 77
1 W 15 21
1 W 249 63
1 C 334
0 S 335
0 R 0
0 W 98 78
0 R 36
0 R 235
0 R 60
0 W 203 88
0 W 168 96
0 W 140 95
0 W 28 70
0 R 126
0 R 247
0 W 64 1
0 R 212
0 R 216
0 R 240
0 W 17 60
0 W 151 14
0 C 335
2 S 336
2 R 176
2 R 83
2 R 5
2 W 18 89
2 R 102
2 W 243 59
2 R 238
2 R 18
2 R 102
2 W 24 45
2 R 16
2 W 36 72
2 W 9 90
2 W 1 54
2 W 91 96
2 W 8 8
2 C 336
4 S 337
4 W 16 11
4 W 182 44
4 R 54
4 W 31 41
4 R 185
4 W 21 93
4 W 251 19
4 W 199 40
4 W 204 5
4 W 128 48
4 W 50 82
4 W 117 43
4 R 21
4 R 1
4 R 18
4 W 9 74
4 W 199 24
4 W 45 32
4 C 337
5 S 338
5 W 19 67
5 W 151 21
5 W 61 15
5 R 5
5 R 10
5 W 129 37
5 C 338
1 S 339
1 R 39
1 R 109
1 R 53
1 W 240 52
1 W 66 52
1 R 92
1 W 47 1
1 W 71 25
1 R 8
1 R 12
1 R 9
1 W 210 52
1 R 165
1 W 25 67
1 R 27
1 W 183 61
1 W 110 95
1 R 255
1 W 60 63
1 C 339
0 S 340
0 W 95 41
0 R 12
0 R 112
0 R 29
0 R 17
0 W 119 14
0 W 91 99
0 W 16 40
0 R 13
0 W 83 6
0 R 43
0 R 236
0 W 18 52
0 R 138
0 W 6 35
0 W 232 84
0 W 24 53
0 R 40
0 R 3
0 C 340
3 S 341
3 W 158 57
3 R 9
3 W 103 0
3 W 10 8
3 R 252
3 R 178
3 R 30
3 R 250
3 R 232
3 W 97 17
3 R 240
3 W 250 14
3 W 192 51
3 R 24
3 W 100 69
3 W 147 35
3 W 111 30
3 W 13 39
3 C 341
6 S 342
6 R 200
6 R 23
6 W 226 7
6 W 15 74
6 W 229 35
6 W 63 9
6 W 20 69
6 R 145
6 R 17
6 W 37 29
6 R 27
6 R 199
6 C 342
1 S 343
1 W 22 53
1 W 30 8
1 R 3
1 R 85
1 R 18
1 R 90
1 R 6
1 W 3 25
1 W 215 39
1 W 0 41
1 C 343
0 S 344
0 R 190
0 W 30 31
0 R 30
0 W 190 8
0 R 7
0 R 23
0 R 14
0 R 25
0 R 143
0 R 17
0 R 4
0 R 12
0 C 344
6 S 345
6 R 242
6 W 31 92
6 R 234
6 R 29
6 R 18
6 W 19 36
6 R 237
6 C 345
4 S 346
4 W 199 9
4 R 7
4 R 5
4 W 166 54
4 R 30
4 W 196 8
4 W 31 14
4 W 26 90
4 R 5
4 W 111 53
4 W 183 68
4 R 24
4 R 164
4 R 29
4 C 346
3 S 347
3 R 139
3 W 97 12
3 R 29
3 R 27
3 W 24 49
3 W 86 50
3 R 17
3 R 222
3 W 138 8
3 W 206 4
3 W 170 18
3 W 18 27
3 W 43 33
3 W 9 95
3 R 44
3 W 13 56
3 R 122
3 R 31
3 C 347
2 S 348
2 R 113
2 W 151 93
2 W 136 24
2 R 22
2 R 28
2 R 51
2 W 12 2
2 W 133 80
2 W 0 72
2 R 232
2 R 12
2 W 7 75
2 W 12 52
2 R 12
2 W 11 97
2 W 123 91
2 R 23
2 R 0
2 W 75 100
2 C 348
5 S 349
5 W 233 43
5 R 25
5 R 35
5 W 26 72
5 R 227
5 R 19
5 W 168 76
5 W 10 63
5 R 9
5 R 75
5 R 13
5 R 11
5 W 24 68
5 R 209
5 C 349
1 S 350
1 R 157
1 W 134 32
1 R 23
1 W 0 92
1 R 114
1 R 88
1 C 350
5 S 351
5 W 10 37
5 R 247
5 R 9
5 R 78
5 R 225
5 R 1
5 R 147
5 R 94
5 R 170
5 C 351
0 S 352
0 R 217
0 R 33
0 R 9
0 W 99 26
0 R 43
0 R 12
0 R 3
0 C 352
4 S 353
4 R 72
4 R 235
4 R 168
4 W 30 78
4 W 13 96
4 R 31
4 R 95
4 R 14
4 R 7
4 R 178
4 C 353
3 S 354
3 R 3
3 W 152 43
3 W 12 7
3 R 25
3 W 104 53
3 R 9
3 R 21
3 C 354
2 S 355
2 R 2
2 R 120
2 W 207 6
2 R 156
2 W 87 89
2 W 22 39
2 W 27 80
2 W 14 80
2 W 222 20
2 C 355
6 S 356
6 W 26 97
6 W 40 7
6 W 192 83
6 R 93
6 R 34
6 R 199
6 R 97
6 R 9
6 R 8
6 W 135 20
6 W 11 68
6 R 168
6 C 356
2 S 357
2 R 11
2 W 46 68
2 R 1
2 R 6
2 R 73
2 W 228 57
2 W 181 66
2 W 116 60
2 W 137 45
2 W 39 5
2 C 357
5 S 358
5 R 74
5 W 188 67
5 W 235 97
5 R 19
5 R 99
5 W 147 72
5 R 100
5 R 53
5 R 143
5 W 3 83
5 W 171 80
5 R 177
5 W 2 60
5 R 77
5 R 29
5 W 0 79
5 W 30 77
5 W 135 99
5 C 358
0 S 359
0 R 43
0 W 143 74
0 W 8 5
0 R 126
0 W 49 71
0 R 142
0 R 245
0 W 31 48
0 R 24
0 W 111 25
0 R 79
0 W 77 19
0 W 122 53
0 R 130
0 R 122
0 W 114 22
0 W 197 14
0 R 168
0 W 29 47
0 W 1 10
0 C 359
4 S 360
4 W 78 88
4 W 34 31
4 W 27 34
4 W 1 46
4 W 191 49
4 W 143 59
4 W 17 59
4 R 220
4 R 55
4 W 10 50
4 W 56 86
4 R 182
4 W 1 26
4 W 146 29
4 R 43
4 W 228 85
4 C 360
3 S 361
3 W 155 27
3 W 26 39
3 W 29 30
3 R 13
3 R 25
3 W 159 16
3 R 182
3 R 191
3 W 31 64
3 W 115 60
3 W 11 74
3 C 361
1 S 362
1 R 60
1 R 34
1 R 181
1 W 28 76
1 W 15 26
1 R 140
1 R 13
1 W 17 30
1 R 27
1 R 208
1 W 103 61
1 C 362
6 S 363
6 W 17 34
6 W 23 81
6 W 11 63
6 R 13
6 R 3
6 R 232
6 R 198
6 W 169 44
6 W 26 49
6 W 11 25
6 C 363
6 S 364
6 R 114
6 W 30 72
6 R 73
6 R 207
6 R 81
6 R 41
6 R 52
6 R 18
6 W 181 95
6 R 172
6 W 113 73
6 W 24 24
6 W 3 71
6 R 30
6 W 84 78
6 W 10 73
6 W 67 43
6 R 18
6 C 364
0 S 365
0 R 13
0 R 188
0 W 95 0
0 R 2
0 W 0 12
0 W 129 22
0 W 15 29
0 R 136
0 W 251 83
0 C 365
3 S 366
3 R 0
3 W 208 49
3 W 140 82
3 R 84
3 R 34
3 R 16
3 R 26
3 W 28 57
3 W 184 85
3 W 28 81
3 W 91 19
3 W 254 94
3 R 4
3 W 115 38
3 W 31 33
3 W 137 33
3 W 24 47
3 W 215 65
3 R 131
3 C 366
2 S 367
2 W 240 63
2 R 0
2 R 30
2 W 9 70
2 R 87
2 R 12
2 C 367
4 S 368
4 R 177
4 W 187 95
4 W 112 96
4 W 27 24
4 W 18 1
4 R 3
4 R 22
4 R 223
4 W 15 85
4 R 155
4 W 108 53
4 W 40 66
4 W 59 47
4 W 69 17
4 C 368
5 S 369
5 R 14
5 R 11
5 W 152 29
5 R 9
5 R 123
5 R 127
5 R 253
5 W 74 96
5 W 18 11
5 C 369
1 S 370
1 R 1
1 W 25 45
1 W 8 71
1 R 95
1 R 139
1 R 69
1 W 123 16
1 W 18 79
1 C 370
4 S 371
4 R 5
4 W 21 42
4 R 30
4 R 31
4 W 27 81
4 R 17
4 R 26
4 W 246 18
4 R 142
4 R 125
4 R 159
4 W 192 24
4 W 244 2
4 R 3
4 R 183
4 W 106 78
4 C 371
2 S 372
2 W 27 80
2 R 10
2 R 53
2 W 176 10
2 R 38
2 W 3 67
2 W 28 68
2 W 3 76
2 C 372
5 S 373
5 R 2
5 R 21
5 R 101
5 R 2
5 W 30 38
5 R 227
5 W 23 89
5 R 6
5 R 31
5 W 249 57
5 R 135
5 W 237 46
5 C 373
3 S 374
3 W 15 98
3 R 4
3 R 53
3 R 80
3 W 230 85
3 W 36 66
3 W 219 21
3 W 181 63
3 R 150
3 W 110 43
3 W 14 100
3 W 45 16
3 W 250 53
3 W 98 72
3 W 15 79
3 W 209 71
3 R 247
3 C 374
0 S 375
0 R 9
0 W 89 17
0 W 152 95
0 W 4 20
0 R 112
0 R 11
0 W 221 81
0 W 77 15
0 W 180 99
0 R 181
0 R 18
0 W 8 21
0 R 4
0 W 124 69
0 R 92
0 R 23
0 C 375
6 S 376
6 W 237 32
6 R 30
6 W 2 99
6 W 16 27
6 W 103 0
6 R 171
6 W 10 48
6 R 172
6 R 91
6 R 49
6 R 10
6 W 218 42
6 W 26 74
6 C 376
1 S 377
1 R 48
1 W 158 15
1 R 34
1 R 169
1 R 152
1 W 18 32
1 W 13 20
1 W 171 87
1 R 255
1 W 89 35
1 W 85 44
1 R 19
1 W 0 68
1 C 377
1 S 378
1 W 2 59
1 W 134 76
1 W 3 40
1 R 30
1 W 80 30
1 W 10 75
1 R 53
1 R 21
1 R 94
1 R 71
1 C 378
3 S 379
3 R 137
3 W 164 40
3 R 11
3 W 206 1
3 W 97 76
3 W 143 82
3 W 226 89
3 W 196 63
3 R 21
3 R 200
3 W 212 23
3 R 14
3 W 207 44
3 C 379
5 S 380
5 W 142 95
5 R 160
5 R 17
5 W 228 75
5 W 29 40
5 W 89 47
5 W 177 99
5 W 8 4
5 R 81
5 R 113
5 C 380
0 S 381
0 R 172
0 R 132
0 R 19
0 R 194
0 R 12
0 R 117
0 R 156
0 R 4
0 R 48
0 W 13 100
0 W 7 52
0 R 205
0 C 381
2 S 382
2 W 31 68
2 W 45 51
2 R 251
2 W 251 52
2 R 93
2 W 20 13
2 C 382
6 S 383
6 R 27
6 R 152
6 R 87
6 R 41
6 W 145 29
6 R 6
6 R 98
6 W 223 100
6 C 383
4 S 384
4 R 93
4 R 10
4 W 30 44
4 W 0 34
4 R 90
4 W 160 59
4 W 187 2
4 W 195 35
4 R 113
4 R 20
4 W 234 77
4 W 183 94
4 R 155
4 W 16 62
4 R 15
4 W 251 90
4 R 57
4 C 384
6 S 385
6 R 251
6 R 133
6 R 30
6 W 215 21
6 W 194 33
6 W 18 53
6 W 99 95
6 R 12
6 W 2 10
6 W 22 83
6 W 250 49
6 W 76 41
6 C 385
3 S 386
3 W 10 5
3 R 185
3 R 75
3 W 135 54
3 W 14 74
3 W 9 57
3 R 151
3 W 70 81
3 R 10
3 W 135 54
3 R 47
3 W 10 100
3 C 386
1 S 387
1 W 26 77
1 W 167 0
1 W 72 24
1 R 173
1 W 44 15
1 R 252
1 C 387
4 S 388
4 W 1 94
4 W 51 62
4 W 194 55
4 W 251 15
4 W 70 34
4 W 214 95
4 R 33
4 W 163 30
4 C 388
2 S 389
2 R 104
2 W 20 60
2 R 244
2 W 255 9
2 R 16
2 W 150 87
2 R 11
2 W 96 26
2 C 389
0 S 390
0 R 2
0 R 7
0 R 24
0 R 30
0 R 108
0 R 30
0 W 252 36
0 W 185 56
0 W 222 78
0 W 23 95
0 R 57
0 W 8 73
0 W 149 91
0 R 243
0 R 93
0 R 150
0 W 21 18
0 R 2
0 W 240 80
0 C 390
5 S 391
5 W 240 80
5 R 239
5 W 23 70
5 R 12
5 R 100
5 R 20
5 W 164 7
5 W 97 31
5 W 45 91
5 W 3 18
5 C 391
