7
0-6 o
4 S 0
4 R 3
4 R 187
4 R 8
4 R 63
4 W 14 13
4 W 148 69
4 R 40
4 W 118 22
4 W 31 50
4 R 64
4 W 206 2
4 R 1
4 W 51 81
4 R 64
4 R 24
4 W 165 36
4 R 28
4 R 13
4 C 0
6 S 1
6 W 218 89
6 R 177
6 W 30 53
6 R 14
6 W 111 39
6 R 9
6 W 32 20
6 W 83 70
6 W 180 10
6 W 12 5
6 W 25 67
6 W 14 37
6 R 24
6 C 1
3 S 2
3 R 113
3 R 128
3 R 93
3 W 103 15
3 R 1
3 R 227
3 W 176 33
3 R 142
3 R 196
3 W 106 20
3 W 30 55
3 W 180 92
3 W 223 70
3 R 85
3 W 194 23
3 W 93 51
3 R 4
3 R 5
3 C 2
1 S 3
1 W 22 93
1 W 140 10
1 W 28 74
1 R 16
1 W 164 62
1 R 15
1 R 26
1 R 214
1 W 8 71
1 W 27 65
1 W 21 71
1 W 232 2
1 W 135 57
1 R 204
1 C 3
2 S 4
2 W 24 82
2 R 14
2 R 134
2 W 41 59
2 R 28
2 W 10 50
2 W 146 77
2 R 23
2 W 44 5
2 W 202 61
2 R 10
2 W 12 67
2 W 93 7
2 R 53
2 R 27
2 W 24 49
2 C 4
0 S 5
0 R 29
0 R 2
0 W 2 10
0 R 19
0 W 59 27
0 W 31 65
0 R 153
0 W 31 1
0 C 5
5 S 6
5 W 52 80
5 R 29
5 R 230
5 R 54
5 W 216 44
5 R 113
5 R 223
5 W 41 10
5 W 47 53
5 R 146
5 R 12
5 R 7
5 R 17
5 W 208 24
5 W 9 4
5 W 3 78
5 W 108 48
5 C 6
2 S 7
2 W 12 99
2 W 202 20
2 W 27 97
2 R 39
2 R 125
2 R 181
2 W 16 3
2 R 114
2 W 207 60
2 C 7
4 S 8
4 W 8 7
4 R 8
4 W 37 89
4 R 24
4 W 230 21
4 W 16 89
4 R 209
4 W 252 37
4 R 79
4 W 173 27
4 R 188
4 R 135
4 C 8
3 S 9
3 R 142
3 R 230
3 W 111 45
3 W 133 74
3 R 0
3 W 177 61
3 W 231 17
3 W 7 89
3 R 87
3 R 244
3 W 68 59
3 R 182
3 C 9
5 S 10
5 R 113
5 W 21 15
5 R 73
5 W 246 100
5 R 4
5 W 202 89
5 R 4
5 R 180
5 W 2 84
5 W 5 22
5 C 10
6 S 11
6 W 225 18
6 W 39 37
6 W 21 30
6 W 32 13
6 W 61 58
6 R 191
6 R 20
6 R 187
6 R 93
6 R 16
6 R 15
6 W 16 28
6 W 31 80
6 C 11
0 S 12
0 R 92
0 W 24 1
0 R 22
0 W 30 20
0 R 118
0 W 14 71
0 R 29
0 W 151 93
0 W 154 89
0 R 47
0 R 30
0 R 16
0 W 110 46
0 R 8
0 R 8
0 R 7
0 W 220 10
0 C 12
1 S 13
1 W 123 63
1 R 19
1 W 31 87
1 R 64
1 R 28
1 W 218 3
1 C 13
6 S 14
6 W 5 5
6 W 136 81
6 W 19 1
6 W 30 42
6 R 8
6 W 5 59
6 W 9 95
6 W 63 43
6 W 9 56
6 W 245 91
6 W 121 4
6 R 74
6 R 28
6 W 220 84
6 R 97
6 R 140
6 R 4
6 W 24 91
6 W 183 99
6 R 4
6 C 14
0 S 15
0 W 18 58
0 W 0 59
0 W 74 78
0 W 5 68
0 W 186 67
0 W 141 15
0 W 1 33
0 W 8 1
0 W 15 54
0 R 216
0 R 21
0 R 9
0 W 88 81
0 W 108 95
0 C 15
1 S 16
1 R 1
1 R 8
1 W 87 29
1 W 28 9
1 W 41 15
1 R 6
1 R 9
1 W 29 18
1 R 181
1 W 200 9
1 R 28
1 R 9
1 R 163
1 R 232
1 W 146 52
1 W 16 52
1 R 37
1 C 16
2 S 17
2 R 70
2 W 24 22
2 W 29 66
2 W 8 15
2 R 252
2 R 94
2 R 5
2 R 174
2 C 17
3 S 18
3 W 151 33
3 R 202
3 W 25 6
3 R 27
3 W 6 84
3 R 140
3 W 4 68
3 R 3
3 R 2
3 R 32
3 R 89
3 W 144 96
3 R 254
3 R 16
3 W 20 6
3 W 14 18
3 W 33 82
3 R 102
3 C 18
4 S 19
4 R 197
4 R 34
4 W 37 10
4 R 142
4 R 89
4 R 195
4 W 16 13
4 W 235 92
4 R 24
4 R 151
4 C 19
5 S 20
5 W 110 55
5 W 81 40
5 W 30 54
5 W 217 30
5 R 72
5 W 99 63
5 W 81 93
5 W 176 84
5 W 109 50
5 R 10
5 R 23
5 R 5
5 W 186 29
5 R 127
5 R 4
5 W 250 46
5 W 15 4
5 R 24
5 W 227 16
5 C 20
5 S 21
5 W 219 97
5 W 150 97
5 W 19 100
5 W 4 59
5 W 8 23
5 R 35
5 R 209
5 R 16
5 W 28 72
5 R 103
5 R 15
5 R 19
5 R 16
5 W 19 41
5 W 27 7
5 W 12 5
5 C 21
0 S 22
0 R 8
0 R 1
0 R 163
0 R 14
0 W 3 96
0 W 152 35
0 R 58
0 W 155 85
0 C 22
6 S 23
6 R 191
6 R 54
6 W 29 84
6 W 156 79
6 W 235 67
6 R 0
6 W 171 98
6 W 150 12
6 C 23
1 S 24
1 R 17
1 W 3 20
1 W 16 69
1 W 2 37
1 R 133
1 W 200 65
1 W 35 89
1 R 208
1 W 121 46
1 R 30
1 C 24
2 S 25
2 W 25 83
2 W 203 0
2 W 123 5
2 R 26
2 R 5
2 R 195
2 R 127
2 W 142 20
2 W 53 13
2 R 143
2 R 230
2 W 6 88
2 C 25
3 S 26
3 W 40 98
3 R 64
3 R 30
3 W 102 26
3 W 60 34
3 R 4
3 W 4 32
3 W 37 41
3 R 88
3 W 28 51
3 W 16 3
3 W 12 70
3 W 77 30
3 W 30 84
3 C 26
4 S 27
4 W 231 98
4 W 18 49
4 R 32
4 R 174
4 R 27
4 W 229 92
4 R 50
4 C 27
2 S 28
2 W 27 0
2 R 57
2 R 4
2 W 179 15
2 R 38
2 R 16
2 R 28
2 W 233 38
2 R 30
2 W 7 69
2 W 20 30
2 R 28
2 R 136
2 C 28
6 S 29
6 W 173 0
6 W 58 96
6 R 19
6 W 197 100
6 W 152 52
6 R 105
6 R 181
6 W 14 70
6 C 29
0 S 30
0 R 210
0 W 20 1
0 R 65
0 R 215
0 W 137 100
0 R 1
0 W 178 24
0 C 30
4 S 31
4 W 32 70
4 R 215
4 R 149
4 R 239
4 R 30
4 R 71
4 C 31
5 S 32
5 W 39 97
5 W 26 99
5 R 151
5 W 17 8
5 W 254 95
5 W 31 66
5 R 30
5 R 11
5 R 213
5 C 32
1 S 33
1 R 11
1 R 21
1 R 227
1 W 110 70
1 R 127
1 W 243 88
1 W 5 69
1 W 5 93
1 W 163 29
1 R 167
1 R 17
1 R 24
1 W 23 54
1 R 74
1 R 56
1 R 251
1 W 9 73
1 R 20
1 C 33
3 S 34
3 R 154
3 W 145 11
3 W 42 6
3 W 188 17
3 W 151 30
3 W 23 44
3 W 77 41
3 W 10 9
3 W 253 91
3 W 17 62
3 C 34
4 S 35
4 W 184 24
4 R 1
4 R 1
4 R 6
4 R 151
4 R 41
4 W 140 100
4 C 35
6 S 36
6 W 230 10
6 R 49
6 W 133 85
6 W 252 78
6 R 86
6 R 245
6 W 139 4
6 R 60
6 W 18 57
6 R 14
6 W 207 97
6 R 26
6 W 48 54
6 R 26
6 W 25 88
6 R 50
6 W 218 38
6 W 29 98
6 R 233
6 C 36
3 S 37
3 W 68 6
3 W 143 0
3 R 0
3 W 95 26
3 R 124
3 W 4 94
3 R 237
3 W 65 26
3 W 159 41
3 R 106
3 W 83 25
3 R 39
3 R 39
3 R 27
3 W 215 46
3 R 97
3 W 29 45
3 C 37
1 S 38
1 R 7
1 R 111
1 W 154 97
1 R 16
1 R 2
1 W 23 45
1 W 184 15
1 W 27 10
1 W 14 90
1 R 15
1 R 123
1 W 18 53
1 R 20
1 R 9
1 R 58
1 W 16 3
1 W 109 89
1 R 9
1 C 38
0 S 39
0 W 4 100
0 W 20 12
0 R 18
0 R 22
0 W 20 100
0 W 80 72
0 R 125
0 W 229 95
0 W 106 86
0 C 39
5 S 40
5 R 52
5 R 25
5 W 21 13
5 R 199
5 W 243 26
5 R 25
5 R 22
5 R 12
5 W 22 12
5 W 1 5
5 R 164
5 R 36
5 W 92 98
5 R 254
5 W 14 24
5 W 102 29
5 W 164 31
5 R 13
5 R 23
5 C 40
2 S 41
2 W 3 32
2 R 20
2 R 172
2 R 98
2 R 42
2 W 175 49
2 R 15
2 W 27 2
2 W 31 61
2 R 21
2 R 20
2 W 108 98
2 W 5 6
2 W 144 74
2 W 14 74
2 R 100
2 W 4 32
2 W 83 80
2 R 190
2 W 199 63
2 C 41
1 S 42
1 W 127 64
1 W 224 51
1 W 235 50
1 W 8 69
1 W 148 37
1 R 20
1 R 228
1 W 27 57
1 W 231 21
1 W 5 96
1 R 24
1 R 190
1 W 113 2
1 R 52
1 R 194
1 W 8 89
1 C 42
6 S 43
6 R 29
6 W 19 57
6 R 140
6 R 159
6 W 1 16
6 R 201
6 R 83
6 W 24 50
6 W 119 6
6 W 240 92
6 W 140 48
6 C 43
5 S 44
5 W 19 46
5 W 201 3
5 W 203 59
5 R 8
5 R 111
5 W 227 58
5 R 14
5 W 4 44
5 W 23 79
5 W 48 33
5 W 18 89
5 W 163 6
5 R 101
5 R 120
5 C 44
0 S 45
0 W 43 55
0 R 204
0 W 183 98
0 W 6 88
0 R 11
0 R 141
0 R 25
0 W 8 7
0 R 190
0 W 149 98
0 R 31
0 R 8
0 W 120 86
0 R 110
0 C 45
4 S 46
4 R 24
4 R 156
4 R 58
4 W 22 54
4 W 18 20
4 W 253 18
4 W 246 36
4 R 48
4 W 248 3
4 R 2
4 R 122
4 W 10 80
4 W 1 10
4 C 46
3 S 47
3 W 34 4
3 R 111
3 R 149
3 R 141
3 R 26
3 R 13
3 R 199
3 C 47
2 S 48
2 W 23 55
2 W 30 67
2 R 14
2 W 76 78
2 R 142
2 W 14 37
2 R 121
2 W 129 14
2 R 252
2 R 6
2 W 220 40
2 R 27
2 R 41
2 W 213 69
2 C 48
1 S 49
1 W 30 41
1 R 20
1 W 236 58
1 W 27 73
1 R 124
1 R 116
1 R 69
1 W 25 74
1 R 3
1 C 49
4 S 50
4 R 201
4 W 34 40
4 W 29 83
4 R 146
4 W 14 68
4 R 92
4 R 198
4 R 187
4 W 237 98
4 R 185
4 W 14 24
4 R 21
4 R 52
4 W 110 31
4 R 28
4 W 111 45
4 W 204 96
4 R 29
4 R 110
4 W 8 26
4 C 50
6 S 51
6 W 169 21
6 W 17 38
6 W 171 27
6 R 27
6 W 20 39
6 R 23
6 W 209 16
6 W 252 45
6 R 13
6 R 153
6 W 53 74
6 R 236
6 R 6
6 W 25 70
6 R 31
6 W 210 87
6 R 172
6 R 223
6 R 134
6 R 2
6 C 51
2 S 52
2 W 251 70
2 W 12 15
2 W 76 68
2 R 5
2 W 208 12
2 R 75
2 W 9 58
2 R 77
2 W 223 76
2 W 182 4
2 W 228 9
2 R 140
2 C 52
0 S 53
0 W 127 33
0 R 9
0 W 148 75
0 W 203 23
0 W 18 66
0 W 239 19
0 R 7
0 R 119
0 R 24
0 W 103 67
0 W 6 89
0 R 111
0 R 31
0 R 154
0 W 77 50
0 W 64 89
0 R 208
0 W 156 80
0 W 196 46
0 R 71
0 C 53
5 S 54
5 W 253 65
5 R 83
5 W 66 8
5 R 152
5 W 220 89
5 W 224 43
5 R 0
5 R 86
5 R 38
5 C 54
3 S 55
3 R 25
3 W 75 8
3 R 187
3 R 16
3 W 172 97
3 R 21
3 R 114
3 W 19 86
3 R 10
3 C 55
5 S 56
5 R 3
5 R 201
5 W 117 70
5 W 125 28
5 R 14
5 R 30
5 W 62 16
5 W 19 77
5 C 56
2 S 57
2 R 190
2 W 20 28
2 W 29 26
2 W 101 64
2 R 179
2 R 14
2 R 109
2 R 147
2 R 186
2 W 135 1
2 R 20
2 W 222 85
2 R 219
2 R 253
2 R 152
2 W 9 44
2 W 115 3
2 R 5
2 W 146 62
2 C 57
1 S 58
1 W 155 75
1 R 57
1 W 28 37
1 R 24
1 W 145 98
1 W 215 68
1 W 8 60
1 W 37 21
1 W 148 35
1 R 28
1 R 199
1 R 8
1 R 249
1 W 7 71
1 W 200 95
1 R 23
1 C 58
0 S 59
0 R 79
0 W 14 93
0 R 9
0 R 1
0 R 29
0 R 217
0 W 102 13
0 W 238 16
0 W 249 68
0 W 116 37
0 R 5
0 W 40 38
0 R 20
0 C 59
3 S 60
3 R 128
3 R 251
3 W 221 0
3 R 218
3 W 25 34
3 R 246
3 C 60
4 S 61
4 W 7 33
4 R 131
4 W 174 88
4 W 184 2
4 W 12 0
4 R 22
4 W 248 33
4 W 118 47
4 W 3 47
4 R 23
4 R 39
4 R 229
4 W 30 89
4 W 110 62
4 R 6
4 R 24
4 W 125 24
4 R 7
4 R 7
4 C 61
6 S 62
6 R 3
6 R 9
6 R 10
6 R 138
6 R 197
6 R 237
6 W 10 23
6 W 84 29
6 R 163
6 R 18
6 W 81 48
6 W 62 12
6 W 46 45
6 W 139 30
6 W 105 9
6 R 9
6 W 26 28
6 C 62
0 S 63
0 R 232
0 W 30 62
0 W 165 80
0 R 193
0 R 176
0 R 155
0 W 29 40
0 R 221
0 W 172 33
0 W 252 10
0 R 98
0 R 31
0 R 51
0 R 152
0 R 1
0 W 44 73
0 R 1
0 R 92
0 R 192
0 R 52
0 C 63
1 S 64
1 R 82
1 R 168
1 W 183 0
1 W 16 60
1 R 8
1 W 165 32
1 R 2
1 W 172 68
1 W 19 90
1 R 18
1 R 97
1 C 64
2 S 65
2 R 29
2 R 244
2 R 20
2 R 98
2 R 3
2 R 80
2 R 9
2 R 35
2 W 188 46
2 W 75 62
2 W 210 13
2 W 1 70
2 W 123 63
2 R 224
2 R 30
2 W 22 34
2 R 225
2 W 6 24
2 R 76
2 R 23
2 C 65
4 S 66
4 W 205 10
4 R 2
4 R 124
4 R 25
4 R 216
4 W 14 82
4 R 15
4 W 3 49
4 R 218
4 C 66
6 S 67
6 W 158 71
6 W 9 19
6 R 181
6 R 213
6 W 27 82
6 R 18
6 R 10
6 R 218
6 R 245
6 C 67
3 S 68
3 W 7 42
3 W 26 63
3 R 30
3 W 118 24
3 R 27
3 R 11
3 W 20 29
3 R 196
3 C 68
5 S 69
5 R 5
5 R 7
5 R 238
5 R 83
5 W 23 97
5 W 99 33
5 C 69
1 S 70
1 W 3 91
1 R 176
1 W 15 31
1 W 107 95
1 W 131 47
1 W 209 66
1 W 85 100
1 W 17 27
1 R 112
1 W 239 31
1 R 234
1 W 172 16
1 R 25
1 W 6 12
1 R 17
1 W 137 18
1 W 24 26
1 R 11
1 W 24 92
1 C 70
0 S 71
0 R 227
0 R 7
0 W 122 32
0 R 92
0 W 211 40
0 W 2 100
0 R 200
0 R 181
0 W 83 76
0 R 114
0 R 8
0 W 42 27
0 W 251 4
0 R 218
0 R 73
0 C 71
4 S 72
4 R 110
4 R 162
4 R 29
4 R 15
4 R 195
4 W 86 16
4 W 4 59
4 R 251
4 R 222
4 R 30
4 R 25
4 W 42 32
4 R 247
4 C 72
6 S 73
6 R 22
6 R 72
6 W 57 29
6 W 198 50
6 W 31 12
6 W 129 13
6 R 32
6 W 138 97
6 R 15
6 R 164
6 W 44 69
6 W 9 87
6 R 239
6 W 28 83
6 R 212
6 C 73
5 S 74
5 R 220
5 R 3
5 W 167 40
5 W 3 63
5 W 118 96
5 W 225 60
5 W 22 97
5 W 47 21
5 R 159
5 W 183 50
5 W 3 36
5 W 164 35
5 R 21
5 W 10 65
5 W 42 39
5 C 74
2 S 75
2 W 49 15
2 R 209
2 W 156 48
2 R 0
2 W 253 36
2 R 107
2 W 48 51
2 R 78
2 R 6
2 R 108
2 W 252 61
2 R 247
2 C 75
3 S 76
3 R 156
3 W 188 76
3 R 27
3 W 25 86
3 W 27 64
3 W 7 71
3 W 5 96
3 W 19 72
3 R 3
3 R 181
3 R 119
3 R 112
3 R 15
3 R 19
3 W 19 2
3 C 76
5 S 77
5 W 8 95
5 R 223
5 R 144
5 W 2 10
5 R 29
5 W 195 11
5 W 68 63
5 R 207
5 W 31 66
5 R 178
5 R 53
5 R 200
5 W 120 58
5 W 27 98
5 W 22 17
5 C 77
0 S 78
0 W 53 58
0 W 9 78
0 W 245 17
0 R 216
0 W 3 56
0 R 95
0 C 78
2 S 79
2 W 22 32
2 W 19 89
2 R 86
2 W 147 8
2 W 30 34
2 R 9
2 C 79
6 S 80
6 W 132 68
6 R 17
6 W 154 71
6 R 83
6 R 198
6 W 25 7
6 W 9 82
6 R 13
6 R 41
6 R 19
6 R 74
6 R 4
6 W 23 60
6 W 16 6
6 R 117
6 R 153
6 C 80
3 S 81
3 W 15 22
3 R 151
3 W 27 30
3 R 235
3 W 59 27
3 W 197 19
3 W 23 89
3 R 20
3 W 205 58
3 R 31
3 W 205 65
3 W 106 58
3 R 104
3 R 93
3 W 4 86
3 C 81
4 S 82
4 R 229
4 R 208
4 W 22 68
4 W 4 2
4 W 213 31
4 W 130 96
4 W 229 39
4 W 15 89
4 W 21 53
4 W 10 75
4 R 27
4 R 19
4 R 187
4 W 231 55
4 W 93 85
4 W 15 82
4 W 135 32
4 C 82
1 S 83
1 W 0 68
1 W 91 77
1 R 23
1 W 45 36
1 R 244
1 R 135
1 R 0
1 R 106
1 W 146 12
1 R 195
1 R 34
1 R 51
1 W 157 43
1 C 83
2 S 84
2 W 8 93
2 R 72
2 R 0
2 W 75 33
2 R 59
2 W 146 18
2 R 83
2 W 2 51
2 R 9
2 W 3 60
2 W 59 77
2 W 6 40
2 W 7 46
2 W 6 77
2 R 3
2 W 35 66
2 R 1
2 C 84
1 S 85
1 W 119 61
1 W 86 15
1 W 29 2
1 R 23
1 R 26
1 W 62 55
1 W 233 23
1 W 212 70
1 W 223 93
1 R 23
1 R 242
1 R 26
1 R 184
1 R 26
1 W 105 85
1 R 18
1 W 208 95
1 W 151 95
1 W 3 78
1 C 85
5 S 86
5 W 1 39
5 W 17 90
5 W 29 14
5 R 10
5 R 199
5 W 11 5
5 W 98 7
5 W 12 46
5 W 21 58
5 W 88 7
5 W 125 82
5 R 25
5 R 114
5 W 175 9
5 W 235 34
5 W 20 39
5 W 223 15
5 C 86
6 S 87
6 W 18 50
6 W 40 98
6 W 13 97
6 R 6
6 R 17
6 W 14 23
6 W 87 58
6 R 121
6 R 84
6 R 8
6 R 9
6 C 87
3 S 88
3 R 31
3 R 195
3 R 5
3 R 139
3 R 34
3 R 106
3 W 75 89
3 C 88
4 S 89
4 R 231
4 W 144 19
4 W 144 15
4 W 169 6
4 W 16 82
4 R 15
4 R 125
4 R 134
4 R 28
4 W 8 31
4 W 78 95
4 W 252 89
4 C 89
0 S 90
0 W 17 13
0 R 7
0 W 194 61
0 W 82 2
0 W 30 69
0 W 120 50
0 W 68 30
0 R 195
0 R 181
0 C 90
2 S 91
2 R 141
2 R 143
2 R 230
2 W 164 87
2 W 212 49
2 R 77
2 R 66
2 R 6
2 R 108
2 W 76 42
2 R 5
2 W 200 5
2 R 11
2 W 1 30
2 R 200
2 C 91
3 S 92
3 W 12 73
3 R 27
3 R 24
3 R 19
3 W 28 84
3 W 2 0
3 R 9
3 W 13 82
3 R 222
3 R 104
3 W 201 35
3 W 23 26
3 R 104
3 R 242
3 W 1 2
3 R 29
3 C 92
0 S 93
0 R 187
0 W 179 89
0 W 6 48
0 R 13
0 R 24
0 R 177
0 W 19 50
0 W 111 14
0 W 197 66
0 W 112 80
0 R 15
0 R 5
0 R 57
0 R 6
0 R 61
0 R 57
0 C 93
5 S 94
5 R 110
5 W 55 23
5 R 67
5 W 7 83
5 W 187 47
5 W 30 83
5 W 12 92
5 R 14
5 W 31 0
5 R 255
5 R 149
5 R 20
5 R 12
5 W 17 26
5 R 58
5 W 1 61
5 R 44
5 R 16
5 R 23
5 C 94
4 S 95
4 W 174 60
4 R 19
4 R 26
4 R 247
4 R 21
4 W 28 6
4 R 8
4 W 75 11
4 R 196
4 W 19 15
4 W 7 44
4 R 25
4 R 105
4 W 11 99
4 R 3
4 R 243
4 C 95
1 S 96
1 W 20 54
1 W 64 97
1 W 86 82
1 R 33
1 W 181 8
1 R 166
1 W 44 45
1 W 245 89
1 R 108
1 R 49
1 W 14 58
1 W 253 34
1 R 120
1 W 216 99
1 W 241 15
1 R 217
1 C 96
6 S 97
6 W 8 78
6 R 223
6 W 48 48
6 R 14
6 W 115 2
6 R 16
6 W 22 13
6 C 97
6 S 98
6 R 160
6 R 6
6 W 127 7
6 R 8
6 R 145
6 W 41 59
6 W 23 96
6 W 160 53
6 W 162 33
6 W 172 54
6 C 98
1 S 99
1 W 214 22
1 W 11 54
1 R 14
1 W 98 56
1 R 39
1 W 18 85
1 W 165 81
1 W 199 12
1 W 19 94
1 R 184
1 W 236 17
1 R 137
1 W 23 62
1 R 94
1 W 239 60
1 C 99
5 S 100
5 W 27 37
5 R 74
5 W 113 13
5 R 22
5 R 227
5 R 98
5 R 21
5 R 212
5 R 45
5 W 47 45
5 R 138
5 W 13 61
5 R 249
5 R 26
5 W 27 36
5 R 24
5 W 30 92
5 R 124
5 W 158 81
5 C 100
0 S 101
0 R 79
0 W 192 63
0 W 90 89
0 R 255
0 R 212
0 R 160
0 W 60 41
0 R 2
0 R 13
0 W 13 49
0 R 252
0 R 233
0 R 144
0 W 7 78
0 C 101
3 S 102
3 R 27
3 W 131 77
3 R 48
3 W 25 70
3 W 234 95
3 W 21 44
3 C 102
4 S 103
4 R 10
4 W 195 13
4 R 18
4 R 226
4 R 160
4 R 167
4 R 4
4 W 10 52
4 W 179 46
4 C 103
2 S 104
2 R 3
2 R 22
2 W 213 11
2 W 41 32
2 W 35 43
2 R 28
2 R 70
2 W 1 80
2 R 177
2 R 96
2 W 214 51
2 W 12 62
2 W 52 3
2 W 31 20
2 R 200
2 R 12
2 R 3
2 W 5 15
2 R 25
2 C 104
0 S 105
0 W 23 49
0 W 22 63
0 R 2
0 R 5
0 W 88 56
0 R 20
0 R 40
0 R 34
0 R 0
0 W 227 83
0 W 72 1
0 W 196 32
0 W 25 56
0 W 239 84
0 R 112
0 W 11 41
0 R 90
0 W 156 80
0 W 12 88
0 W 80 6
0 C 105
5 S 106
5 W 5 99
5 W 2 41
5 R 243
5 W 29 58
5 R 13
5 W 35 36
5 R 40
5 R 189
5 R 8
5 R 30
5 C 106
2 S 107
2 W 235 84
2 R 9
2 W 45 98
2 W 74 91
2 R 15
2 W 199 98
2 R 76
2 R 41
2 W 27 43
2 C 107
4 S 108
4 R 88
4 W 28 19
4 R 19
4 R 195
4 R 127
4 R 29
4 W 75 70
4 W 168 62
4 R 154
4 W 219 88
4 R 31
4 W 203 89
4 C 108
1 S 109
1 W 4 31
1 W 9 29
1 W 29 49
1 R 97
1 W 175 19
1 W 229 63
1 W 151 6
1 R 1
1 R 17
1 W 120 96
1 R 35
1 R 112
1 W 19 86
1 W 39 78
1 W 121 43
1 W 25 14
1 W 6 83
1 C 109
3 S 110
3 R 10
3 R 151
3 R 168
3 R 228
3 R 6
3 W 5 90
3 W 87 72
3 W 199 5
3 W 7 50
3 R 29
3 R 203
3 R 207
3 C 110
6 S 111
6 R 123
6 R 115
6 R 166
6 R 125
6 W 9 15
6 R 164
6 C 111
5 S 112
5 W 129 67
5 W 254 64
5 R 236
5 W 17 92
5 W 16 77
5 W 131 67
5 W 146 95
5 W 18 33
5 W 29 96
5 W 31 33
5 W 202 65
5 W 9 52
5 R 21
5 W 130 44
5 W 7 100
5 W 3 32
5 W 1 91
5 W 15 76
5 R 246
5 C 112
1 S 113
1 R 210
1 W 145 11
1 W 151 6
1 R 220
1 W 67 72
1 R 92
1 W 57 41
1 W 31 43
1 R 16
1 R 52
1 R 170
1 W 197 45
1 W 26 20
1 R 14
1 W 230 21
1 W 155 58
1 C 113
0 S 114
0 R 26
0 W 218 9
0 R 29
0 R 16
0 W 15 74
0 R 87
0 R 24
0 R 172
0 R 28
0 W 18 79
0 W 27 57
0 C 114
2 S 115
2 R 145
2 R 20
2 W 6 36
2 R 26
2 W 237 84
2 W 24 61
2 W 1 40
2 W 3 93
2 W 124 86
2 R 68
2 R 61
2 W 225 8
2 C 115
6 S 116
6 W 176 89
6 R 137
6 W 17 83
6 W 101 56
6 W 200 52
6 R 100
6 W 215 22
6 R 62
6 R 26
6 W 224 53
6 W 30 22
6 R 173
6 W 199 62
6 R 165
6 R 53
6 W 18 11
6 R 21
6 R 213
6 R 18
6 R 173
6 C 116
3 S 117
3 R 85
3 R 141
3 W 128 35
3 W 229 43
3 W 2 77
3 R 156
3 W 29 20
3 W 11 49
3 R 2
3 W 206 97
3 W 10 35
3 R 186
3 W 232 85
3 W 6 70
3 R 103
3 W 226 28
3 W 136 22
3 C 117
4 S 118
4 R 116
4 W 23 5
4 R 30
4 W 14 63
4 W 67 61
4 W 163 16
4 R 9
4 W 193 46
4 R 230
4 R 22
4 R 22
4 C 118
3 S 119
3 W 214 70
3 W 26 62
3 R 58
3 R 197
3 W 53 88
3 R 32
3 C 119
1 S 120
1 R 13
1 W 115 48
1 W 81 12
1 W 192 42
1 R 140
1 W 89 37
1 W 145 36
1 W 173 46
1 W 52 5
1 W 250 85
1 R 31
1 R 31
1 C 120
2 S 121
2 R 12
2 W 57 49
2 R 204
2 R 73
2 W 187 56
2 R 16
2 W 234 4
2 R 72
2 C 121
4 S 122
4 R 22
4 W 151 63
4 R 27
4 W 9 64
4 R 30
4 W 94 67
4 W 4 5
4 W 6 52
4 R 11
4 R 26
4 R 140
4 R 19
4 C 122
5 S 123
5 W 8 37
5 R 15
5 W 251 50
5 R 48
5 W 18 15
5 W 91 24
5 W 221 36
5 W 211 27
5 W 216 7
5 R 226
5 R 11
5 R 211
5 W 31 75
5 R 2
5 W 17 53
5 W 108 56
5 R 175
5 W 237 46
5 R 86
5 C 123
6 S 124
6 W 165 60
6 W 5 66
6 W 36 48
6 R 182
6 R 77
6 R 28
6 W 13 7
6 W 16 2
6 W 16 49
6 R 240
6 C 124
0 S 125
0 W 25 41
0 W 86 1
0 W 10 53
0 W 204 38
0 R 7
0 W 14 1
0 W 177 76
0 W 79 6
0 R 19
0 W 251 42
0 W 7 54
0 C 125
0 S 126
0 W 11 68
0 W 157 84
0 R 163
0 R 22
0 W 113 21
0 W 187 66
0 R 18
0 W 218 15
0 W 87 20
0 R 40
0 R 35
0 W 133 85
0 W 84 12
0 W 195 39
0 R 75
0 R 172
0 R 10
0 R 6
0 W 0 75
0 R 240
0 C 126
1 S 127
1 R 21
1 R 246
1 R 1
1 W 10 71
1 R 29
1 W 7 5
1 W 11 70
1 W 114 3
1 W 21 11
1 W 27 63
1 W 196 0
1 R 29
1 R 85
1 W 15 5
1 W 40 85
1 W 54 16
1 C 127
3 S 128
3 W 22 72
3 R 0
3 R 174
3 R 4
3 W 139 95
3 W 249 46
3 W 13 0
3 W 29 51
3 R 10
3 W 22 24
3 R 241
3 W 238 70
3 R 19
3 C 128
6 S 129
6 R 128
6 W 17 99
6 W 210 48
6 R 8
6 R 206
6 R 28
6 R 19
6 W 179 20
6 R 63
6 R 137
6 R 204
6 R 30
6 W 16 88
6 W 50 76
6 C 129
2 S 130
2 R 124
2 R 234
2 W 5 67
2 W 235 19
2 R 166
2 R 250
2 R 57
2 W 114 60
2 W 208 38
2 W 24 5
2 R 2
2 R 12
2 W 13 4
2 W 2 91
2 W 68 46
2 W 231 33
2 R 119
2 R 9
2 R 28
2 C 130
5 S 131
5 W 30 94
5 W 30 75
5 W 15 86
5 R 31
5 W 137 33
5 R 124
5 R 172
5 W 21 87
5 W 59 2
5 W 228 63
5 W 13 61
5 W 86 58
5 C 131
4 S 132
4 W 16 91
4 W 1 70
4 W 2 54
4 W 16 71
4 R 11
4 W 176 0
4 W 145 81
4 W 18 47
4 W 18 6
4 R 5
4 W 163 53
4 R 27
4 W 77 9
4 R 16
4 W 230 86
4 R 13
4 R 28
4 W 183 77
4 W 89 95
4 C 132
6 S 133
6 W 61 81
6 R 32
6 R 107
6 R 12
6 R 7
6 R 24
6 R 87
6 W 211 57
6 R 136
6 C 133
3 S 134
3 R 18
3 R 2
3 W 165 41
3 W 12 2
3 R 89
3 R 10
3 W 90 25
3 R 40
3 C 134
0 S 135
0 R 168
0 R 236
0 W 187 98
0 W 4 63
0 R 63
0 R 10
0 W 3 71
0 C 135
1 S 136
1 W 110 38
1 R 69
1 W 28 63
1 W 167 58
1 W 55 96
1 R 20
1 R 2
1 W 140 46
1 W 18 15
1 R 88
1 W 28 95
1 C 136
2 S 137
2 R 4
2 R 5
2 R 133
2 W 14 9
2 W 1 1
2 R 250
2 W 16 90
2 W 60 5
2 R 26
2 R 221
2 W 168 61
2 W 13 100
2 R 25
2 R 28
2 R 86
2 R 77
2 W 28 84
2 W 99 8
2 C 137
5 S 138
5 R 11
5 W 170 62
5 R 246
5 W 28 39
5 R 219
5 W 31 41
5 R 42
5 R 76
5 R 17
5 W 133 38
5 R 148
5 R 26
5 R 226
5 R 155
5 W 0 69
5 W 228 26
5 R 13
5 R 0
5 W 6 70
5 W 65 78
5 C 138
4 S 139
4 R 18
4 R 135
4 W 7 34
4 R 5
4 R 55
4 W 169 44
4 W 136 63
4 R 95
4 R 2
4 W 40 42
4 R 29
4 R 14
4 R 246
4 W 155 2
4 W 76 92
4 R 19
4 R 23
4 W 124 62
4 R 14
4 W 14 43
4 C 139
2 S 140
2 W 236 25
2 R 24
2 W 85 90
2 W 253 36
2 R 8
2 R 20
2 R 13
2 R 159
2 R 35
2 W 152 22
2 R 0
2 R 11
2 R 152
2 W 51 34
2 W 200 68
2 R 116
2 C 140
5 S 141
5 W 21 89
5 R 21
5 W 166 42
5 W 20 44
5 R 178
5 R 9
5 R 12
5 R 34
5 W 1 5
5 R 126
5 R 80
5 W 230 32
5 R 27
5 W 5 53
5 C 141
0 S 142
0 W 213 98
0 R 68
0 R 164
0 R 5
0 R 254
0 R 3
0 W 129 17
0 R 49
0 W 77 12
0 R 143
0 W 10 53
0 W 92 35
0 R 65
0 C 142
4 S 143
4 W 95 0
4 W 203 76
4 W 219 42
4 W 77 47
4 W 242 42
4 W 13 7
4 R 26
4 C 143
6 S 144
6 W 129 33
6 R 125
6 R 21
6 W 5 66
6 W 203 57
6 W 15 19
6 W 157 59
6 W 18 46
6 W 18 100
6 W 25 27
6 R 171
6 W 152 15
6 W 187 73
6 W 7 42
6 R 45
6 R 140
6 C 144
3 S 145
3 R 212
3 W 20 93
3 R 16
3 W 139 16
3 W 5 67
3 W 165 60
3 W 211 91
3 W 2 42
3 C 145
1 S 146
1 W 43 57
1 W 21 61
1 W 12 8
1 W 2 73
1 R 251
1 R 144
1 W 46 76
1 W 214 62
1 W 7 45
1 W 86 4
1 R 20
1 R 254
1 R 178
1 W 144 10
1 W 116 78
1 R 67
1 C 146
4 S 147
4 W 193 27
4 W 62 3
4 W 109 75
4 W 10 61
4 W 198 91
4 R 250
4 W 144 40
4 R 76
4 W 150 85
4 C 147
3 S 148
3 R 163
3 R 12
3 W 23 98
3 W 213 61
3 R 45
3 R 45
3 W 84 60
3 R 117
3 W 23 0
3 W 147 58
3 W 15 48
3 C 148
6 S 149
6 W 88 73
6 W 19 49
6 R 36
6 W 89 63
6 R 218
6 W 12 30
6 W 151 15
6 R 188
6 W 61 37
6 C 149
1 S 150
1 W 14 65
1 R 11
1 W 192 8
1 W 33 72
1 R 197
1 R 215
1 W 87 87
1 R 138
1 R 7
1 R 0
1 R 12
1 W 2 74
1 R 204
1 W 143 94
1 R 20
1 W 21 7
1 W 12 58
1 C 150
5 S 151
5 W 25 10
5 R 60
5 W 2 9
5 W 25 49
5 W 61 46
5 W 21 16
5 R 12
5 R 130
5 R 156
5 R 173
5 R 43
5 R 6
5 W 15 31
5 W 3 7
5 W 14 16
5 R 112
5 W 101 42
5 W 57 0
5 R 14
5 C 151
0 S 152
0 W 83 58
0 W 25 89
0 W 112 92
0 W 185 24
0 W 208 29
0 R 7
0 R 216
0 C 152
2 S 153
2 W 62 64
2 W 20 34
2 R 54
2 R 26
2 W 2 3
2 W 204 94
2 C 153
3 S 154
3 W 67 58
3 R 4
3 R 27
3 W 209 92
3 R 37
3 W 114 8
3 R 240
3 W 197 22
3 R 198
3 R 21
3 R 16
3 W 119 0
3 R 159
3 W 53 36
3 R 116
3 C 154
2 S 155
2 R 239
2 W 15 18
2 R 138
2 R 56
2 W 165 95
2 W 65 68
2 W 24 92
2 W 16 98
2 W 1 87
2 W 13 28
2 R 90
2 W 27 11
2 W 206 43
2 C 155
5 S 156
5 R 216
5 W 5 13
5 W 5 10
5 R 21
5 W 169 2
5 R 102
5 W 145 34
5 W 23 92
5 R 184
5 W 4 19
5 W 96 30
5 W 4 95
5 W 1 0
5 W 235 9
5 R 104
5 W 28 75
5 W 120 20
5 W 23 58
5 R 45
5 R 210
5 C 156
1 S 157
1 R 29
1 R 171
1 W 8 25
1 R 216
1 R 13
1 W 12 82
1 W 169 81
1 W 9 4
1 R 13
1 W 14 83
1 W 28 57
1 W 49 61
1 C 157
4 S 158
4 W 153 51
4 R 26
4 R 0
4 W 11 75
4 W 9 70
4 R 26
4 W 26 96
4 W 64 7
4 R 43
4 C 158
0 S 159
0 W 20 78
0 R 160
0 R 52
0 W 145 42
0 R 16
0 R 186
0 W 28 83
0 C 159
6 S 160
6 W 1 52
6 R 178
6 W 28 54
6 R 21
6 W 3 89
6 W 1 72
6 R 218
6 W 24 72
6 W 14 31
6 W 61 10
6 R 175
6 W 87 99
6 R 11
6 R 2
6 R 133
6 R 223
6 W 217 10
6 R 93
6 R 253
6 C 160
2 S 161
2 W 28 79
2 R 3
2 W 84 17
2 R 5
2 R 6
2 R 58
2 R 18
2 W 4 48
2 R 62
2 W 196 19
2 R 157
2 W 22 19
2 R 17
2 W 187 36
2 R 149
2 W 25 75
2 W 172 55
2 R 35
2 W 7 68
2 R 129
2 C 161
1 S 162
1 R 135
1 R 203
1 W 253 28
1 R 215
1 W 4 61
1 R 126
1 R 73
1 C 162
6 S 163
6 R 18
6 W 30 80
6 R 19
6 W 14 8
6 R 1
6 R 83
6 W 118 19
6 W 21 40
6 W 11 92
6 R 141
6 W 116 6
6 W 163 17
6 R 13
6 R 0
6 R 27
6 R 215
6 R 134
6 W 19 17
6 W 0 4
6 W 108 49
6 C 163
3 S 164
3 R 41
3 W 155 50
3 W 26 25
3 W 27 89
3 R 22
3 W 74 20
3 R 54
3 W 44 94
3 W 98 11
3 R 155
3 W 133 18
3 W 210 88
3 W 140 99
3 R 13
3 C 164
5 S 165
5 W 75 10
5 W 0 83
5 W 230 86
5 R 11
5 R 20
5 R 148
5 W 3 4
5 R 253
5 R 189
5 R 41
5 R 16
5 C 165
0 S 166
0 W 30 49
0 R 11
0 R 210
0 R 26
0 W 182 28
0 R 212
0 W 2 80
0 R 165
0 R 26
0 W 16 87
0 R 121
0 W 39 45
0 R 72
0 W 72 53
0 R 24
0 W 116 81
0 W 11 16
0 W 65 27
0 C 166
4 S 167
4 R 117
4 W 3 40
4 W 20 100
4 W 30 61
4 R 84
4 R 10
4 R 119
4 C 167
4 S 168
4 W 58 82
4 R 165
4 R 151
4 R 81
4 R 20
4 R 162
4 W 139 59
4 R 22
4 R 161
4 R 110
4 W 55 44
4 W 3 88
4 W 25 86
4 C 168
5 S 169
5 W 14 94
5 W 171 65
5 W 27 88
5 W 218 81
5 R 12
5 R 126
5 R 101
5 W 228 90
5 W 46 51
5 W 62 13
5 R 4
5 W 193 87
5 R 55
5 R 187
5 W 84 19
5 C 169
6 S 170
6 R 15
6 R 248
6 R 90
6 W 135 84
6 W 7 5
6 W 12 62
6 R 40
6 W 191 76
6 R 42
6 W 37 67
6 W 12 89
6 W 127 63
6 R 244
6 R 29
6 W 63 42
6 W 52 4
6 W 175 62
6 C 170
1 S 171
1 R 71
1 W 19 80
1 R 148
1 R 8
1 R 3
1 W 253 85
1 W 50 62
1 W 29 76
1 R 243
1 R 7
1 C 171
2 S 172
2 W 78 16
2 W 128 28
2 W 21 11
2 R 143
2 W 20 95
2 W 30 11
2 W 21 75
2 R 240
2 R 0
2 R 24
2 R 31
2 R 190
2 R 23
2 R 17
2 R 43
2 W 19 25
2 W 31 82
2 R 4
2 C 172
0 S 173
0 R 214
0 W 87 20
0 W 220 6
0 R 168
0 R 229
0 R 152
0 R 1
0 R 206
0 R 10
0 W 175 71
0 W 110 85
0 W 16 97
0 W 8 99
0 W 4 83
0 R 46
0 R 37
0 R 46
0 W 92 29
0 W 1 43
0 C 173
3 S 174
3 R 4
3 R 132
3 R 24
3 W 78 93
3 R 8
3 W 16 92
3 R 27
3 W 122 70
3 R 210
3 R 39
3 C 174
6 S 175
6 R 14
6 W 196 5
6 R 222
6 R 3
6 R 45
6 R 138
6 R 145
6 W 56 90
6 W 162 65
6 R 115
6 C 175
5 S 176
5 R 29
5 W 83 30
5 W 1 25
5 R 77
5 R 84
5 W 29 68
5 W 246 80
5 R 223
5 R 10
5 W 3 91
5 R 170
5 R 148
5 W 25 9
5 R 102
5 R 223
5 W 192 7
5 C 176
4 S 177
4 W 34 90
4 W 1 88
4 R 42
4 W 126 90
4 R 16
4 R 198
4 R 2
4 W 44 77
4 R 10
4 R 129
4 W 12 60
4 W 10 41
4 R 21
4 W 8 82
4 W 179 17
4 W 177 93
4 C 177
2 S 178
2 R 22
2 W 30 12
2 W 165 24
2 W 66 22
2 W 145 33
2 R 99
2 W 254 69
2 W 124 83
2 R 116
2 R 223
2 W 21 76
2 C 178
0 S 179
0 W 114 33
0 R 61
0 R 14
0 R 104
0 W 37 15
0 R 0
0 W 179 32
0 R 88
0 W 105 2
0 R 6
0 C 179
1 S 180
1 R 27
1 R 6
1 R 125
1 R 246
1 R 65
1 W 43 73
1 R 152
1 R 3
1 R 118
1 W 1 42
1 R 21
1 W 25 46
1 R 241
1 W 18 23
1 W 107 84
1 R 10
1 R 86
1 R 28
1 W 88 100
1 R 190
1 C 180
3 S 181
3 R 187
3 W 14 54
3 W 10 10
3 R 240
3 W 81 10
3 R 176
3 R 67
3 W 126 49
3 W 21 6
3 R 78
3 R 124
3 R 192
3 R 181
3 W 99 2
3 W 70 67
3 R 186
3 W 156 15
3 W 208 90
3 C 181
1 S 182
1 R 208
1 W 8 65
1 R 37
1 R 19
1 W 29 77
1 R 23
1 R 143
1 W 29 3
1 W 216 98
1 W 28 36
1 R 13
1 R 129
1 W 2 17
1 W 223 37
1 W 193 83
1 W 78 93
1 W 150 59
1 R 8
1 W 115 19
1 C 182
3 S 183
3 W 11 95
3 W 22 34
3 R 145
3 R 79
3 R 216
3 R 26
3 R 32
3 R 241
3 R 215
3 W 63 12
3 W 25 96
3 R 19
3 W 172 14
3 R 175
3 R 185
3 W 21 28
3 R 201
3 R 145
3 W 24 15
3 W 11 13
3 C 183
5 S 184
5 R 2
5 W 116 86
5 R 30
5 W 132 69
5 W 188 31
5 W 44 25
5 W 253 0
5 R 77
5 R 245
5 R 11
5 R 250
5 W 47 70
5 W 58 92
5 C 184
2 S 185
2 R 107
2 W 249 2
2 R 247
2 W 37 64
2 W 41 64
2 R 14
2 C 185
4 S 186
4 W 18 64
4 W 170 32
4 W 13 70
4 W 161 93
4 W 19 20
4 R 141
4 R 26
4 W 9 80
4 W 25 26
4 C 186
6 S 187
6 R 97
6 R 152
6 W 111 8
6 W 15 13
6 W 13 87
6 R 216
6 R 31
6 W 27 6
6 W 28 28
6 R 171
6 R 23
6 R 230
6 W 154 16
6 W 10 60
6 R 156
6 W 104 0
6 C 187
0 S 188
0 R 211
0 W 22 0
0 W 11 79
0 W 0 5
0 R 37
0 W 251 12
0 W 1 48
0 W 236 28
0 R 13
0 W 148 31
0 R 22
0 R 10
0 R 15
0 W 186 91
0 C 188
3 S 189
3 W 84 8
3 R 163
3 W 95 45
3 R 16
3 R 227
3 W 208 53
3 R 200
3 R 11
3 W 47 95
3 R 209
3 W 6 58
3 R 8
3 W 239 62
3 W 79 27
3 C 189
4 S 190
4 R 14
4 R 181
4 R 0
4 W 200 37
4 R 242
4 R 29
4 W 87 51
4 W 51 47
4 W 34 99
4 R 129
4 R 1
4 W 92 93
4 R 238
4 W 144 50
4 W 31 47
4 R 4
4 W 24 58
4 W 155 11
4 R 24
4 C 190
1 S 191
1 R 27
1 R 118
1 R 1
1 R 244
1 W 237 57
1 R 1
1 W 199 90
1 W 254 40
1 C 191
0 S 192
0 W 177 8
0 W 123 18
0 W 16 1
0 W 15 62
0 R 111
0 R 17
0 W 175 59
0 R 29
0 W 13 25
0 W 212 59
0 W 129 14
0 R 31
0 W 180 84
0 R 51
0 W 5 52
0 R 10
0 W 224 89
0 R 35
0 W 140 65
0 W 29 68
0 C 192
6 S 193
6 W 15 28
6 W 26 98
6 W 108 31
6 W 31 13
6 R 89
6 W 22 51
6 R 117
6 W 146 12
6 R 32
6 W 21 24
6 C 193
5 S 194
5 R 62
5 W 202 57
5 W 209 94
5 W 85 14
5 W 0 28
5 R 198
5 R 29
5 W 19 50
5 R 28
5 R 50
5 R 84
5 R 86
5 R 92
5 R 198
5 R 187
5 W 246 50
5 W 13 78
5 R 58
5 R 167
5 W 182 92
5 C 194
2 S 195
2 R 22
2 W 22 63
2 R 177
2 R 22
2 R 45
2 W 23 73
2 R 47
2 R 29
2 R 247
2 W 4 54
2 W 27 1
2 R 28
2 R 27
2 R 101
2 W 84 48
2 W 116 77
2 W 105 22
2 R 202
2 C 195
5 S 196
5 R 4
5 W 91 23
5 R 199
5 R 45
5 R 19
5 W 20 50
5 W 214 19
5 R 36
5 R 128
5 W 135 10
5 R 185
5 W 7 89
5 W 5 57
5 R 242
5 W 26 88
5 W 30 58
5 W 181 42
5 W 38 97
5 C 196
4 S 197
4 W 80 90
4 W 127 100
4 W 232 86
4 W 175 48
4 R 11
4 R 187
4 W 116 52
4 W 8 20
4 R 11
4 W 119 77
4 W 20 19
4 R 248
4 W 226 39
4 W 135 68
4 R 19
4 R 8
4 W 161 5
4 R 123
4 R 0
4 C 197
3 S 198
3 R 10
3 R 194
3 R 25
3 R 77
3 R 7
3 W 17 56
3 R 16
3 R 126
3 R 174
3 R 224
3 C 198
6 S 199
6 R 252
6 R 1
6 W 49 16
6 R 217
6 W 14 64
6 W 6 9
6 W 5 40
6 W 3 7
6 R 187
6 R 5
6 R 27
6 W 4 18
6 R 226
6 R 5
6 R 247
6 C 199
2 S 200
2 W 45 76
2 W 23 47
2 R 172
2 R 140
2 W 15 23
2 R 21
2 W 93 17
2 R 85
2 R 111
2 C 200
0 S 201
0 R 76
0 W 2 40
0 R 14
0 W 193 5
0 W 180 50
0 W 238 52
0 C 201
1 S 202
1 W 80 90
1 W 200 47
1 W 24 81
1 R 21
1 R 10
1 R 27
1 R 26
1 W 183 89
1 R 107
1 W 7 2
1 W 243 42
1 R 12
1 W 40 19
1 C 202
0 S 203
0 R 14
0 W 87 52
0 R 134
0 W 238 17
0 W 235 30
0 W 12 34
0 R 0
0 R 208
0 R 66
0 W 18 67
0 R 19
0 R 12
0 R 229
0 R 39
0 R 5
0 W 24 19
0 R 15
0 W 230 61
0 R 26
0 C 203
3 S 204
3 R 171
3 W 100 70
3 W 65 8
3 R 241
3 W 21 13
3 R 210
3 R 128
3 W 239 36
3 W 40 33
3 W 14 35
3 W 86 13
3 R 21
3 W 183 9
3 W 10 43
3 C 204
1 S 205
1 W 203 68
1 W 7 68
1 R 18
1 W 196 78
1 W 187 39
1 R 175
1 R 116
1 W 138 82
1 W 21 89
1 W 27 88
1 R 1
1 R 8
1 R 7
1 C 205
4 S 206
4 W 30 46
4 W 7 58
4 W 109 58
4 R 155
4 W 105 11
4 W 137 49
4 R 126
4 W 195 93
4 R 0
4 W 250 72
4 W 31 36
4 W 102 72
4 R 7
4 W 57 18
4 W 3 43
4 W 30 91
4 R 6
4 W 163 51
4 W 90 43
4 W 221 75
4 C 206
2 S 207
2 R 0
2 W 139 26
2 W 244 75
2 W 13 3
2 W 32 98
2 R 113
2 W 0 39
2 R 228
2 R 130
2 R 187
2 R 215
2 W 73 41
2 W 53 3
2 W 2 32
2 W 171 42
2 W 7 76
2 R 19
2 C 207
5 S 208
5 W 227 29
5 W 20 42
5 R 15
5 R 26
5 W 22 37
5 R 97
5 R 3
5 W 4 87
5 W 25 64
5 W 22 40
5 R 87
5 W 30 66
5 R 9
5 R 7
5 W 19 90
5 W 4 97
5 R 20
5 C 208
6 S 209
6 W 16 16
6 R 141
6 W 122 32
6 R 68
6 W 157 76
6 R 48
6 R 1
6 W 231 2
6 W 108 85
6 R 42
6 W 55 67
6 C 209
6 S 210
6 W 94 4
6 R 16
6 R 80
6 R 8
6 R 222
6 W 160 2
6 R 18
6 W 103 61
6 W 104 55
6 W 64 74
6 R 63
6 W 21 25
6 R 121
6 C 210
5 S 211
5 R 233
5 R 156
5 R 30
5 W 227 19
5 W 77 86
5 R 4
5 R 246
5 W 89 11
5 W 104 74
5 R 42
5 R 21
5 R 80
5 R 15
5 R 206
5 R 213
5 W 20 60
5 W 0 10
5 C 211
0 S 212
0 W 238 18
0 R 26
0 W 242 91
0 W 234 61
0 R 26
0 R 9
0 R 217
0 R 114
0 W 9 16
0 R 165
0 R 86
0 R 0
0 W 116 34
0 W 138 68
0 R 18
0 C 212
4 S 213
4 W 129 29
4 R 170
4 W 30 39
4 R 14
4 W 140 64
4 R 69
4 W 150 42
4 R 54
4 W 31 39
4 R 184
4 R 31
4 W 58 87
4 W 74 96
4 W 135 4
4 R 31
4 W 26 64
4 R 75
4 W 173 41
4 C 213
1 S 214
1 R 101
1 R 220
1 R 136
1 R 174
1 R 249
1 W 216 25
1 R 191
1 R 135
1 R 29
1 R 4
1 R 23
1 W 7 43
1 W 230 15
1 W 60 54
1 R 0
1 W 22 13
1 R 20
1 C 214
2 S 215
2 W 196 92
2 W 135 21
2 R 132
2 R 29
2 R 78
2 W 90 87
2 R 2
2 R 198
2 R 57
2 R 232
2 R 23
2 R 242
2 R 7
2 W 165 7
2 W 95 45
2 W 6 25
2 W 115 64
2 R 16
2 W 107 91
2 W 18 78
2 C 215
3 S 216
3 W 244 77
3 W 108 47
3 R 14
3 R 1
3 W 14 4
3 W 99 1
3 R 4
3 W 70 8
3 R 205
3 R 29
3 W 12 49
3 R 22
3 W 179 44
3 W 138 54
3 R 30
3 R 0
3 R 234
3 W 0 58
3 C 216
5 S 217
5 W 216 96
5 W 153 46
5 R 47
5 W 2 52
5 W 36 54
5 W 179 81
5 W 214 3
5 R 248
5 W 211 14
5 R 131
5 W 116 82
5 R 14
5 C 217
6 S 218
6 R 38
6 R 164
6 R 4
6 R 24
6 R 25
6 R 58
6 R 5
6 W 1 1
6 R 18
6 R 22
6 W 219 34
6 C 218
3 S 219
3 R 236
3 W 179 74
3 R 18
3 R 148
3 R 7
3 R 211
3 R 77
3 R 18
3 R 78
3 R 20
3 W 207 66
3 W 96 42
3 C 219
2 S 220
2 R 12
2 W 30 77
2 W 26 46
2 R 115
2 R 52
2 W 66 39
2 W 197 16
2 W 27 51
2 W 12 19
2 W 236 73
2 W 14 80
2 W 12 61
2 W 234 8
2 R 171
2 W 119 28
2 R 25
2 C 220
1 S 221
1 R 16
1 W 4 23
1 W 17 55
1 W 17 68
1 W 145 85
1 W 129 36
1 W 21 82
1 W 17 26
1 R 158
1 R 133
1 W 17 21
1 R 5
1 R 78
1 W 69 39
1 R 6
1 W 249 53
1 R 163
1 R 92
1 C 221
4 S 222
4 R 195
4 R 168
4 W 122 47
4 R 141
4 R 17
4 R 111
4 R 70
4 W 27 4
4 W 116 44
4 R 25
4 R 188
4 W 138 99
4 R 207
4 W 81 27
4 W 26 68
4 W 29 29
4 W 172 8
4 C 222
0 S 223
0 R 198
0 W 243 40
0 R 1
0 R 5
0 W 93 69
0 R 13
0 R 41
0 W 22 42
0 R 47
0 R 6
0 R 26
0 R 143
0 R 8
0 W 187 68
0 C 223
2 S 224
2 W 18 2
2 R 1
2 R 4
2 R 236
2 W 223 59
2 R 127
2 W 237 42
2 R 136
2 R 30
2 R 80
2 W 22 32
2 W 177 83
2 W 4 93
2 R 6
2 C 224
3 S 225
3 W 199 21
3 R 184
3 R 7
3 W 12 74
3 R 150
3 W 224 74
3 W 9 97
3 W 10 14
3 R 95
3 W 122 51
3 C 225
0 S 226
0 W 197 85
0 W 25 36
0 R 139
0 W 120 65
0 R 8
0 R 190
0 R 8
0 W 91 68
0 R 6
0 R 229
0 W 12 68
0 R 18
0 R 45
0 R 145
0 R 11
0 W 15 64
0 R 134
0 R 130
0 C 226
5 S 227
5 W 249 23
5 W 212 89
5 W 227 51
5 R 67
5 W 21 44
5 R 6
5 R 6
5 C 227
1 S 228
1 R 33
1 R 222
1 W 9 78
1 R 231
1 W 11 55
1 R 229
1 R 31
1 R 147
1 W 98 98
1 R 149
1 R 26
1 W 161 57
1 R 4
1 W 16 53
1 W 27 78
1 W 96 77
1 C 228
6 S 229
6 W 59 23
6 R 6
6 R 17
6 W 139 33
6 R 22
6 R 172
6 C 229
4 S 230
4 W 52 45
4 W 31 40
4 W 175 24
4 W 213 56
4 R 29
4 W 30 15
4 C 230
5 S 231
5 R 11
5 W 54 40
5 R 177
5 R 209
5 W 16 56
5 R 134
5 R 124
5 R 26
5 R 25
5 R 135
5 R 66
5 W 11 5
5 R 102
5 W 6 17
5 W 64 12
5 R 175
5 W 116 92
5 W 6 14
5 W 212 85
5 W 187 16
5 C 231
6 S 232
6 W 122 98
6 W 9 100
6 W 30 67
6 W 94 2
6 W 235 37
6 W 22 49
6 C 232
1 S 233
1 R 65
1 R 227
1 R 247
1 W 221 33
1 R 88
1 R 2
1 R 152
1 R 3
1 C 233
2 S 234
2 R 41
2 R 35
2 W 218 41
2 W 20 30
2 R 153
2 W 0 96
2 W 178 74
2 R 31
2 R 31
2 R 150
2 W 76 99
2 R 1
2 R 195
2 C 234
0 S 235
0 R 166
0 W 106 75
0 W 30 75
0 R 4
0 W 8 9
0 W 7 41
0 R 27
0 R 30
0 W 52 26
0 W 28 100
0 R 196
0 W 44 58
0 W 20 41
0 R 120
0 W 216 92
0 W 3 76
0 W 128 69
0 R 19
0 R 167
0 C 235
4 S 236
4 W 68 17
4 W 173 91
4 W 24 95
4 R 90
4 R 246
4 W 121 91
4 R 103
4 R 5
4 R 44
4 R 8
4 R 108
4 W 84 18
4 W 5 12
4 W 83 30
4 R 72
4 R 15
4 R 244
4 C 236
3 S 237
3 R 45
3 R 8
3 W 129 83
3 R 88
3 R 182
3 R 25
3 R 26
3 W 136 26
3 C 237
